777
308945226 184766564
119356792 675646094
253156938 515937335
89864154 245601751
536475436 459644478
904306032 224630662
620980020 52720791
677739776 992324922
873578669 601658620
749050060 837164452
572900162 326161965
881283012 192041759
91485164 416403945
130523865 919098315
428081107 57911657
693544312 38566674
229296571 990986501
829463131 956740236
645181413 317881126
17483757 682377501
737669793 775237810
443594806 364264346
95419837 279049143
935701442 837403868
938251024 981445419
548325479 905043767
994554205 401103519
621730109 426081017
254651197 88644374
790497047 479977033
899406596 293681095
347668843 955227468
463661984 549248640
470833380 945292136
674285996 391434448
118013778 647105453
978068836 875983284
791477639 788331758
865912114 437874163
427336619 568765949
805366812 654098762
675417688 199069983
893277280 722031515
333679777 320607946
854797419 115292112
964530636 280731990
463038585 455068860
258515668 41782614
623020550 930392630
340746323 855844071
179192380 432022910
102058122 867381505
530550866 521244434
1051986 448528544
385731249 512006583
628458775 530898347
36137014 304855969
199919216 834205423
950497895 348529160
667140568 985185392
693391971 878216390
53932258 511066976
955014930 499804706
41173380 833020335
311807357 58405333
237902636 200995095
75225939 749374215
585944066 63239394
665625410 652379966
155880024 640458968
699192213 943568189
48183209 500601300
694733694 264956897
910236458 383099076
762033721 871353377
568164049 567805754
415489245 791455068
725186581 448617767
721664815 667896726
496450308 131168932
926936916 696193208
760571358 968259754
322312423 155248887
787418076 781649951
733770297 78662392
619083895 530624946
474541234 753344292
642065876 706842437
786099569 47474320
843612571 959847756
244462858 325383730
398159595 967447123
301666903 304840401
905650727 782476169
132214179 11416184
851400912 203651166
366077680 843366532
578689064 250801090
247559931 350878739
907830351 435001092
680857514 503192277
370126312 329194386
594687104 853234961
9264571 665911073
56516933 792285384
196667349 167257556
565158620 383615674
428974149 892534040
142787802 994983345
676278012 438146307
623635931 203732647
3568327 221430672
786731589 705439927
60728048 99914570
280840098 337560220
636700957 418011341
322303956 595078502
311559613 368697826
992636049 702459511
216766678 599787962
133066296 861946536
49281198 676341565
168812802 130684268
503789534 39341200
266210157 880902812
855716610 947905313
401715794 154233910
726272752 617695129
237959397 505636647
458169338 991195948
349640711 816429967
327796390 256466517
976161836 362494514
568999528 164320537
242524785 738468303
720407695 193571024
995812179 120528103
716380350 873670602
511063858 483503358
911357171 446661274
383508765 119165969
154729738 664540099
763956308 257823317
221481611 804432928
667232431 874863555
760558982 301736298
292073869 716686184
673246833 594468927
53391207 537147182
776109464 352237057
385334354 262140222
809962763 197758802
17271175 554713198
401616848 919806709
658769461 892678798
563832503 439214598
411520544 659013691
762866962 738180460
643617999 145999806
438815049 482863015
601336365 669083517
542788189 99221479
91733252 215504491
221160935 171962144
580218027 398680936
573086097 761518585
389758537 450936663
852529034 535909892
160673450 234502462
503274973 263066928
562085195 563803048
332700647 657181916
138832079 865995992
720676331 812860876
460369897 528684040
320527213 806117320
576629678 477888651
340857646 46956754
392553322 350541211
710589131 738562665
486558224 387807766
843329235 881228340
80638985 440982643
113316134 312092799
152695007 750632686
721476045 530862775
148262496 754819084
449890126 131693244
858629219 34286734
228633527 172318125
567112900 297440801
565379034 838094532
710833264 254729799
795531124 111679824
691492070 630604194
381106035 111052000
245564646 501474153
60177415 430252065
771813035 302622320
255369459 84840758
934470245 652340351
78601984 567987517
348545173 735019085
415611643 99348467
378788433 913224383
341863233 258695281
968758087 720106654
935978907 880540867
296187712 973630794
55825517 404383944
46445527 288197719
854212317 22086940
221891225 211478044
842592488 126706901
692509364 324624147
359022792 570725681
517776232 904836036
274088844 962302560
715256334 405861251
848884677 96424407
990121848 755093827
203445021 612576223
747857551 982687207
234051832 237373836
548220264 156870546
945481877 75073193
593775435 717026779
797670935 99751129
149164723 324632463
526514327 728559003
677316741 354847363
630540804 649462877
100170285 989359009
959022162 407524474
743330900 483309496
565026362 800082036
33716160 300237737
401727986 773069425
178266931 593819464
989987315 158976533
643739430 588284772
704786416 293746562
403447831 836349521
127881591 79123280
3108863 355023604
176324549 605748296
626371763 772158453
667491795 148901677
627633027 896165706
230852797 136520999
423857796 77101837
995067201 534867329
783844627 789858591
130179782 103033816
279427197 88603449
902755188 415589690
780917212 487040960
116335401 948848980
89832206 869767420
719237640 722863222
263058528 862541988
852281664 321030536
677915887 208842793
824097163 250426915
192553395 658954408
759436635 963837177
663255872 315722654
297135473 716503406
283097339 300455847
140091794 720181805
781414635 652721166
677113072 859871914
211268665 758748373
124782046 505117779
726191323 79982845
845104852 695975464
885696933 704208072
545226239 453893759
190036628 960812555
646715006 802922226
681755619 369348125
736719103 552793784
627502848 278559633
193677948 892362907
624078215 290018032
684703071 720594100
642198668 441250849
642722713 658143752
705167892 686778720
104032781 474392258
690961510 956278451
376540041 461012948
558634030 588389974
379972276 608998318
211048977 335393232
490623281 404833655
130136248 634646626
385380585 79758776
77036933 760672399
854573463 877434799
61471019 809326329
345875435 620310954
786656522 671566384
888177250 189235476
592303759 73517998
928731618 120163919
123452828 105591657
942651595 586606946
105765374 563400349
834770173 186697199
589824309 500553529
887572850 420867991
670638084 82027352
289805969 201902567
979656583 42648935
769294721 989133934
143245665 805240954
147352032 553127771
14761449 159102839
23152399 534856970
760926818 567134651
916630855 220843283
483171867 64976257
445323796 925555447
526152235 214902716
496183232 605114362
246493960 573571020
914842841 23377503
245941567 67733921
376892582 886957763
523121382 539854883
489010535 144439152
110691601 912700040
100665223 412427607
105940435 403823058
405783086 740821576
315543678 948391704
13908590 894164435
10421166 884524528
322616353 689747390
300858044 953490926
788112864 975100370
675400659 632652303
732163621 839115779
311111134 267398791
764838935 45664340
784723202 426467016
951263182 933698028
27127490 336707651
989271639 386626060
745043539 311340566
376353208 347988567
746270530 225477829
269901460 968370546
968610153 665612105
269736561 457327595
552308197 561654656
127624846 529491713
291129134 352761715
979842230 135539533
786700875 226500171
551900855 230141668
834867804 722325473
954920687 724855778
681669780 462257217
370242481 560048874
717639665 203731730
918006789 617591314
326315931 441397935
471306244 961518928
982465269 777816628
655330634 620736491
855423916 167070451
989386917 744950405
512163278 52232683
653033257 152283991
579540744 876324152
148441318 278587637
295889395 566036642
912042813 284495124
639171076 750211399
989672852 938511017
649770251 474174926
600195459 971044090
561023976 409144779
79749955 749190290
422631384 802781408
775945205 718821644
642203062 596470981
356300153 458771968
876607747 370788563
644822031 547663037
884246537 613198212
858295577 737549371
943488092 225724293
931969072 179892793
228078577 215444921
742842706 245340668
141536460 794150468
337270691 332627175
635325732 136086706
24427734 540192056
956718092 640002061
40066140 393330936
601814466 318836707
272074634 537642911
568263098 946003121
888594784 410766222
525529944 36258518
479104395 172496079
335095743 47959147
925546786 347225644
829794239 962283286
933614702 313535185
576320475 310109638
696463155 879877514
371806673 76923203
484308551 809882667
513353535 442879674
88559525 765190871
999417579 154558108
902657723 368267336
418767062 819679978
681995101 270743739
279023973 378612597
604015978 546165143
64465739 569379501
886664725 380006423
448734728 696277451
362163657 605141775
98471274 883827666
497785923 364347574
638123159 545814663
614233317 522352980
985709069 779872346
483707551 849229478
323271845 284227516
806907200 409502029
693089605 842525727
135773918 762861392
215847510 558409453
448903797 600402048
520387035 199230522
693278957 677165210
54816290 583079805
943436710 774726994
250584347 354091667
800844573 133496180
356526921 803746520
693695906 522296215
944405577 363744894
271615373 577109165
623962221 917939114
37226917 535006433
836782750 792713583
284162553 355689700
92438775 837783871
734081922 782540113
268988762 400388287
605113318 319357035
488654555 954840057
476741762 799043677
463065796 147914941
33017037 88489972
907285877 220385839
562620064 987396870
687527334 318318762
56228063 721753394
715087643 743937929
921947775 157846654
703097367 876098997
547359292 934294924
278601462 675418718
440930759 737770264
423388715 767833507
585837698 160449449
640167899 38221184
81099768 37723537
323320187 27459243
926997981 340512480
976390057 973341401
760386338 632332870
516215204 830904428
653939122 834895933
493295310 583906686
650762563 573184093
921552109 616266367
674571661 336035034
676581677 542574751
595583782 83467200
82126991 133370054
285208221 726802877
267109577 577216863
235718071 13977260
429580045 890896764
667426790 126817742
367028934 823714167
9434651 285407714
248167197 422637447
916713385 17107907
49165380 730992880
956697814 672514238
431486631 592423971
798880782 74747185
790442626 720573587
3089905 94408477
251953601 408852339
228402315 387823600
258552675 843398047
210131031 903921709
750391645 922606304
184993700 731381406
435374038 633210044
641976891 20458754
945523822 451113877
330638047 487240921
742011695 894935483
395055807 752669540
248492655 996744294
307603454 410876955
956308910 261452314
484664168 177496132
199474886 259913316
302210238 708576032
952212381 835990517
94137959 913709865
986575537 456873516
179568406 155418346
763322985 19468771
60988901 886506644
95821011 338728654
894462267 204025860
913674885 190350001
758105715 556007849
736166153 812812626
402682919 322109765
529631541 820183931
458760753 17098726
633904548 526056452
698671831 91960517
77668204 70672986
275739828 332872279
262745668 783515741
360958814 519200042
657704419 533814727
920151488 126323269
499426403 346271504
902856766 993115637
138480737 638961397
258802444 393164079
836301316 975805259
135909558 68816355
68451572 827552072
93062989 702238226
182200950 374746557
558267629 972893678
965153556 453504250
383975441 393859150
931801018 506881056
378194453 808565152
712534261 979709394
983014950 222808076
918972960 26969959
772498596 412105099
778871503 35463509
172364147 709406116
590916522 853923930
946295918 130315685
722196357 346144113
258865395 155695782
194445089 457296268
165232592 15826286
38216310 813747349
27869456 624382162
74135116 386953406
573191943 961201028
966081922 271492494
572094109 447545390
282889335 627183584
595250709 899919424
454247092 957616309
150121820 414122360
765116397 695271267
24629768 247341451
533876752 803051596
994707860 886359447
267617852 162892620
507085994 895618193
379080276 309786742
85748145 160834532
12677587 405811308
276853671 588521493
687320563 647480805
600868892 916108120
721318663 755737457
623164514 808492116
277888431 660142405
161507677 331455943
740319738 297116346
218266104 283342593
661316830 629419675
785780472 154206994
736282944 426549247
643506944 210990975
763372683 498399238
903535358 552268201
261640439 971073040
963136251 146134541
974273201 221587656
664303124 196877802
100838820 370719731
637368623 759302994
986006381 102671756
548659435 390017866
393098886 162936177
420558251 954071239
433818569 612312038
59828272 764909803
498388258 64924318
435414525 34750425
251106034 428959990
999084712 468541071
765822405 196003307
641353307 428425437
152204497 632400028
431139259 68224032
378677643 879744914
558790518 651507205
843268711 427622843
148833036 620127262
401700633 753030174
489765535 459849309
596139360 266944488
813595922 995739462
890210600 647019355
473773136 16632732
657954638 790991643
632619746 930385249
163580431 222891180
361351612 790184461
835157019 453210385
411832191 888916806
966410690 80427297
78182520 361517160
695858665 352445669
935896762 400446261
234968800 932321535
116816359 831070373
499437657 537835757
584955728 983651833
239319889 391571286
384543130 232183895
847647393 613075958
22575484 534666348
846966033 867001035
104018841 699905151
659510944 665323245
922483589 697720138
417306935 685309963
997190305 254105117
571491659 196813847
102458203 244358449
520079098 392447026
460300478 848227751
272680818 8180655
797453193 237290379
649842483 320791716
766961537 394427435
169745008 881815967
648875597 219851818
686072726 344394389
365364966 160453752
944541512 626406181
627967228 267925762
854999706 463828758
105180316 475085461
740609224 503999181
845224544 252561144
913296701 545273133
23101771 600015660
171063826 547889753
668618340 498277015
558341924 60924864
400243511 766736092
195267573 911011228
272829459 107907914
44655120 794919425
444318172 14682767
397292606 498126684
962976192 375872269
273525497 505812583
164958540 660793018
839756366 594177654
837540103 371619623
893842323 642112812
333533603 240498511
98869754 968803386
518078476 574695849
456024620 780127024
294668699 623951416
401024291 517882748
593961168 914837101
762815150 537059533
112514118 619092212
283513956 636916598
973060403 593443950
822010811 190559064
207623833 701042230
786897889 616820630
251294141 310099707
459534510 463470343
913009325 26228750
312046266 185215699
610386410 753527672
789286155 119373300
374223314 912417121
199635092 558909135
172579576 7802963
866290427 809780525
366760367 307867612
389220955 705118135
222494622 485308340
661537603 163316095
42550736 541275152
845456884 196776897
787328639 74235622
640925050 496777790
691528232 708528958
47824045 864202483
284566470 627521065
741956322 616316714
976927519 273438549
712002524 368223934
320302542 4359635
715629154 428640270
148075480 27338953
953442240 201156325
368824380 975620949
107672811 874158921
575965113 182524365
970273120 973743751
635716916 36815612
266054541 100266307
1492041 290304911
124766200 485851237
522152914 350287198
604442301 727213166
862668039 157345908
533104659 44352653
897208189 988675902
23509140 622080114
914862405 862380288
771395451 26571027
908617982 117250237
221136343 270132685
436505915 217235413
322329925 569797121
423377033 173912465
690957241 96774100
430903221 416781588
148761275 232573866
30929306 962995447
64406509 173545772
530934206 617524899
746964334 429505733
195779012 74618796
720079988 226371313
661056033 185905457
671568698 126265930
311519801 90936065
968027684 211331945
55795863 376964078
242986562 503528826
176635536 679478632
495224878 202788662
879025976 177008684
860551869 387368086
