50
81966 10658
41431 63763
62276 37939
97625 56555
18485 42070
18575 54353
48182 32480
19567 43523
73574 33673
66779 83777
22133 69006
2548 99726
40905 993
94095 28452
14428 79441
16425 20544
16746 45930
88705 36839
6158 99671
58686 28317
2678 21448
76009 20978
1838 39619
95319 72921
68537 65880
77603 99930
30172 39387
53993 75276
77624 67881
35543 24834
21602 43526
53939 2566
86368 77877
10534 74664
78588 68126
34276 48573
75714 11186
78988 89328
66661 87184
85499 82412
52493 16182
41410 71494
68767 8448
54845 24676
45409 95694
20116 55732
10416 60422
11776 1319
20215 90693
84899 28839
85
57688 52679
67329 93456
58974 88090
79029 96903
27683 14470
54785 82063
61725 17001
49491 37540
91117 85819
51699 15724
3143 36501
86498 99926
46108 84107
81708 54646
6916 38735
98406 67826
87682 3005
3479 76465
26201 79657
20963 7388
69961 23316
20351 20938
72621 8569
13529 74329
4613 61757
60490 43663
86695 69382
90241 94778
12187 46219
73195 43569
96419 54881
72497 75461
31046 4142
31102 50811
76831 30965
22617 65184
14859 86199
54421 46023
2909 51490
95756 35007
51228 68612
5049 13614
39745 78329
91749 91277
60353 53563
63396 12449
83715 26815
20431 42707
70730 11220
47220 83107
35725 18641
24053 54412
96128 41436
13606 76556
6239 7600
5157 29625
74085 97154
18861 88338
17258 15455
13763 79388
3735 30808
90794 46222
87326 51102
95024 50369
41582 94258
33802 77809
79806 56083
57369 3421
26555 99952
2117 30789
89546 34583
26073 97813
43099 27346
85151 27463
58082 5911
60877 35460
13770 45933
78055 24786
18507 52715
95683 31143
8396 37851
82939 11662
85951 60848
91076 30458
94033 2914
172
6244 2637
77907 99873
4525 15085
72863 4744
99872 4336
35605 30018
27879 72537
64060 73334
15008 94153
11781 66497
67836 80965
87692 78979
29072 88259
61402 5576
87144 41627
74160 79704
67410 17405
62303 35724
84353 45844
59573 54533
24563 38227
25671 65868
91876 31274
78635 21617
8346 19377
59207 19064
24965 56294
68549 30028
87388 83758
72690 97200
71246 24526
6070 92632
86506 23448
37835 7934
33977 60920
16589 87854
37346 79748
18490 24478
51717 82277
11130 79514
35585 24828
28542 77633
39965 41182
86236 31607
66800 43531
28100 34484
97842 31002
74458 88803
29249 73215
13201 51879
94991 16207
14504 49385
38069 70360
47431 98942
57049 51821
92349 3946
20012 32634
42474 4640
36766 46301
57961 90280
763 40916
55632 40261
62833 2113
41036 39788
6385 89142
60624 8125
72163 79561
73517 72239
36481 26451
54082 10239
51712 4229
32399 5493
12843 93548
81603 57521
49915 88004
58584 44881
60681 31185
693 96379
53805 75475
56378 70757
48395 63340
32675 74657
32805 71400
46861 56049
38147 29854
69646 60059
47248 17678
49923 60685
21000 25510
12589 14947
32559 88849
45457 86839
13620 94857
86547 70355
35029 76758
90568 26689
13286 70812
63858 8958
63578 76788
28293 96813
6568 94075
60406 65291
18335 55530
65791 24126
40227 15572
67980 24863
42984 47309
43060 77569
63430 10964
72287 44321
54730 34445
77521 8344
96455 28518
98768 64784
70749 52191
64886 46174
53441 49424
84352 44340
1629 21185
35845 51123
62960 71656
64017 60183
30261 41524
76966 70645
91504 18627
50562 89992
89833 55658
77358 58616
44210 39619
72306 99501
95456 42096
90744 51837
44957 16042
7211 78250
2514 14840
4681 89944
1678 31481
89631 3882
59315 86245
18442 83659
13074 83532
5916 85436
49724 77084
90392 61737
13781 52964
81236 43438
58357 81458
20510 92514
74869 37902
96484 57191
75244 32016
69830 48358
70451 58768
73152 62600
20361 51160
66237 30139
94887 93879
9942 48884
81235 92991
42030 12851
73359 37945
63772 344
26339 27813
36964 34045
58993 62602
44501 93155
61831 8224
19092 67575
20336 2337
21251 22529
37994 85574
91944 61061
11
53272 1714
74259 96736
31466 80442
9174 44824
17831 48863
48589 72579
65637 76638
1079 92
57536 56039
6185 74683
56397 71440
194
38370 64595
2496 51166
68149 33018
16441 74748
57753 93187
25701 25289
97312 10376
18645 31845
89438 16226
96504 58794
51831 3900
56485 7774
10332 55090
93238 85008
97364 84909
19511 14565
29378 73369
24444 74606
7025 59908
38400 35685
83347 70447
14560 13587
28835 73390
36459 67036
86829 86080
3760 39013
54869 81432
81613 8719
62967 52247
31929 81340
24527 96917
82364 7832
28365 95757
5699 16435
49145 57821
12050 65387
23351 12157
84217 93005
99049 8338
43884 19273
78614 86528
29063 83484
48442 38916
4223 81141
35255 16686
94583 59397
81339 6496
28364 203
91293 85596
54120 44186
9206 18267
61093 85447
44900 89598
89690 16485
76647 84163
40773 25937
42948 54609
95859 91683
20784 27564
63468 43619
50914 24111
26200 69560
68161 75589
77210 98028
11016 71447
24089 67162
12376 3029
40042 5041
35612 8241
48766 88811
78777 84060
97615 92477
52968 47545
64005 83123
54838 3427
39998 62767
47133 88275
52934 6249
71242 38691
19899 99324
52517 59543
97046 71938
90089 84375
76055 20352
35469 33917
57727 74558
10381 14449
9162 92929
8142 38675
7370 8438
70757 80800
32049 14611
89763 74512
298 58501
53054 52070
35073 16897
82196 4952
64324 59563
55707 88046
60389 17357
43786 93954
39859 61268
24435 12129
67222 71505
52865 5162
23508 97430
30671 62504
62489 52031
18334 90026
13916 48935
2813 9078
84964 35489
15073 62194
86482 82189
69844 19078
2033 77800
58185 38370
93292 53895
54708 1751
30390 43674
76589 39635
56287 83099
62184 42704
86242 16041
98550 22261
45357 16710
12092 6241
10484 1173
20469 99559
89219 65700
21879 36070
96090 82219
537 44635
15566 36687
14825 55854
44469 99163
95965 45037
64640 18686
49396 26148
16076 6649
84914 60980
63618 28014
57668 34403
48524 6956
4355 45651
70267 52661
79310 71801
16587 41695
2000 18895
38612 55994
49518 44192
52176 62911
14866 77960
48622 50612
3838 96231
29292 58440
93151 38536
70352 14850
2249 94797
89328 93166
79504 9392
24870 48663
38691 525
40474 23846
66145 55826
7241 80933
69518 47619
82335 50882
77869 91174
95701 92410
36082 88792
33041 66985
87043 67387
53880 73137
5686 10632
81420 95604
36813 21021
50998 5980
68748 79980
1731 24359
9119 94046
49815 84279
9123 6404
73519 98216
1898 16013
85642 28867
49460 47976
59123 32691
57802 27781
64208 1940
76248 35601
95147 83543
69281 71972
91569 26747
