982
10016 73890
67965 35007
80791 27187
81713 54923
91710 93270
5656 5642
60217 28500
61173 99384
38941 24712
54871 51130
19346 85702
4140 2198
46853 85939
63995 2981
62713 26028
61666 32169
94137 13354
67522 35860
96947 32512
28431 57564
95453 90372
5724 7451
94458 72442
1784 11992
81792 54941
80188 53194
54955 66692
86454 35752
12664 77095
11587 52837
26633 4174
50806 76229
66612 59059
74468 36354
49320 73446
11677 18530
3281 14940
27652 87285
52647 70219
18011 49818
90644 88445
95485 2445
70767 28458
5755 37326
30020 13797
13920 12151
45640 41466
39569 29343
21351 72793
35866 51272
13551 35484
58887 75677
4092 73504
10789 92096
27103 58022
16046 60889
10188 42364
9949 11562
35124 67526
41471 16572
88011 21940
50309 54297
63208 27769
17221 82617
14652 30400
599 81742
1249 96696
69511 95742
40666 41790
30992 59557
45628 83314
66221 63276
23178 8043
92683 11891
93859 50769
15852 48723
98272 34920
82619 11603
63357 58140
91293 47645
58876 97382
38181 21931
12569 97438
62571 1475
69501 28942
98577 35215
32587 61377
40717 40693
35245 61090
35500 84023
87782 69221
10778 35317
4483 89041
6105 72517
18038 86037
77203 99001
14604 99480
67878 11899
94500 1742
16840 44830
57745 78008
10800 56962
84033 47616
54339 76700
55067 60696
65550 23413
937 234
81958 97464
9074 84268
91073 80292
97148 92384
20463 74611
15758 4963
29233 8636
23247 84259
10489 2312
91825 65183
84576 36274
83280 4569
22678 57924
80854 75834
70713 56536
53011 4440
89779 64489
61008 17780
14430 54033
47484 8777
47582 48069
44302 59563
12094 41672
85428 62841
45489 69260
4928 48258
58366 77148
10756 37707
91733 22097
50188 6440
6152 53950
20169 16168
47839 73049
10368 47919
53533 83744
57593 67520
75132 31534
3428 6544
39254 7886
90220 23510
63112 75750
12975 26576
21663 56067
59348 13161
42546 87813
41838 95123
88110 86046
58412 56252
7270 19554
14064 14202
41418 27584
41423 7961
93296 13466
21865 86903
12987 53651
43906 81691
76489 57017
27649 78801
10935 66690
4826 35259
82758 71161
20358 45223
24632 9183
31718 43099
85662 4723
11202 97595
6547 73677
98459 63317
99170 92560
36629 96461
71732 35314
8389 74858
61333 98650
53495 97104
52228 88756
932 43915
78429 35286
17196 11929
29805 56856
59931 37874
66518 22460
35756 66456
57273 97620
91100 56935
34231 51505
24126 51110
72815 96711
143 20314
24727 7662
12628 50909
27743 87697
3289 83244
44235 59755
71740 76763
80831 68481
83927 54926
6068 64390
50358 952
43972 28665
88494 72957
75214 34667
49899 96044
2232 96692
90533 32793
54803 93799
90834 97498
2370 44387
85271 85322
53197 33353
52398 15555
94371 11174
62255 45232
59584 79329
50201 67930
67447 22152
64941 12993
94989 25670
53539 11814
42237 1749
43132 84425
28310 36048
35688 94664
14123 62841
47827 20143
40332 99517
41204 33796
82904 72392
33955 49543
77791 82227
21722 8824
78050 53091
97590 66337
7134 40971
26756 56414
61457 1891
92475 92078
48841 55895
97118 96319
97955 58861
48292 56035
98237 25371
36564 28772
71166 4326
76997 7309
86787 67463
81987 68404
40283 95538
70303 90929
67748 20630
91708 31396
82201 76024
1787 7027
99838 44998
41452 69855
57501 60560
61739 30342
79216 64988
71616 18215
89112 36622
12968 53282
86543 45640
26360 78189
89906 22662
8180 85277
34351 52824
31457 97696
34704 34508
42601 93216
30118 98160
26082 82750
50110 42118
73219 389
2087 59402
16941 42782
43458 85655
5118 95788
47591 77017
61564 43271
95599 85489
11314 97306
43818 20018
36590 84141
83472 50975
12867 89402
70212 65684
47652 26302
99359 8955
89505 42469
61743 62644
24909 15830
17639 59867
86965 68610
76357 80584
62145 57341
1735 65560
56187 74904
12650 33360
89817 60715
30764 70720
50620 16382
4391 12710
6730 92316
81031 59715
87317 96503
79004 37821
52005 63468
18200 79597
72249 35547
28846 53003
67912 51719
27088 14003
49025 64755
74541 97354
60843 88414
98261 31549
81101 64129
74049 16254
3846 436
59045 97926
91011 60318
50951 54894
88003 57855
84282 52099
82313 8707
42731 75144
92731 76684
91418 4570
29334 49599
69894 55927
86026 22302
97537 40405
31513 96277
97241 28206
72533 6593
40803 58732
7857 30107
52695 67951
727 59312
23703 17491
88155 30454
97530 4853
77958 87943
99834 59577
76963 93345
44017 51318
98725 25742
18640 13633
84816 40281
62057 10782
32743 53918
20007 55111
42506 79324
46125 13447
58847 51324
34161 36965
88043 44720
32300 77333
76535 23931
44370 13951
42459 69450
58733 30659
22069 48699
79884 14239
28085 96217
43973 19014
28030 88644
46492 69836
99933 99870
80105 20483
82587 24255
63590 18035
63170 68468
46393 40687
67331 25419
20012 49603
90379 43680
47094 6686
83106 31330
68826 3853
62671 12163
65007 53692
21394 89755
46599 12591
70618 7557
72466 43840
75133 5974
46944 20649
27333 48089
11456 40322
53802 73873
55405 81720
68741 88233
35545 2849
48410 534
47282 91111
10426 11594
51289 26093
10602 73812
94193 24193
23831 99672
18310 25938
7642 87248
93412 44185
22420 64015
41400 73267
17278 73912
42655 17182
68289 75889
53404 32128
92044 96945
33076 89968
43128 89147
86916 52087
2755 94302
48911 90694
87047 33173
58525 1543
60680 58455
97963 53338
53307 90577
17990 18717
75464 7739
11584 24295
88385 61967
79504 44796
6771 90704
1958 64199
49372 60688
92738 12211
67965 84484
94272 56816
98494 42481
94657 46839
58482 69932
63791 92497
7426 8223
8827 37550
33590 19214
92749 55344
40569 88206
41407 10991
46720 57762
10239 41905
56606 27299
84262 17837
5481 41039
86098 80019
38874 56679
52896 46816
86867 94171
58096 36641
63490 15482
93817 85975
11736 82794
94409 10206
13854 58387
67830 35780
94667 39367
29380 86788
35700 45995
47117 52585
40257 41554
65451 49548
211 52539
72799 40572
89633 27664
51177 6904
27698 87454
87192 13573
20544 73520
83912 82441
53963 7646
33605 94304
79674 46013
35328 7963
9772 41854
1481 76117
54846 43267
4344 48518
85563 22566
34887 93807
13609 93053
4316 84328
86160 83732
23314 72745
60475 40381
82932 71060
28679 45048
88641 52386
19114 39294
77892 69304
73010 69866
90925 80143
86460 84786
89714 72812
14374 26639
26449 80937
90374 40430
81809 13998
28545 91867
85128 30852
42008 88321
38407 92803
20403 62185
45568 19193
53340 24645
70217 7124
48428 63934
89841 48296
28704 53949
22467 19757
51235 75817
66744 97405
47514 77763
22931 91155
84642 37403
3018 47590
92065 92742
56748 270
93529 78646
11698 45044
12699 97885
88177 27537
26253 76380
17535 11359
39787 2505
87110 87939
41292 54944
64928 56553
96424 21039
89713 58491
90882 36183
10642 17202
10173 79321
48765 80393
23648 24732
79278 52700
62077 41972
37150 6710
80641 45579
9025 39019
71268 84885
52843 51782
63386 12773
51342 76857
28335 41219
29612 81356
39799 60805
13291 51014
45436 9521
74051 94913
8546 25671
4333 11025
26449 92547
55979 99454
41406 53724
72573 89307
91903 32707
82842 43851
43242 45224
12288 23973
59703 4355
18448 34471
34609 29765
34647 79851
24077 62091
21332 43161
5815 32485
58462 64794
13934 24494
52711 1049
52876 96501
37102 83039
28275 36942
45380 43374
49118 48554
27531 98156
90258 4905
71707 38181
64383 4640
74903 27913
51510 53917
80874 86415
58990 34377
34321 37615
98130 765
68585 91587
35492 85703
36909 88264
99632 85002
99371 55116
71982 15274
94645 97134
80654 44962
83646 56315
11890 52270
93733 7463
702 34289
75522 29950
39675 33773
97450 56854
70243 62068
5950 49249
94321 7316
55527 4393
13669 96041
81331 1708
13220 22092
64911 64328
50412 97671
76066 21128
95391 10472
74652 51452
80608 90894
25444 92410
43954 64573
72341 20729
62820 51219
94604 75258
73819 2544
49159 6945
6425 17069
67564 56778
98629 53486
3702 26642
45916 70987
15285 22269
38432 14162
87383 33749
3401 5618
63644 73760
35054 18398
24220 35698
20357 28350
188 40480
37700 57301
84337 83109
72261 79209
26384 39809
94969 47962
7483 56599
22308 72920
36270 95302
54639 19654
81162 24510
53908 43083
98387 69735
69511 22375
60063 41821
39179 75300
72722 71834
26941 17532
91321 98109
65054 92977
28975 55133
72587 21958
36183 82325
37382 2722
27691 66211
73002 46685
2148 10401
70690 34318
24565 78517
41727 16290
74453 69260
63460 57745
82475 77997
87867 16232
82811 8462
68056 70118
76821 32089
50061 56723
42104 40762
39337 50849
29967 28548
26267 96792
4772 49653
13895 98448
28520 49706
2142 90253
27947 19852
79766 68460
53429 57874
21913 57371
66290 95733
86475 5190
3693 72144
64340 49901
85320 52519
43724 83222
73655 51754
39588 7884
86073 87231
2561 83896
11496 5440
31061 91107
36037 80425
94249 98488
81856 79235
19271 84498
21235 22842
29940 25702
16672 69232
5736 59449
72658 20358
10780 15283
12494 4230
20847 35154
62695 17450
57256 88512
31521 96989
73443 86485
21880 32027
64235 66303
99462 84377
40990 49363
33070 35115
14313 22453
57840 57926
48601 44476
56902 74097
61924 97110
28739 60461
35019 60807
67679 45505
39187 4174
8961 31090
96844 54847
24492 48895
73249 76225
80650 99890
72197 13976
74782 50953
94791 9630
42268 56311
77704 96120
44104 783
83702 56106
77556 81162
14696 50438
14239 1517
59635 29428
99117 2322
68456 5530
32005 57658
61816 77897
52234 48444
42831 74098
33643 13327
49381 47758
48254 83619
52539 96869
87694 79578
25648 1592
65893 99252
54823 91424
73447 55948
1870 64793
9787 70286
69096 25730
49079 41858
52823 87174
45216 56278
12984 45434
11514 57834
18374 89261
89259 38278
46646 60166
56408 9653
82122 72461
26874 80674
66236 92877
99247 45773
32527 32634
80330 33342
42499 26369
23876 48973
66034 34377
80180 73098
93897 97508
34642 14301
85076 13277
85277 84437
43614 17226
13090 27704
71969 9469
27753 56106
56956 75494
59611 81987
4579 32253
77913 22626
79986 8513
13033 29756
82234 64072
36580 57267
96447 64416
91540 87976
35943 92827
78228 71275
67472 28929
63478 66982
21147 64890
51581 52550
21003 62606
16738 66251
28818 22351
8845 59122
98741 20113
33059 50874
29196 72571
50361 18637
80167 61501
76410 60761
78304 89936
46487 18282
39146 42744
17232 26421
87776 85851
10413 85468
29821 49853
88139 26707
3337 68293
39354 915
26195 61769
92160 90514
34361 92656
2555 49125
64706 10617
71101 91014
37040 41122
38599 94950
22821 13050
61536 69157
56263 10130
37818 68683
12439 5905
1825 74305
97066 6262
98512 90482
57022 8235
96844 77660
26540 58954
18025 15657
97019 41748
31289 43680
51547 2421
3015 25422
97332 51068
17822 73532
72361 3297
77707 24844
33503 12224
77571 55135
82347 51697
28340 40837
30504 98306
33350 80933
24585 89417
29316 21270
34005 34020
68591 15831
40535 12959
53023 69271
79737 4194
38305 33383
2284 57245
64539 24626
54714 35362
45624 93453
33536 21258
33810 52845
65963 40170
11811 5672
83408 66206
21660 50270
1613 86936
69463 87581
38652 10589
88818 55492
4399 5463
21035 80748
59905 64144
26880 19637
88999 20450
74607 73451
75569 68436
70338 53885
93322 19961
43627 14424
88361 24472
19913 72812
47255 32008
62319 43986
62090 6388
80403 91072
6014 90258
77673 67875
76510 16730
75297 29230
65011 2167
35322 13266
15072 70042
7264 70876
33960 63850
39689 79004
32849 77884
7055 30472
67239 25743
42586 29108
7669 76489
54107 71307
79535 99365
94618 57582
19332 8780
65788 50379
13472 39684
40832 73425
88280 41599
93222 61401
4406 48502
42492 55761
23104 59235
96938 60263
98249 81860
30953 74557
56092 65401
370 45779
93527 30637
96523 95700
67916 67261
72304 9092
91362 50143
2485 91745
43009 11927
83846 44073
16924 73877
77027 26955
33750 74224
6373 40386
17277 16492
8481 74110
45069 44049
89216 74350
43912 54709
91508 61503
43379 67525
62167 12029
72925 51790
18008 55650
94427 62215
38619 1824
45960 24912
28378 61858
3466 64203
18632 42510
19958 96810
13003 69406
28014 59753
25693 7737
93757 71118
88778 31574
31785 34928
50085 63844
79591 81804
58461 61226
79109 14968
96024 20752
31899 4529
2156 33253
14287 99951
8471 42029
17421 80735
62619 98630
14764 71614
75162 45512
696
61511 26794
61241 21022
1549 18792
79181 32264
18062 18258
98951 40702
97627 11679
39798 37123
49164 25579
51517 32944
5668 27838
96451 51278
32197 478
78305 65521
78937 81741
49729 37485
22275 77376
17403 62110
84139 94575
33852 22820
11787 80268
17576 5137
86212 9378
23383 38076
18005 78078
33566 43756
331 14220
36661 28149
21297 17904
25072 94111
50893 50141
74510 35292
7428 28617
83984 60332
37291 37965
6832 73679
65690 1293
58776 90151
91964 8718
72764 6800
1526 61238
43725 12
23414 49628
38548 76209
4804 77313
98755 11568
45512 80533
73604 40635
912 61622
873 85200
1812 40690
55689 22664
29662 57124
74546 47079
10510 86684
45869 36749
75595 95182
1802 26533
27307 52417
26439 27740
34389 84804
75462 14145
26300 74169
30165 70545
78059 17561
80244 74270
67554 40459
605 18182
2042 65266
44031 27231
70769 95149
8410 5604
93299 87403
94657 81075
57579 38029
87683 33855
78138 85584
45858 29658
86578 56162
70034 92678
64583 97927
87552 84236
21006 77536
44796 33392
723 37488
51176 35642
82327 8050
66116 40690
39220 92010
552 85536
60810 72903
8392 66598
30282 16270
88794 73731
65901 25566
85653 7359
54657 28231
79541 6204
91372 16842
5352 64789
2784 95616
39078 38813
40434 57986
49229 12330
65638 59477
72892 66321
19082 44504
28099 50912
72278 2078
16900 63387
62046 51375
46627 24529
82425 8230
58610 99956
63264 85112
47540 58107
73715 64560
32077 37027
80923 10202
26441 54487
18371 3332
62575 61556
89520 31989
49249 16738
4993 40137
27519 29507
3887 54234
30952 61923
85232 33846
73167 34177
18119 36202
48464 40703
4022 22974
57250 22080
78187 73008
6555 64598
77136 51174
70047 83979
34216 25120
36011 9959
6707 39645
92584 3938
2603 30872
33669 28023
81423 3174
24109 14114
79913 31911
95598 74373
65786 34747
70548 95980
34980 59528
2455 40334
39905 96370
97485 84845
34883 28036
73173 51221
56149 49192
6132 22721
23765 54400
82525 99545
23531 32305
8746 22839
32264 5549
22402 65789
7157 44067
12948 13893
95942 70760
3921 2965
66706 85788
6212 5502
99318 15970
25275 22066
78787 10544
47008 17049
7052 33264
27598 53817
39574 89484
72561 7732
31173 365
50389 32789
4666 87557
82744 34537
18406 91503
89911 97175
41587 20532
36507 81042
51837 42718
47970 43622
64632 25723
7498 66331
19585 99520
88512 94461
21916 53309
1587 73365
7764 36932
90068 46694
61161 4723
44690 32783
86413 6275
44664 70524
50457 19564
16345 65677
76837 16365
37597 37344
9433 21087
56220 31322
8389 7972
33310 93852
37231 40034
98813 34979
72753 80266
23871 7185
38365 31358
3107 57621
35106 12275
1575 18858
68414 34423
97939 6590
63154 52447
34826 98171
86749 48696
41981 53523
86920 41321
35819 9997
14685 24425
11720 17155
15934 29491
32426 53893
34830 78326
90674 74617
83756 89872
16635 9
86540 17592
88318 72538
18280 93071
88925 84315
87062 199
73692 22613
28312 14056
8000 29873
76688 21070
43132 13675
48558 54468
1800 81654
67336 47964
40156 59725
20127 91095
84871 48882
89116 56890
29668 46234
51695 63885
13829 93957
39311 33394
21440 87394
51613 15853
64207 37673
3580 95040
55195 62531
56571 1214
42019 28699
76099 35936
25681 42385
51470 5101
76530 12873
47851 94775
28274 72392
75475 34875
99934 91935
40988 30759
20645 90869
83212 85630
20586 71972
16966 1753
24142 28466
98185 95118
19198 35366
9590 31944
27659 63452
66226 59439
38294 11754
98466 40437
4606 38562
62272 72036
88204 83213
80874 523
43201 20721
43179 96026
8159 42128
840 12387
5851 60867
15462 91723
47554 44448
2643 10174
98865 27265
44899 75060
81414 25031
34647 11913
10826 52885
43974 51293
56672 60681
21502 26281
42635 40324
35458 28121
21207 16384
55796 93610
27972 2191
95210 66499
44400 898
65438 26600
49510 75608
70968 71961
25061 56914
75928 31528
77123 85453
16658 87490
4939 12320
14113 89291
76729 50828
41215 53848
26796 66204
47892 64134
28653 15264
231 93187
49999 71321
52908 20512
7494 82277
26003 91510
44319 39421
43234 21669
86682 75709
33877 29172
4738 49937
53570 38908
87231 80020
60176 46740
2206 66565
26696 79690
31040 46240
49771 81840
83519 97228
80604 24386
59916 41859
13388 62656
5132 5646
89984 23526
48140 12903
77761 31069
92637 32876
62996 11164
80906 70591
10359 97215
46859 60510
68485 65473
70144 61208
78202 75929
1521 17692
27804 58135
53447 51406
61977 54935
5968 42738
39657 71393
45962 55269
76044 73863
97740 31406
25079 42805
74605 34420
13185 20209
34487 54899
68058 23338
9539 73391
48487 33325
1696 34148
71899 48256
732 69872
62221 89282
81216 25954
62205 17077
93790 19774
79943 1196
13852 70073
71574 85956
36534 79603
5171 82424
69556 45574
24988 96823
2203 92293
33167 80626
91400 31941
12093 22015
12257 11543
3556 57330
90177 17135
57529 92052
81029 9506
75165 42279
54828 25737
58031 25721
51621 79769
52772 31945
91653 519
74701 65928
36957 36203
85658 91811
33335 1243
13559 26762
30853 74511
843 39751
80059 14936
47242 26886
94602 60125
44642 64715
28053 18392
52640 92938
76032 28490
5497 33519
45144 10698
66867 84446
5429 67879
12083 35968
60063 65602
27015 89462
6603 87981
94809 20387
91294 4159
72134 40067
77461 21526
1241 81027
17058 17453
49623 29212
89161 35118
3374 87825
71351 27887
48356 14819
76346 70378
81650 32439
5139 83436
47801 43362
93484 95377
56325 20665
73596 23304
5277 96752
9720 26307
64654 19414
69337 82307
55484 28294
94559 4438
64904 17439
22198 44350
33531 26868
66304 13126
98614 93469
53991 58076
80697 8814
43440 89704
93245 2972
98374 57127
17202 24516
22807 59915
46463 57290
97176 65115
5811 47063
1181 24938
13068 55599
66835 83734
56388 57041
53302 73459
82800 81181
9411 24147
37729 34617
897 86204
9620 74149
69801 11070
75184 16271
37840 16823
88401 76185
70363 11136
31877 48930
45134 96770
56073 14432
40873 2960
81671 59548
77155 43179
9742 86829
80178 41007
13102 75850
42100 84335
17885 32035
52327 29500
65607 46168
21143 59553
3025 13637
56674 9272
91969 34344
55716 14637
23036 24468
2674 19897
27806 45350
11073 99742
29717 58517
67341 85989
86333 85787
86127 86276
65074 20309
17918 75493
64212 8286
30446 12976
57755 16968
64082 73054
80251 65451
45186 71821
2046 29226
90725 26962
72980 91926
85225 67866
89835 20909
58372 47187
59127 21833
91335 9775
92120 53860
47044 31979
19875 64174
1911 4642
25645 28916
77163 15689
70946 6212
22387 97241
9482 90855
65196 27038
76687 62574
81371 26301
13316 22774
25145 33178
22749 8092
78949 21679
51439 24422
87578 44449
44807 56972
78488 84157
24903 85251
42545 2730
45935 91172
15602 77073
72442 75727
52041 41457
91380 88893
41009 61404
86917 49953
3946 26568
57841 64812
43452 80099
35614 59976
95761 63993
30845 41451
26996 95734
87456 31776
1163 93648
64628 8968
49810 5333
92813 53156
90552 2210
23794 23548
57403 6016
36060 76432
20620 94930
19920 58156
41452 14691
38526 5052
78912 37249
26882 81664
74256 82796
54901 23685
59179 62768
68876 72406
49754 63948
18483 1393
79618 16419
44578 24551
3989 60013
16900 79626
62249 99878
24640 66478
61208 23331
89395 57788
29300 10450
83024 81445
20175 40022
6701 92138
31574 88248
26166 36095
94327 81723
87872 77778
29990 40120
60982 23204
8778 74812
27919 27012
96309 89061
28683 49168
64062 68582
67885 80480
97981 39889
20283 52570
84694 16755
53029 55362
48403 44041
5843 54705
36678 52392
91130 75625
10145 77009
97611 3435
49005 26146
50882 12753
75118 31738
31845 83339
25814 33068
49962 74891
59191 42957
15018 47730
3126 64698
62331 27286
94642 31131
87439 19277
77632 56710
13075 75382
97254 64726
59147 54105
83428 71484
96994 28869
23357 76487
62259 52060
25011 31338
88109 82194
4762 82584
14917 40494
43760 4284
51688 67257
51372 16363
98241 99900
91064 57
303 70175
41087 3924
86050 16909
53609 60124
44657 27165
98048 87828
8060 77193
7555 56847
2116 26048
37222 89465
18105 29637
58735 66629
20070 34593
17563 24439
43055 62254
29179 66032
89177 57944
68895 45685
73330 19429
17142 79719
36318 86819
16784 85063
32122 99025
38062 59133
97559 50537
43160 77175
37623 90247
35186 68215
50750 2034
19558 60382
29330 19952
38559 12367
26738 79913
84082 7259
31932 51720
75837 54338
35200 42834
18835 40699
40171 44408
65105 60995
34078 3834
19015 17427
90306 68897
60039 2536
56139 85757
96819 97380
75715 91010
56107 96665
7351 37562
17832 20737
11954 82499
29477 91114
85447 45215
50674 66361
92394 30634
86845 5372
35983 18198
58461 26908
694
62585 44716
89051 60377
2264 52715
14541 15858
6453 16384
99899 91626
39086 92179
90705 71472
98687 98367
95159 2499
95681 40984
4329 78493
60111 88972
28869 74353
21817 38073
74917 46854
54336 367
91227 1983
18548 40179
99395 68614
52336 49790
18290 90930
11833 20759
78153 22670
20403 45834
52416 94766
11959 39697
43103 24672
76259 26932
8565 3087
27761 17800
45850 90794
25903 91306
62598 45174
60547 69950
65564 48740
79421 53864
50348 79507
53592 79342
25837 55316
70024 22062
81549 1761
5612 62427
97177 143
72343 57958
61406 38695
98495 40768
44108 1264
44709 26979
21028 81652
3220 49058
71717 19731
62404 40252
1593 54667
20496 92731
64345 62044
68945 94795
88348 62646
70138 22088
38878 19053
37569 40980
69974 51512
69564 86846
75870 66125
91561 36942
30278 24963
45566 3977
69839 26616
26305 8141
40060 9257
86350 67584
40030 63733
48058 1720
16371 19737
57101 44106
32599 46071
49624 53637
42690 18140
86048 53803
40566 61968
47971 45736
21886 92786
43670 25122
89826 74480
10057 86955
77147 21140
78488 19066
50221 94817
41535 17616
63724 96413
42827 87575
46301 38102
29927 92930
71521 63287
4382 11605
75151 57719
58442 42698
21743 95152
86823 56332
95511 70454
40944 27782
15831 33782
51089 30117
61333 57024
99416 6689
82989 6543
80819 56571
20505 60775
93927 24008
47816 6282
10835 12642
71750 4479
96211 63427
24438 87671
20574 23291
90078 3152
84993 65463
12164 77269
72533 27061
31672 75523
76142 27321
72951 54090
60344 38586
63962 12401
42824 65941
52500 45836
79285 19378
334 34098
70799 38745
59096 59067
70588 97980
94408 53369
6484 9152
13006 51610
35302 71831
15907 66787
27127 76669
66861 9979
83989 19494
30423 34285
68000 91534
10002 74406
13001 96072
44275 3092
89962 53985
17266 49687
81960 92923
90320 60247
15450 81741
48718 27599
1226 9721
81842 1707
8725 4781
27231 3457
28577 76781
27880 55848
43802 22573
38548 11911
27347 19365
67840 43795
70183 85699
82508 34530
42624 66691
89764 52087
87111 73835
75651 83410
66474 85438
88367 51464
12422 85960
15664 99034
10118 76622
48531 69077
96319 56234
73802 26610
69487 80622
31575 53681
23847 21263
46874 48482
8379 53434
77064 55795
54098 26326
11812 54210
27341 60393
9579 75211
22940 17031
28765 43340
72865 90709
92243 18214
30631 38876
20484 29094
93192 26026
23779 79542
21285 10777
14000 61971
13776 53850
73534 30277
74113 87952
8081 65549
13377 31388
37127 38922
79160 22053
25370 66141
40175 40552
69942 56759
14990 5589
2530 88349
24405 65150
82746 60448
60 95548
9719 3017
57099 22986
23719 89186
80207 21810
44253 54955
15960 90170
31505 14673
32902 72208
73987 35350
38095 86569
30137 88176
19271 75731
83267 9436
17058 67149
50327 6351
39394 72853
64456 53360
50686 78353
34623 69049
72099 80252
37155 50703
69288 39313
56568 62609
86554 6951
17482 14448
47544 59237
29463 41409
18120 17833
85336 877
58127 98663
59833 35148
40134 95254
55425 61189
178 26529
39594 44078
52532 30505
69742 9593
36135 7042
25879 31085
27878 71938
97687 67631
76364 74616
10574 29494
28081 40840
95348 47610
65779 72486
59654 78246
3789 19343
30476 52198
48262 25814
8760 84939
55658 11222
91420 99765
95860 37461
34891 13069
73944 85188
68693 58204
80145 95188
18180 44152
15967 90648
41170 94463
33281 16258
51112 8853
54159 76723
34435 6591
66349 23074
38277 2093
35962 43502
26063 56479
18617 77874
29633 24729
41951 57085
10907 77129
94874 85881
69614 39999
13157 69824
70135 56959
66957 80666
98245 68813
82973 7349
78502 58347
99097 66309
50007 94171
81866 91350
70654 21434
444 68708
11071 49035
43985 88006
92538 90162
10848 39443
94297 62647
56899 9345
75566 62903
71081 18935
10574 2463
97644 18346
53676 70457
71692 31511
22904 67788
29156 14971
47624 53570
23916 5563
4842 64854
50255 3117
87726 28811
76550 81377
6623 63303
12496 85713
51208 40289
25873 23528
87529 6424
16613 18147
16168 15337
75539 75107
522 23391
15013 70243
12071 49837
14752 37655
33428 28288
29495 54884
83289 49355
94954 37991
40698 22639
80647 45382
53200 54937
50203 91277
40563 49467
66114 90046
79409 71187
22332 60244
27143 48354
71469 60006
86461 79824
60073 19861
65482 24675
82630 4441
48399 17264
74594 63323
3915 59214
81261 26591
20877 44168
60616 42683
95663 21267
36147 22806
10241 36565
97840 39541
72035 96213
5417 8377
65153 38426
92027 37836
39215 19744
57754 4205
7192 36554
92122 93713
46689 27772
45426 48833
18721 87936
31690 1970
57413 58754
47977 62327
11729 44391
48888 62011
75350 31022
44678 87581
95532 80399
98285 45964
38156 61526
64348 47268
79204 76165
41741 80427
21943 9976
11370 41420
26932 85843
82855 95631
9571 88836
19788 11437
25700 46441
65541 65796
87883 47709
35630 76759
94585 19762
8 27086
78139 55140
53196 22151
79164 74641
98579 52657
35895 54173
53563 98194
39553 4953
16697 68409
53493 14921
49988 9705
16091 61756
6686 60501
36606 26795
73670 75987
12997 88531
65713 94444
4719 14259
96413 33431
91172 29043
9293 11917
73814 91320
13182 4019
68462 12152
66081 88732
98916 13021
55383 76075
17000 86178
52548 92187
19515 29003
67368 75264
52672 76623
15616 50573
73194 21259
96161 69439
11877 31750
35074 82091
11086 79636
46033 7663
27890 50204
88884 96387
59161 72664
25891 898
11045 65233
54734 56092
37410 10151
29196 22861
16405 71861
86904 56227
3811 79946
2128 39367
34579 7805
29157 23150
19686 64107
5777 52869
39844 905
1607 45483
45902 97474
13483 85274
53583 97808
10427 82214
84020 6406
79841 41480
52817 70928
46424 59653
79982 21012
62912 1007
27533 55795
15685 61694
33213 28561
24649 26366
9824 1696
59345 42427
87878 2665
42137 23465
32492 15120
44128 84731
94243 6241
33818 60243
15645 90967
73231 82818
51032 16408
38104 78198
2949 82105
61175 63151
9280 27892
84900 20354
13759 42806
84535 66364
31676 16222
66683 41952
74917 78163
88700 17031
76826 82993
63857 2276
99078 89996
24693 87159
37741 54519
25096 61236
83848 49105
77295 75442
95592 65607
87073 5475
64537 46839
37264 82676
21930 84703
29450 81916
51977 72102
15053 44524
19832 19131
51133 76438
9246 82877
72103 75446
2084 61421
71812 52268
88078 75777
19752 60670
75995 68295
40966 42090
61568 43106
55875 67022
72314 76585
66868 27864
91250 94849
46346 54863
93869 47014
98470 54616
47134 73153
29076 95018
56301 48966
80408 7155
55157 42712
42156 50535
85720 29791
11304 33366
54657 49929
23406 99434
83761 56662
28092 12493
40785 45671
43578 31546
62568 15998
56224 84666
85085 88597
75138 16976
29064 48681
95745 17352
19024 16455
61335 82477
50162 80422
68569 93399
56192 1805
85969 73446
41914 40627
25444 99052
12543 25388
57225 88318
94340 64016
75910 7302
40354 16087
71009 38216
99561 16180
97798 95654
93592 66619
74513 46623
2369 56211
83002 91674
76460 39461
43090 9375
22224 65611
80215 40322
72181 67161
99405 37335
53894 27224
15929 5000
7084 64918
92205 89448
360 48579
52795 46080
97043 90337
65627 71676
78789 55124
58152 18995
1478 94422
45770 49401
43115 33865
62570 68004
50481 2109
35717 57886
28023 60856
24730 51015
69403 83859
83360 14098
97758 44012
15546 79802
91100 73712
83796 72345
94115 50986
90662 13181
39615 12097
78414 81045
70159 67541
87234 32065
76971 10371
9726 76036
15920 48876
42490 59851
18323 64663
43406 25422
83990 13912
56507 60338
53244 78956
24529 147
24800 56955
66120 1610
34644 87348
49343 65397
5242 57066
71532 70114
28119 76972
36454 43162
28571 81970
31175 77465
31880 13190
81809 30476
22056 5892
39191 61333
75232 93712
17129 31200
85079 86372
72177 85643
69189 13681
45201 17756
13865 84338
23097 16607
40451 46416
51754 7150
89915 71090
84924 59067
37702 6036
13274 51466
38906 53781
30395 46782
4157 4993
62193 91210
10849 48481
20937 90175
64739 82733
60604 88090
90030 20191
11553 12196
75640 10353
71565 69637
42142 59177
69847 33918
13146 4256
77139 70019
43782 74373
13420 26315
57420 80843
41877 29500
68680 56399
70109 62293
43119 22612
37001 59312
5340 74733
10315 90784
30054 74748
10328 77897
69009 62009
48411 29514
64278 61226
77186 69162
53712 56886
65001 2775
59199 40589
71019 87530
91159 64608
87013 13060
48679 93248
64928 51460
96398 432
77761 13022
38133 83784
86298 54827
57040 28739
12830 20986
77978 65847
52501 4519
355 78763
71358 41693
45764 59170
82379 51639
89742 12849
50196 32042
218 71663
61793 54556
23799 9311
61976 4001
32173 39409
65148 5629
45125 71255
26410 37876
54158 62563
