1159
92470 62805
71116 33198
56809 60569
11895 76720
2862 41570
22919 51893
17572 44879
97820 30268
1889 98469
48218 93943
28455 63898
32234 84184
45628 61292
272 11343
22077 38612
33700 67609
82522 22146
57677 72573
53246 98479
95470 57068
81764 47509
95829 62539
53187 48521
88611 82028
67451 59033
64614 80140
50871 78885
55026 89791
72445 94907
40690 97001
21398 14097
88340 44028
64575 52167
5840 51731
79522 35817
72933 98921
50848 1983
28084 41721
65185 28370
5139 22207
87374 89544
23494 44898
11171 95305
31567 3350
74036 76187
65666 871
27139 63433
57233 18965
6800 18303
34086 91327
91211 74879
30570 21148
67735 38097
62720 38897
45583 81595
39036 27090
65741 62769
82061 82669
79916 44252
8038 85786
19784 62990
89220 87247
17114 58480
91461 6072
81763 33165
12540 16205
17141 37275
29161 62256
92954 95775
43891 40601
82724 33476
15368 43476
42946 40803
91120 85197
48863 28549
65713 26800
47281 41824
90402 40369
95542 1415
99300 32241
57352 819
17617 79597
24834 84324
32728 73410
50918 92079
83829 12537
25624 24098
37569 91639
51138 21576
97913 95569
96504 70774
97851 11642
45431 58909
97666 84528
64136 56408
43624 86236
2275 80194
41509 21492
86051 28190
66312 41848
97224 53712
26281 54584
40908 83921
19879 83470
97441 32797
22958 69113
69928 2496
35246 70348
4227 27406
15518 18298
98153 33700
10261 55229
90294 98818
58696 2718
73165 35784
12497 50874
98423 55841
53614 41154
86727 49545
56882 97242
28288 94380
79065 15538
27432 9147
21533 77176
93513 28308
35580 15149
58840 66982
36734 33438
47032 83679
32795 55872
15215 59040
2530 23252
2911 60928
71617 84083
69940 34385
38778 20467
71770 30015
91207 94492
93108 26540
45956 8455
7608 43064
47493 39609
98162 23106
51109 4086
11251 8032
75880 64510
34922 2191
54089 87593
50312 64941
288 89969
54210 7902
78619 33220
44409 22913
88784 66192
12679 61220
12981 56220
27753 54151
13204 81624
28365 50723
57383 56148
60358 25428
93723 56715
97931 70511
36157 86747
14466 12376
50665 59112
50740 10853
87536 65257
4566 35387
89581 2158
96528 68584
63056 77249
7678 41626
93227 8397
98976 4335
89646 13225
2454 14358
98982 52023
38361 67119
41233 85027
33278 7393
89758 86540
54692 69485
17704 36745
91470 611
78272 86635
42351 58094
22432 75895
41576 2378
29850 54310
53831 11853
87564 56620
19828 58297
63462 7773
95290 56220
98226 91129
191 44307
69470 55442
38090 2642
26142 15109
47076 64080
21503 61306
79632 66299
20338 96576
51352 14947
41368 84225
96100 53000
72647 76899
63237 19711
77618 41776
38407 11019
34788 98766
32170 25958
98208 55525
42842 44712
50248 8395
51629 32098
8175 75180
22462 19498
54648 18406
44567 32078
40819 63217
45461 82965
99995 3865
75295 75702
5201 82413
60219 61506
46947 85511
38441 92939
32640 67317
90469 87222
53388 34127
12863 68744
88351 66473
212 74024
25394 50319
14407 58858
5083 28867
22130 58268
11460 42567
89481 28625
653 65076
76343 96702
37555 86006
92960 45014
6279 11139
29566 78154
92039 74462
45020 49008
312 2716
45253 19559
37927 77002
26595 92278
7019 93458
25727 68762
7674 3119
24481 61798
65663 17117
54810 31657
46009 93625
99783 10853
72308 37853
18348 30278
40967 88485
24416 39172
27779 49593
59140 34960
19707 14454
65815 1490
62293 59219
73071 2193
12957 87873
75946 63307
70027 16232
4561 39540
11858 3248
46781 89349
96845 21978
27046 15266
8011 14694
46291 87248
63957 70850
9123 15454
79239 74699
64546 56549
23168 58966
66983 5571
99812 26592
46295 73081
44914 59633
66106 19642
72797 21438
71406 70156
57829 32477
97561 27989
83791 41051
95368 96610
45614 34996
53751 15114
90708 31762
13530 15428
95702 37648
21717 39406
28172 79323
11691 12861
81383 12179
12536 24732
2262 4366
85495 14318
47780 32167
4045 41632
87876 54547
85089 1252
36450 34353
8736 99763
15622 88157
68432 83178
92261 12926
99151 69369
48618 94049
23393 80708
58685 46231
23617 2579
10896 73454
32562 44917
89603 75321
74018 47534
81204 93241
23209 87794
83979 32403
1383 93698
24653 70888
15382 69063
1749 56970
616 21538
40867 72287
26726 9329
99153 64955
48839 73599
82709 62677
85223 55634
91052 2309
46428 40867
89593 10559
71763 24354
49608 75747
79640 20586
15955 64929
1722 22199
43665 84609
79761 88471
87562 45651
5476 333
27317 33988
44411 3620
82311 49082
65439 44189
96479 35483
80745 33369
38524 58146
60504 77686
60183 66338
3221 53515
95796 86176
32281 59975
97226 60107
66052 14768
89683 48366
87143 95600
5977 29308
66666 13229
59854 86557
55152 60830
26140 55285
7883 30984
35229 5566
41839 8641
40524 99988
73510 49639
68055 89884
85350 38178
20778 89451
38190 10179
23286 44045
25725 77526
17570 5078
90375 12098
71470 23018
91397 84770
9462 9807
22679 6585
75830 69510
45472 26333
2172 52599
96752 72216
13232 63301
20795 34448
97634 46811
38313 33710
89868 21714
58317 42981
4661 7781
98639 43353
8566 52302
83962 32905
29030 56290
35059 19845
5834 64295
32955 24007
69192 45516
4262 64389
23305 66332
23187 37215
90295 92565
81849 63187
34052 23260
56337 67839
78438 90933
49751 27234
20246 97161
43028 29234
9604 45558
61890 5914
25648 19784
66262 42100
83603 82987
52180 36635
89261 5918
27797 50259
53591 97934
37060 9674
78538 45655
43589 40510
96533 22440
44410 43665
45677 6036
45921 74339
39540 20018
95061 49326
93015 84302
14898 92094
50209 44699
41132 33886
78829 95248
39878 31077
36998 24434
5195 27332
35077 17088
80544 86435
3549 47273
61769 71822
51278 90909
6447 93794
99024 71529
88631 51294
78261 17189
44105 55938
2896 20850
62908 71525
89882 36145
13380 21817
22409 38554
76229 63980
44451 42156
89032 9140
68484 56688
56909 97835
71881 97270
34936 66194
77643 97878
89511 22193
90360 19064
1347 8217
64923 98096
895 55143
45992 96755
77312 78234
23564 97557
1080 48619
53694 24812
60448 55988
14268 47866
45487 8160
10409 560
67863 1490
21864 62539
69906 28913
36053 77107
41339 68479
61054 45530
17360 77261
22138 61227
79334 32152
85964 31784
21489 84787
92524 93697
86501 9339
81409 9193
96943 64608
50506 83814
15859 32884
25963 70722
48348 75516
19035 64451
82208 29914
94372 54751
36016 721
86122 80852
26914 81513
80991 24116
19396 96774
11815 94997
88528 57756
60559 44794
81056 82492
43069 33324
24981 47363
98201 68064
15528 37794
99285 99996
32542 20119
47424 62605
94163 62292
32565 41941
15782 8704
45156 67721
22718 1822
311 46837
86970 54137
69508 9846
83540 51428
26860 53687
24048 36338
568 58551
66554 83467
29040 3095
37456 11616
37450 39178
79894 83462
87814 13946
65513 62358
67643 46534
51118 83317
19209 5302
75446 46567
96700 2983
45972 688
60369 60201
46020 14839
29562 29283
46389 11114
96393 32455
51796 89767
866 78340
92139 63969
2606 31829
86526 84441
90174 85492
46087 91471
24024 61991
9572 74351
48540 54764
11166 93805
89017 37821
63524 26994
37496 9830
56982 89363
52168 79437
87340 96262
34315 70084
98672 57136
6640 26481
67300 84851
41350 32617
70723 54428
73594 85125
2052 40950
69966 80049
24191 7114
25064 15259
89306 69638
606 99409
69800 96853
45465 40765
2666 3959
31100 99585
45750 9738
67810 7866
37085 71738
7984 93760
14093 53577
93899 44277
69732 26034
83323 31
80016 64208
59321 29236
45792 48961
34547 43260
92192 93967
75134 11409
11607 80323
28830 29665
41326 47741
90001 99717
2068 31219
18479 12585
40388 228
13646 83037
17669 63390
1348 96378
13982 5564
41488 33846
87059 7891
40571 22719
82460 39353
15034 55147
62904 70138
45501 62247
13282 12629
86398 48835
79831 3187
53406 71123
40041 76785
5212 21175
53679 79561
39826 26830
26223 31765
91340 2367
15485 52645
96924 79006
60263 87284
12211 33761
19381 10488
68894 13361
78128 98704
75118 81033
50636 42125
88283 16400
83981 98369
57934 87604
29636 80430
44791 86381
93220 85506
52479 62613
87240 97801
11897 78933
53647 74833
23375 14470
79307 37653
31743 58778
58324 75910
77980 37697
47562 23337
5846 44211
16708 149
35949 80175
90448 72996
13098 82464
1771 32935
23925 87221
92887 36039
64766 19279
13003 69471
97607 39477
99834 74458
5434 33072
64074 83688
4753 23440
55723 35935
65635 70557
44136 52349
27870 74247
72051 26097
21787 830
25859 80535
53536 55495
35025 16336
6086 82221
84832 5459
70484 36748
47911 78777
39995 76007
6611 34933
71221 10849
84583 10440
67153 16039
29966 58967
6952 8915
32710 82585
50171 73133
84712 73540
95994 84864
80138 8615
65535 38647
14023 46387
99850 89990
21707 33275
75092 86306
28043 43098
77402 63026
38547 20194
87307 13752
74748 17635
83023 76701
52717 59195
11194 97593
22648 40484
94679 85468
7091 75492
42645 24577
26482 69281
72453 97293
93406 33655
5257 5108
15443 15760
88562 27858
19702 33841
48559 24655
45084 16157
202 20427
44233 751
59951 24322
83875 70496
46320 79343
81448 82912
36076 43580
54151 18423
50758 94003
41342 74625
57045 59583
63037 55169
30281 86620
73776 2107
97471 73878
12902 32772
76055 98990
29224 96751
8635 26122
99941 92978
58877 99857
51650 229
72088 76787
71021 48901
2356 32300
99953 13665
12284 97304
95908 81897
88905 28985
34870 41756
86410 85022
1601 98529
88821 9190
70785 74107
92474 39221
78933 12740
18846 11371
49344 91207
74019 94212
57063 10176
75780 41760
2347 9978
55353 65352
88278 41348
37167 80344
60469 43705
98579 47275
95417 88707
13952 10758
70792 26121
78588 67947
36176 33737
61175 34100
61750 93876
53821 98088
22669 16592
17001 31658
98961 71510
61776 24706
89694 17342
78196 74684
16247 77569
49904 68761
43594 68284
92684 29704
80908 88432
44972 78709
45898 47700
97645 44501
5631 55358
44043 54785
34366 58795
92449 10071
82263 91118
19546 19517
47872 4284
98385 22626
30201 19796
89674 17227
15117 58232
81377 14890
41525 64644
65780 96334
39263 40782
45326 28512
70724 4016
10318 73316
96132 18175
21784 24983
99460 30320
17275 44222
12736 74121
26228 98929
60685 67013
63768 27962
98499 23519
44838 13199
61025 17675
208 6974
7596 28039
15151 23303
31010 9393
27468 40116
24908 95541
43211 45358
75615 13972
44864 76850
40533 60068
67561 8879
80312 5365
34246 70814
62275 44236
63602 77792
67107 45563
55127 6812
46359 51373
5418 75942
43098 4846
70341 7031
5257 48135
8412 35264
55099 80151
36810 26137
82995 92908
88468 88975
5409 33881
79261 37877
25547 43167
94455 42980
12756 23249
62152 34822
8344 58738
2216 10963
82120 89306
90510 53434
53399 2362
47523 57122
9263 61910
64930 43979
75230 55543
56751 70904
8590 60807
75055 42641
54670 33977
39740 93341
34037 7855
75928 54312
37581 64655
89981 89463
52202 6161
67013 19314
12749 34014
11791 30186
81047 26911
85371 4506
4248 59615
50971 27718
91101 89309
33113 2352
97847 75104
9564 65041
61137 34079
95693 79571
98380 10707
11001 47597
90734 91335
26308 40781
17795 82201
62235 9958
4830 6905
6807 82106
12538 67684
64830 10
18077 97552
62131 38276
76811 9050
95405 97268
6597 13270
94564 41278
70543 45224
92643 98293
721 88471
63810 36079
4108 99875
53077 69595
34533 67035
63916 24175
77145 10811
58900 53927
27910 84668
56395 7157
91440 60905
35819 31326
9342 10410
73976 79136
47901 58218
12609 42455
62359 15306
4903 46857
79613 74752
25354 62215
67437 47493
50016 5144
33326 3193
12479 91262
89133 63013
81933 10225
4479 99672
93969 40207
52424 23448
83494 92714
15911 82905
40692 68563
83169 1865
27217 15167
92938 27912
79049 16683
38864 17984
29826 79772
51013 8736
70395 67558
66528 4600
90737 61190
16486 4237
60129 87300
23540 3117
23781 91155
57727 50965
5079 7603
64881 24806
1624 38060
95205 76807
57462 39783
47296 32394
83936 89509
56367 98099
9355 98535
557 70067
39008 129
6128 33245
89267 87751
4766 80663
60177 13023
13704 91402
69890 17136
54924 95003
87262 25832
90751 29300
88103 69108
83031 70744
39387 23093
2586 18996
59273 29761
77129 28367
93762 90455
41256 8188
34109 24868
70581 51318
36028 97249
74754 45153
28954 95062
20095 8467
89619 95241
64620 16400
19008 98531
42284 16522
50778 37780
50556 62938
22294 76834
38810 73138
72449 90315
2199 56044
73644 56664
1419 73405
4809 84696
48211 3955
34226 81298
56576 97785
5885 83039
29279 90494
19025 74575
33012 93032
59518 16215
15060 37128
90333 89280
19836 59536
13783 63717
67477 1501
35055 27768
9845 72938
92101 22811
59406 45171
88082 3217
14 18206
82036 46919
1186 29067
53998 19307
56593 99755
94045 93313
77547 96051
18495 19270
45880 22004
63625 19292
62972 68489
21796 24772
99530 87434
33597 66543
95197 7160
74142 14784
78519 60841
30462 84096
93299 36777
64942 65240
91579 75136
7369 87654
17047 56078
95360 77747
46876 88840
19132 28012
3947 54718
21539 75553
10707 79665
11861 63978
65627 12928
40880 73434
49314 75113
41895 19987
22802 55127
22540 213
94906 17238
65517 20834
46664 32958
16965 86277
32260 61619
9421 39303
77158 55253
3726 25232
95165 85472
25147 16447
64610 38987
11555 27
76234 39667
99629 72461
39051 31404
90424 17177
55436 95628
10599 40141
13154 74752
77548 8877
12618 53668
52665 65284
80231 64629
59419 93710
37406 46048
65812 80694
65443 32979
71243 60251
1831 53365
40190 96561
82337 9439
88392 91807
55248 16837
30190 9736
55654 68019
53411 75422
88547 8902
74339 31771
96859 65511
12000 54450
83047 96280
52116 38301
80506 8444
73320 22057
56971 64455
28549 15162
86423 85081
58155 77435
45524 8853
26713 38849
51092 9412
38285 71451
86557 66783
83439 86585
42888 4290
30661 9455
16815 81874
50611 17319
1613 93872
57925 10274
36609 81717
51540 96070
14207 24830
99457 43723
8378 7436
97006 97061
92790 2299
63592 63843
48952 9887
42422 77287
26322 75081
88941 61759
86490 67243
28128 25488
95208 2092
41322 87834
15871 59469
51000 67821
8207 5703
15555 11931
43203 8959
44758 75913
65665 81037
64824 14134
96856 23319
64162 19403
62486 24888
47247 81221
32698 77152
50558 51687
81526 1411
54218 31948
83553 69559
25004 72862
40630 31856
70297 40126
8019 88883
34203 19532
71436 56083
73469 6739
87326 51922
68488 88211
76586 14410
57384 13662
57152 81819
58893 55588
93964 51770
48078 77130
58489 51974
41557 3381
35607 58188
