5
97
5 10 15 21 25 30 34 35 38 40 45 48 48 49 54 54 57 57 57 57 57 63 68 68 69 69 74 77 77 78 83 85 87 93 96 98 99 102 104 104 104 110 110 112 116 116 120 126 127 132 138 142 148 153 155 157 163 164 166 167 173 179 180 186 187 187 193 197 200 206 212 215 219 225 230 236 240 246 249 255 261 266 272 278 283 284 284 290 295 295 295 299 303 308 314 314 315
91
1 1 7 13 16 18 18 20 21 27 32 38 42 48 53 55 58 58 60 62 67 70 71 76 80 85 85 88 94 97 102 106 109 111 113 117 120 126 128 128 129 133 138 141 146 149 149 154 154 156 156 156 160 163 168 170 171 175 180 185 191 194 196 201 202 203 204 204 209 212 215 215 218 222 228 233 234 237 239 245 246 250 254 259 259 261 261 266 266 268 273
83
2 5 8 10 16 20 23 28 32 34 34 35 38 44 46 52 57 58 62 64 65 69 74 74 79 81 82 87 92 97 97 97 102 103 106 109 113 115 118 122 125 131 132 136 137 141 142 148 150 152 154 155 156 156 162 165 168 172 176 181 184 188 193 197 202 203 208 214 220 225 228 234 239 239 240 240 245 246 252 252 254 256 257
87
4 8 9 14 16 21 23 28 29 35 40 43 43 43 49 55 61 64 68 73 74 74 74 76 81 82 82 88 93 97 102 103 106 106 111 114 114 120 126 128 134 139 141 142 142 143 146 150 154 155 155 159 165 168 174 176 181 187 190 196 199 203 205 207 212 216 218 223 226 229 233 238 242 242 244 250 255 257 263 267 269 270 276 276 278 283 287
91
4 4 8 8 9 14 19 25 29 31 34 37 38 44 44 47 51 55 57 60 61 62 65 70 73 74 80 85 91 94 95 98 103 107 107 113 117 120 126 131 137 140 144 148 151 151 154 160 164 168 172 174 178 181 187 190 194 198 199 201 207 213 219 222 225 227 232 233 238 242 246 250 256 261 266 268 274 278 283 283 284 285 287 290 293 298 298 300 305 310 311
