5
92
5 6 9 14 20 26 26 29 29 35 36 39 42 46 52 56 59 63 67 67 72 72 76 76 78 83 89 89 95 96 99 101 101 102 106 110 111 116 122 126 127 132 135 135 137 140 146 148 150 156 156 157 159 164 166 168 174 176 178 179 183 185 188 188 191 192 192 195 200 200 204 205 206 212 217 219 223 229 232 234 238 244 248 253 259 261 263 267 268 268 272 274
84
1 3 6 7 13 18 24 24 27 33 36 37 41 41 43 44 46 49 54 57 62 66 66 72 76 77 81 84 88 92 96 99 104 104 110 110 116 116 116 119 120 120 126 129 131 134 137 139 144 145 151 152 156 157 163 166 170 172 177 182 186 192 192 195 198 202 208 214 214 218 222 228 232 236 241 242 247 247 253 255 255 259 264 267
89
5 7 10 11 15 21 23 26 28 31 32 33 37 42 46 51 51 51 53 54 58 64 69 69 75 79 84 86 86 89 92 98 101 105 110 110 113 119 121 127 130 135 139 145 151 157 157 162 168 172 176 177 179 184 188 192 192 196 197 203 207 210 211 217 222 225 228 234 240 244 245 249 252 257 261 267 268 271 272 272 275 278 278 280 284 287 287 291 294
92
3 5 9 11 16 17 20 20 26 32 33 36 38 44 46 51 51 57 63 69 73 74 79 83 85 86 91 96 97 103 107 112 117 118 121 125 128 134 139 142 148 148 150 154 157 162 168 172 173 177 180 183 183 187 190 195 197 197 198 200 203 206 208 209 212 213 216 222 225 230 232 234 240 242 245 248 248 248 252 257 260 262 268 268 272 278 279 280 282 285 286 292
96
3 5 11 11 13 17 19 25 25 28 31 33 38 40 46 52 54 60 65 71 75 78 79 84 85 90 90 92 98 102 106 112 116 117 120 120 124 130 130 136 137 138 143 146 146 148 154 154 158 158 161 161 163 167 173 174 176 182 188 189 190 192 194 199 200 202 202 205 208 210 212 212 216 216 221 222 228 231 234 237 240 240 242 244 249 250 255 259 260 266 268 274 274 274 277 280
