5
90
2 7 10 14 20 23 28 33 34 40 44 48 50 53 56 62 67 67 73 76 81 84 84 85 86 91 95 96 99 104 110 116 119 124 128 130 132 136 136 140 142 147 153 153 158 163 167 169 175 175 177 177 180 184 190 195 198 204 209 209 209 214 215 217 219 224 228 234 239 240 242 245 247 251 257 261 267 268 268 272 276 277 283 284 285 287 290 292 298 304
83
5 11 13 17 22 27 32 38 44 44 50 51 53 54 59 63 65 70 71 77 81 83 89 92 98 100 103 103 109 110 111 115 120 124 125 129 130 136 141 145 151 155 157 159 165 167 169 171 175 176 177 178 178 181 183 184 188 189 194 197 203 206 209 213 218 224 226 232 237 238 242 242 248 248 252 257 257 263 263 269 269 269 275
97
4 9 15 15 20 26 29 32 34 40 45 47 52 57 61 65 68 72 77 80 83 88 91 97 101 101 107 108 108 114 116 116 122 122 127 130 133 137 143 148 153 154 154 155 157 157 161 167 167 169 170 175 181 182 187 193 195 198 198 198 202 203 206 209 210 211 215 221 225 231 233 239 242 247 253 253 253 253 256 259 259 265 268 271 274 275 276 280 285 286 287 287 292 295 297 297 299
98
1 7 12 15 21 21 23 23 25 28 34 39 42 48 51 57 58 62 64 68 73 74 74 77 81 87 91 93 93 93 94 95 101 103 109 109 112 112 117 123 129 131 134 139 142 146 151 153 158 163 165 166 169 173 179 185 188 193 199 202 208 210 211 215 220 224 229 235 238 243 243 245 249 253 257 257 259 260 261 266 271 271 273 275 275 280 281 284 286 291 293 294 299 300 302 305 309 314
94
1 3 5 9 10 14 18 18 23 29 34 39 43 48 51 51 55 57 58 61 62 62 65 69 72 74 80 85 86 91 92 96 100 102 105 111 116 121 122 122 124 129 135 135 137 141 147 150 152 153 155 159 160 161 166 172 176 176 182 184 189 189 190 195 196 200 201 203 204 210 216 216 221 221 221 223 224 227 228 229 232 237 239 239 244 244 250 252 253 259 263 264 267 270
