68 415402
0.76 60189
0.99 50225
0.95 59697
0.57 78968
0.56 69962
0.86 18834
0.75 65611
0.85 21920
0.15 11498
0.74 96402
0.74 6670
0.13 71531
0.30 85150
0.54 17996
0.81 24623
0.30 6412
0.89 27265
0.73 96424
0.13 45600
0.58 7103
0.48 39401
0.22 92380
0.90 98734
0.16 44023
0.94 43359
0.41 3346
0.12 68269
0.96 66480
0.27 97646
0.79 25964
0.63 52158
0.70 61178
0.89 55389
0.45 5385
0.70 94416
0.34 83705
0.14 13416
0.31 3413
0.56 37374
0.80 77725
0.68 63135
0.20 31800
0.37 33897
0.57 54793
0.43 80532
0.76 94849
0.84 31833
0.50 6983
0.76 31364
0.97 14373
0.41 97366
0.53 17445
0.96 41331
0.41 21670
0.72 15590
0.56 15318
0.97 41905
0.74 804
0.85 7049
0.14 87074
0.12 15569
0.53 93633
0.79 18304
0.56 7751
0.24 61042
0.14 16218
0.80 12141
0.69 74681
13 999471
0.36 74604
0.22 86206
0.68 35686
0.91 58484
0.83 22051
0.56 58800
0.12 46054
0.89 48004
0.40 24744
0.22 48197
0.54 49593
0.64 47224
0.48 75931
77 668506
0.93 26497
0.19 62720
0.35 96262
0.93 11681
0.13 74648
0.71 28501
0.78 77027
0.69 1873
0.26 46661
0.30 55863
0.24 51188
0.86 20669
0.43 33582
0.34 18446
0.49 22887
1.00 20076
0.64 93071
0.42 82751
0.32 81966
0.19 41432
0.68 62276
0.44 97625
0.61 18485
0.48 18576
0.59 48183
0.39 19568
0.49 73574
0.40 66779
0.86 22134
0.72 2549
1.00 40906
0.10 94095
0.35 14429
0.82 16426
0.28 16747
0.51 88705
0.43 6159
1.00 58687
0.35 2679
0.29 76010
0.29 1839
0.46 95319
0.76 68538
0.69 77604
1.00 30173
0.45 53994
0.78 77624
0.71 35544
0.32 21603
0.49 53940
0.12 86368
0.80 10535
0.77 78589
0.71 34277
0.54 75714
0.20 78988
0.91 66661
0.89 85499
0.84 52493
0.24 41411
0.75 68768
0.17 54845
0.32 45410
0.97 20117
0.60 10416
0.64 11777
0.11 20216
0.92 84900
0.36 42402
0.62 52679
0.71 93456
0.63 88090
0.81 96903
0.35 14471
0.59 82064
0.66 17002
0.55 37540
