61 729028
0.17 66599
0.37 16271
0.90 73732
0.69 25566
0.87 7359
0.59 28232
0.82 6205
0.93 16843
0.14 64790
0.12 95616
0.45 38813
0.46 57987
0.54 12331
0.69 59478
0.76 66322
0.27 44504
0.35 50912
0.75 2079
0.25 63387
0.66 51375
0.52 24530
0.85 8231
0.63 99956
0.67 85112
0.53 58107
0.77 64560
0.39 37027
0.83 10203
0.34 54488
0.26 3333
0.66 61557
0.91 31990
0.54 16739
0.14 40138
0.35 29507
0.13 54234
0.38 61924
0.87 33847
0.76 34178
0.26 36203
0.54 40704
0.13 22975
0.62 22081
0.81 73008
0.15 64598
0.80 51174
0.73 83979
0.41 25120
0.42 9960
0.16 39645
0.94 3939
0.12 30873
0.40 28023
0.84 3175
0.31 14115
0.82 31912
0.96 74373
0.69 34748
0.74 95980
0.41 59529
0.12 40335
40 963700
0.98 84845
0.41 28036
0.76 51222
0.61 49193
0.15 22722
0.31 54400
0.85 99545
0.31 32305
0.17 22840
0.39 5550
0.30 65790
0.16 44067
0.21 13894
0.97 70760
0.13 2966
0.70 85788
0.15 5503
1.00 15971
0.33 22066
0.81 10545
0.52 17050
0.16 33265
0.35 53818
0.46 89484
0.76 7733
0.38 366
0.55 32790
0.14 87557
0.85 34538
0.26 91503
0.91 97175
0.47 20532
0.43 81042
0.57 42718
0.53 43622
0.68 25723
0.16 66331
0.27 99520
0.90 94461
0.29 53309
2 733651
0.17 36932
0.91 46695
61 47237
0.50 32784
0.88 6276
0.50 70524
0.55 19565
0.24 65677
0.79 16366
0.44 37345
0.18 21088
0.61 31323
0.17 7973
0.40 93852
0.43 40034
0.99 34980
0.76 80266
0.31 7186
0.44 31358
0.12 57622
0.41 12276
0.11 18859
0.72 34423
0.99 6591
0.67 52447
0.41 98171
0.88 48696
0.48 53523
0.89 41321
0.42 9998
0.23 24426
0.20 17155
0.24 29492
0.39 53894
0.41 78327
0.92 74617
0.86 89873
0.25 10
0.88 17593
0.90 72538
0.26 93071
0.90 84315
0.89 200
0.77 22614
0.35 14057
0.17 29874
0.79 21071
0.49 13676
0.54 54469
0.11 81654
0.71 47964
0.46 59726
0.28 91095
0.87 48882
0.91 56890
0.36 46235
0.57 63885
0.22 93957
0.45 33395
0.29 87394
0.56 15854
0.68 37674
0.13 95040
0.60 62531
57 12147
0.48 28700
0.79 35937
0.33 42385
0.56 5102
0.79 12874
0.53 94775
0.35 72392
0.78 34876
1.00 91935
0.47 30760
0.28 90869
0.85 85630
0.28 71973
0.25 1754
0.31 28467
0.99 95118
0.27 35367
0.18 31945
0.35 63453
0.70 59440
0.44 11755
0.99 40437
0.14 38563
0.66 72036
0.90 83213
0.83 524
0.49 20721
0.49 96026
0.17 42129
0.10 12388
0.15 60868
0.24 91723
0.53 44449
0.12 10174
0.99 27266
0.50 75060
0.84 25031
0.41 11914
0.19 52885
0.50 51293
0.61 60682
0.29 26282
0.48 40324
0.42 28121
0.29 16385
0.60 93610
0.35 2192
0.96 66499
0.50 899
0.69 26600
0.55 75608
0.74 71962
0.32 56915
0.79 31528
0.80 85454
0.25 87490
0.14 12321
