89 767286
0.56 41216
0.59 26797
0.70 47893
0.68 28654
0.23 232
0.94 49999
0.74 52908
0.28 7495
0.84 26003
0.93 44320
0.45 43235
0.29 86682
0.78 33878
0.36 4739
0.55 53571
0.45 87231
0.82 60177
0.52 2207
0.70 26697
0.82 31040
0.52 49771
0.84 83519
0.98 80604
0.32 59917
0.48 13389
0.67 5133
0.15 89984
0.31 48141
0.21 77762
0.38 92637
0.39 62996
0.20 80906
0.74 10360
0.98 46859
0.65 68485
0.69 70144
0.65 78203
0.79 1522
0.26 27805
0.62 53447
0.56 61977
0.59 5969
0.48 39658
0.74 45963
0.60 76044
0.77 97740
0.38 25080
0.48 74606
0.41 13186
0.28 34488
0.59 68058
0.31 9540
0.76 48487
0.40 1697
0.41 71900
0.53 733
0.73 62222
0.91 81216
0.33 62205
0.25 93790
0.27 79943
0.11 13853
0.73 71574
0.88 36535
0.82 5172
0.85 69557
0.51 24989
0.98 2204
0.93 33168
0.83 91400
0.39 12094
0.30 12257
0.20 3557
0.62 90177
0.25 57529
0.93 81029
0.18 75165
0.48 54829
0.33 58032
0.33 51621
0.82 52773
0.39 91653
0.10 74701
0.69 36958
0.42 85658
0.93 33336
0.11 13559
0.34 30854
0.77 844
