80 149362
0.52 26887
0.96 60126
0.50 64716
0.35 18393
0.57 92938
0.79 28491
0.15 33520
0.51 10699
0.70 84446
0.14 67879
0.20 35968
0.64 65602
0.34 89462
0.16 87982
0.96 20388
0.93 4160
0.75 40068
0.80 21527
0.11 81027
0.25 17453
0.55 29213
0.91 35118
0.13 87825
0.74 27887
0.54 14820
0.79 70378
0.84 32440
0.14 83437
0.53 43363
0.95 95377
0.61 20666
0.76 23305
0.14 96752
0.18 26308
0.68 19415
0.73 82307
0.60 28295
0.96 4439
0.69 17440
0.30 44351
0.40 26868
0.70 13127
0.99 93469
0.59 58077
0.83 8815
0.49 89704
0.94 2973
0.99 57127
0.25 24517
0.30 59915
0.52 57290
0.98 65116
0.15 47063
0.11 24938
0.21 55600
0.70 83734
0.61 57041
0.58 73459
0.85 81181
0.18 24148
0.44 34617
0.10 86204
0.18 74150
0.73 11071
0.78 16272
0.44 16823
0.90 76185
0.74 11137
0.39 48931
0.51 96770
0.61 14433
0.47 2961
0.84 59549
0.80 43180
0.18 86829
0.82 41008
0.21 75850
0.48 84336
0.26 32036
0.57 29501
65 461679
0.29 59553
0.12 13638
0.61 9273
0.93 34345
0.60 14638
0.30 24469
0.12 19898
0.35 45350
0.20 99742
0.37 58518
0.71 85989
0.88 85787
0.88 86277
0.69 20310
0.26 75493
0.68 8287
0.37 12977
0.62 16968
0.68 73054
0.83 65451
0.51 71822
0.11 29227
0.92 26963
0.76 91926
0.87 67866
0.91 20910
0.63 47187
0.63 21834
0.93 9775
0.93 53860
0.52 31979
0.28 64174
0.11 4642
0.33 28917
0.80 15690
0.74 6213
0.30 97241
0.18 90855
0.69 27039
0.79 62575
0.84 26302
0.22 22775
0.32 33178
0.30 8093
0.81 21680
0.56 24423
0.89 44449
0.50 56973
0.81 84157
0.32 85251
0.48 2731
0.51 91172
0.24 77073
0.75 75728
0.57 41458
0.93 88893
0.47 61405
0.89 49953
0.13 26569
0.62 64813
0.49 80099
0.42 59976
0.97 63993
0.38 41452
0.34 95734
