32 11638
0.95 64628
0.18 49811
0.14 92813
0.58 90552
0.12 23795
0.31 57403
0.15 36061
0.79 20621
0.96 19920
0.62 41453
0.23 38527
0.14 78912
0.43 26883
0.84 74256
0.85 54901
0.31 59179
0.67 68876
0.75 49754
0.68 18484
0.11 79618
0.24 44578
0.32 3990
0.64 16901
0.82 62250
1.00 24641
0.70 61209
0.31 89395
0.62 29301
0.19 83025
0.84 20175
0.46 6701
0.93 31575
88 261662
0.42 94327
0.84 87873
0.80 29991
0.46 60982
0.31 8779
0.78 27920
0.34 96309
0.91 28684
0.54 64062
0.72 67885
0.83 97981
0.46 20284
0.57 84694
0.25 53029
0.60 48404
0.50 5844
0.59 36678
0.57 91130
0.78 10146
0.80 97611
0.13 49005
0.33 50882
0.21 75118
0.38 31846
0.85 25814
0.40 49962
0.78 59192
0.49 15019
0.53 3127
0.68 62331
0.34 94642
0.38 87439
0.27 77632
0.61 13076
0.78 97254
0.68 59147
0.59 83428
0.75 96995
0.36 23358
0.79 62260
0.57 25011
0.38 88109
0.84 4763
0.85 14917
0.46 43761
0.13 51688
0.71 51373
0.24 98241
1.00 91064
0.10 304
0.73 41088
0.13 86050
0.25 53609
0.64 44657
0.34 98048
0.89 8061
0.80 7556
0.61 2117
0.33 37223
0.91 18106
0.36 58736
0.70 20071
0.41 17564
0.32 43055
0.66 29180
0.70 89177
0.62 68896
0.51 73331
0.27 17143
0.82 36319
0.89 16785
0.87 32123
1.00 38063
0.63 97559
0.55 43160
0.80 37624
0.92 35186
0.72 50751
0.11 19559
0.64 29330
0.28 38559
0.21 26739
0.82 84082
0.16 31932
0.57 75838
0.59 35200
0.48 18836
0.47 40172
44 651054
0.65 34078
0.13 19016
0.25 90306
0.72 60039
0.12 56140
0.88 96819
0.98 75715
0.92 56107
0.97 7352
0.44 17833
0.28 11955
0.85 29478
0.92 85447
0.51 50674
0.70 92394
0.37 86846
0.14 35984
0.26 58462
0.34 69329
0.66 44717
0.91 60377
0.12 52716
0.23 15859
0.15 16385
1.00 91626
0.45 92179
0.92 71472
0.99 98367
0.96 2500
0.97 40985
0.13 78493
0.64 88972
0.36 74353
0.29 38074
0.78 46855
0.59 368
0.93 1984
0.26 40179
1.00 68614
0.57 49790
0.26 90930
0.20 20760
0.81 22670
0.28 45835
52 947660
0.20 39698
0.49 24673
0.79 26933
0.17 3088
0.35 17801
0.51 90794
0.33 91306
0.66 45175
0.65 69950
0.69 48740
0.82 53865
0.55 79508
0.58 79343
0.33 55317
0.73 22063
0.84 1762
0.15 62427
0.98 144
0.75 57958
0.65 38695
0.99 40769
0.50 1265
0.50 26980
0.29 81652
0.12 49059
0.75 19732
0.66 40252
0.11 54668
0.28 92731
0.68 62045
0.72 94795
0.90 62646
0.73 22089
0.45 19054
0.44 40980
0.73 51513
0.73 86846
0.79 66126
0.93 36942
0.37 24963
0.51 3978
0.73 26616
0.33 8142
0.46 9257
0.88 67584
0.46 63733
0.53 1721
0.24 19737
0.61 44107
0.39 46071
0.55 53638
0.48 18141
86 538034
0.46 61969
0.53 45736
0.29 92787
0.49 25123
0.91 74480
0.19 86955
0.80 21141
0.81 19067
0.55 94817
0.47 17617
0.67 96413
0.48 87575
0.52 38103
0.37 92930
0.75 63287
0.13 11605
0.78 57720
0.63 42698
0.29 95153
0.89 56333
0.96 70454
0.47 27782
0.24 33782
0.56 30117
0.65 57024
1.00 6690
0.85 6544
0.83 56571
0.28 60776
0.95 24009
0.53 6282
0.19 12643
0.75 4480
0.97 63427
0.32 87671
0.28 23292
0.91 3153
0.87 65464
0.21 77269
0.76 27061
0.38 75523
0.79 27322
0.76 54090
0.64 38586
0.68 12401
0.48 65942
0.57 45836
0.82 19379
0.10 34099
0.74 38746
0.63 59067
0.74 97980
0.95 53369
0.15 9153
0.21 51611
0.42 71832
0.24 66788
0.34 76669
0.70 9980
0.86 19495
0.37 34286
0.71 91534
0.19 74406
0.21 96073
0.50 3093
0.91 53986
0.25 49687
0.84 92923
0.92 60247
0.24 81741
0.54 27600
0.11 9722
0.84 1708
0.17 4782
0.34 3458
0.36 76781
0.35 55849
0.49 22574
0.45 11912
0.34 19366
0.71 43796
0.73 85699
0.85 34531
0.48 66691
0.91 52088
0.89 73836
