83 664740
0.87 88367
0.56 12423
0.88 15665
1.00 10119
0.79 48532
0.72 96319
0.61 73802
0.34 69487
0.83 31576
0.58 23848
0.29 46874
0.54 8380
0.58 77064
0.60 54098
0.33 11812
0.59 27341
0.64 9580
0.78 22941
0.25 28766
0.49 72866
0.92 92243
0.26 30632
0.45 20485
0.36 93192
0.33 23779
0.82 21286
0.19 14000
0.66 13777
0.59 73535
0.37 74113
0.90 8082
0.69 13378
0.38 37127
0.45 79161
0.30 25371
0.70 40175
0.46 69942
0.61 14990
0.15 2531
0.90 24406
0.69 82746
0.65 61
0.96 9720
0.12 57099
0.30 23720
0.91 80207
0.29 44253
0.60 15961
0.92 31506
0.23 32902
0.75 73987
0.42 38096
0.88 30137
0.90 19272
0.78 83267
0.18 17059
0.71 50328
0.15 39395
0.76 64457
0.58 50686
0.81 34623
0.72 72099
0.83 37156
0.56 69288
0.45 56568
0.66 86554
0.16 17483
0.23 47544
0.63 29463
0.47 18120
0.26 85336
0.10 58127
0.99 59834
0.41 40135
0.96 55426
0.65 179
0.34 39595
0.50 52533
0.37 69742
0.18 36136
0.16 25880
0.38 27878
0.75 97687
67 763640
0.77 10575
0.36 28082
0.47 95348
0.53 65779
0.75 59654
0.81 3790
0.27 30477
0.57 48262
0.33 8761
0.87 55658
0.20 91420
1.00 95860
0.44 34891
0.21 73944
0.87 68693
0.62 80145
0.96 18181
0.50 15968
0.92 41170
0.95 33282
0.24 51113
0.18 54159
0.79 34435
0.15 66350
0.30 38278
0.11 35963
0.49 26064
0.61 18617
0.80 29634
0.32 41952
0.61 10908
0.80 94874
0.88 69614
0.46 13158
0.73 70136
0.61 66957
0.83 98245
0.72 82973
0.16 78502
0.63 99097
0.70 50008
0.95 81866
0.93 70654
0.29 445
0.72 11072
0.54 43986
0.90 92538
0.92 10849
0.45 94297
0.67 56899
0.18 75567
0.67 71081
0.27 10575
0.12 97644
0.26 53676
0.74 71693
0.38 22905
0.71 29157
0.23 47625
0.58 23917
0.15 4843
0.69 50255
0.12 87726
0.36 76550
0.84 6624
0.67 12497
0.87 51209
40 258730
0.31 87529
0.15 16614
0.26 16169
0.23 75540
0.78 523
0.31 15014
0.73 12071
0.55 14753
0.44 33429
0.35 29496
0.59 83289
0.54 94954
0.44 40699
0.30 80647
0.51 53201
0.59 50204
0.93 40564
0.55 66114
0.91 79409
0.74 22333
0.64 27144
0.54 71469
0.64 86461
0.82 60074
0.28 65482
0.32 82631
0.14 48400
0.25 74594
0.67 3916
0.63 81261
0.34 20878
0.50 60616
0.48 95663
0.29 36148
0.30 10242
0.43 97840
0.45 72036
0.97 5418
0.17 65153
0.44 92027
38 392155
0.27 57754
0.13 7192
0.43 92122
0.95 46689
0.35 45427
0.54 18722
0.90 31691
0.11 57414
0.63 47977
0.66 11730
0.50 48888
0.66 75351
0.38 44679
0.89 95532
0.83 98285
0.51 38157
0.65 64348
0.53 79205
0.79 41742
0.83 21944
0.19 11371
0.47 26932
0.88 82855
0.97 9572
0.90 19788
0.20 25701
0.52 65542
0.69 87884
0.53 35631
0.79 94585
0.27 9
0.34 78140
0.60 53196
0.30 79165
0.77 98579
0.57 35895
0.59 53563
0.99 39553
