99 524766667
0.25 58144
0.23 1061
0.24 762
0.65 2753
0.77 21698
0.90 9450
0.14 97
0.40 36140
0.18 74
0.93 5
0.72 67
0.90 21719
0.60 25301
0.88 9227
0.27 68
0.78 7686
0.24 7347
0.29 72495
0.20 36
0.84 80
0.51 28
0.55 96748
0.63 33303
0.10 66
0.59 3804
0.19 23
0.24 88214
0.61 80
0.11 3524
0.17 24
0.27 672
0.58 190
0.11 4645
0.98 86
0.58 19385
0.84 15767
0.82 5329
0.74 6006
0.82 63
0.10 56
0.24 3389
0.35 27
0.18 60
0.48 12400
0.48 33
0.23 8489
0.95 34
0.64 91
0.76 55929
0.24 7842
0.12 65058
0.67 28
0.87 14
0.48 69728
0.38 67
0.48 80347
0.90 77
0.85 326
1.00 32225
0.89 5498
0.32 8401
0.54 77898
0.96 8721
0.14 4738
0.43 29738
0.87 82
0.57 23548
0.50 20
0.56 18322
0.85 77902
0.11 7210
0.57 78200
0.27 7624
0.72 4267
0.66 5632
0.70 78927
0.70 92
0.96 5532
0.95 9849
0.59 7343
0.36 60671
0.54 16440
0.60 4274
0.55 36813
0.20 5512
0.55 100
0.86 2882
0.21 4622
0.49 63
0.24 8482
0.87 77625
0.25 49
0.97 20
0.24 8266
0.55 71712
0.94 279
0.88 47723
0.46 100
0.21 58
99 941587253
0.95 7616
0.16 1693
0.74 9957
0.24 96088
0.95 7477
0.52 57
0.85 78814
0.45 1029
0.30 8042
0.46 70445
1.00 5436
0.34 6
0.16 9229
0.91 49
0.58 9708
0.92 7196
0.81 5858
0.27 95
0.51 4369
0.40 6833
0.55 36
0.62 61
0.32 6971
0.86 22689
0.98 1640
0.82 76341
0.86 94703
0.56 21864
0.46 79
0.83 70788
0.89 77
0.19 77
0.24 4307
0.64 65
0.49 84
0.22 6074
0.58 32077
0.10 57
0.70 35
0.89 6575
0.14 7182
0.73 77
0.43 2929
0.84 78
0.39 82
0.37 6
0.45 7548
0.95 32
0.87 74960
0.87 22314
0.51 14
0.86 17
0.46 5224
0.16 73981
0.87 3833
0.15 52
0.45 3110
0.52 5
0.66 19765
0.54 91
0.68 64544
0.90 28172
0.20 76
0.19 72673
0.48 7015
0.40 5
0.80 49404
0.77 27
0.62 47690
0.36 60760
0.73 4369
0.30 5972
0.14 19284
0.92 75
0.19 72109
0.66 3022
0.68 7742
0.72 5732
0.69 60
0.46 88777
0.92 8715
0.21 9332
0.69 9644
0.10 21721
0.44 87668
0.59 2946
0.21 78
0.69 548
0.10 74223
0.47 5958
0.84 8985
0.21 3273
0.10 65614
0.59 10
0.66 33
0.45 658
0.51 33770
0.44 6294
0.24 9255
99 814023886
0.74 57
0.65 77
0.12 2370
0.57 45
0.99 2
0.99 9401
0.35 3292
0.86 6168
0.10 23
0.45 6794
0.85 58
0.76 9850
0.96 8195
0.53 66285
0.58 8873
0.84 63130
0.68 55785
0.81 8990
0.75 46621
0.98 15
0.90 6493
0.57 52
0.82 7321
1.00 297
0.35 6554
0.35 23
0.89 31146
0.50 96
0.38 75
0.79 187
0.34 5767
0.27 19
0.41 92090
0.78 22
0.71 6310
0.45 8178
0.45 66
0.67 84402
0.82 896
0.88 63
0.91 25403
0.63 15466
0.84 13
0.24 38
0.36 9303
0.97 4120
0.85 1622
0.49 4140
0.92 53978
0.35 2754
0.53 9050
0.46 11274
1.00 58
0.10 80
0.32 39456
0.76 9216
0.86 26
0.31 9173
0.56 98
0.96 73697
0.99 46
0.63 86075
0.68 4419
0.88 81
0.47 87
0.35 4243
0.98 2702
0.59 8409
0.28 97697
0.39 70
0.73 36
0.74 28
0.24 99
0.40 56
0.92 62827
0.12 42207
0.21 9844
0.60 4175
0.88 5732
0.98 95
0.81 28
0.18 78
0.95 36
0.23 6732
0.43 4757
0.86 56
0.23 351
0.31 61
0.75 72946
0.41 2127
0.75 92
0.95 33886
0.51 8
0.49 4022
0.99 52
0.13 9
0.79 3558
0.11 8772
0.55 129
99 949844597
0.59 79
0.40 2369
0.90 1356
0.65 57
0.35 1408
0.84 51
0.62 6076
0.33 61044
0.99 42542
0.88 13
0.56 5124
0.19 68732
0.14 8969
0.11 71726
0.67 16911
0.47 17558
1.00 90
0.22 15
1.00 3898
0.71 8518
0.40 90
0.88 6980
0.26 9156
0.10 87971
0.48 2321
0.79 336
0.37 5430
0.20 60959
0.28 6383
0.17 60598
0.99 10173
0.50 59898
0.44 27
0.23 6444
0.29 7984
0.70 97
0.56 42
0.86 57700
0.76 66914
0.27 47599
0.44 35
0.99 26
0.99 4342
0.50 932
0.56 9
0.78 20
0.59 45
0.39 6359
0.51 99996
0.13 78132
0.14 64197
0.65 8566
0.44 39377
0.71 88500
0.58 1374
0.72 69826
0.10 32855
0.55 59
0.14 23
0.63 43
0.91 1
0.69 97032
0.44 93664
0.50 12
0.36 92835
0.77 4952
0.10 46
0.27 7724
0.34 16318
0.95 69
0.16 25
0.66 1795
0.59 47
0.95 19769
0.75 1917
0.37 8860
0.32 2851
0.55 3562
0.27 66
0.11 5963
0.76 13
0.89 66977
0.73 5
0.45 4
0.52 97161
0.29 16
0.17 47
0.89 7115
0.18 80
0.77 5699
0.31 6732
0.15 33934
0.52 50423
0.64 2045
0.76 72
0.73 3316
0.98 84
0.47 96950
0.51 5422
99 575573464
0.92 14
0.24 43884
0.29 2890
0.82 13
0.84 13
0.32 5
0.87 48
0.39 42
0.89 8524
0.11 3501
0.17 24061
0.90 84860
0.93 100
0.73 9411
0.31 62817
0.52 3
0.19 39306
0.50 77790
0.77 8140
0.94 88
0.86 2
0.95 71
0.23 11575
0.61 22
0.47 34054
0.18 68460
0.54 84438
0.67 60071
0.92 47
0.47 19504
0.75 50
0.78 28528
0.24 271
0.30 8477
0.82 88806
0.51 1
0.34 4497
0.13 54174
0.69 9652
0.42 40033
0.45 6090
0.80 6668
0.12 9584
0.88 60
0.98 6640
0.23 53530
0.89 15380
0.36 1410
0.64 59638
0.65 56
0.17 36
0.15 956
0.46 76159
0.55 90896
0.87 2158
0.91 1108
0.31 2647
0.80 6
0.92 72
0.30 86293
0.18 23
0.15 72560
0.51 3
0.57 74995
0.22 2159
0.41 52131
0.44 8997
0.29 4356
0.14 99
0.49 53
0.86 30
0.61 2065
0.15 3363
0.31 50965
0.13 2408
0.70 38
0.92 83664
0.67 2403
0.61 80594
0.92 2797
0.28 48725
0.36 46
0.66 26
0.28 4268
0.86 56962
0.43 15327
0.35 5406
0.99 1058
0.81 4416
0.46 30197
0.50 4623
0.15 7460
0.45 96
0.54 85872
0.23 55189
0.50 3455
0.81 45891
0.38 2520
0.14 36
