99 585439253
0.83 13195
0.53 7211
0.56 15803
0.95 74376
0.90 7848
0.25 5638
0.12 63
0.75 42531
0.22 23
0.45 67582
0.50 8915
0.18 61020
0.61 74694
0.98 6654
0.80 90560
0.30 27158
0.11 65
0.99 56
0.51 79581
0.81 98
0.10 5416
0.32 5643
0.22 4604
0.17 1
0.71 22
0.66 36022
0.42 47205
0.72 4608
0.25 29925
0.65 38938
0.88 22
0.87 94328
0.88 82
0.18 68148
0.55 24274
0.39 71
0.53 27132
0.68 36924
0.95 3666
0.10 82767
0.34 82892
0.31 97
0.20 89675
0.62 4535
0.83 48763
0.40 48
0.99 23976
0.44 99996
0.39 48
0.66 66063
0.39 1663
0.17 6805
0.30 1
0.52 58724
0.73 84
0.56 54
0.31 157
0.63 8364
0.36 38
0.20 3979
0.82 89033
0.22 6274
0.71 5161
0.85 6
0.78 9674
0.12 169
0.64 4656
0.23 30
0.52 97
0.39 8987
0.10 92926
0.68 32
0.88 91157
0.87 9156
0.31 1048
0.77 5522
0.20 90115
0.44 2773
0.44 57
0.91 7965
0.89 40884
0.73 61423
0.16 68
0.87 3330
0.74 7386
0.87 41
0.73 31773
0.16 16
0.91 10547
1.00 97168
0.51 364
0.13 100
0.51 68
0.17 7203
0.17 22684
0.58 49850
0.73 84
0.10 67788
0.63 46
99 744805449
0.41 9227
0.95 20269
0.20 35948
0.36 4827
0.91 11862
0.38 13
0.46 14
0.85 64
0.11 22584
0.15 3451
0.89 41
0.30 45418
0.23 6328
0.73 6263
0.22 87
0.54 12869
0.58 46037
0.79 22
0.58 45844
0.34 32
0.93 16
0.57 81106
0.64 20991
0.40 11
0.72 79
0.99 82930
0.56 8841
0.24 98532
0.62 36673
0.83 8652
0.94 57232
0.66 98021
0.20 58283
0.78 15
0.82 3243
0.63 7616
0.80 4809
0.31 45
0.25 36
0.82 75697
0.21 11595
0.39 88
0.94 6512
0.27 70
0.98 9984
0.77 34
0.68 14279
0.31 3658
0.69 49723
0.57 75
0.75 22
0.10 81
0.58 3568
0.24 83
0.87 71
0.43 7899
0.46 15951
0.41 19765
0.86 68
0.24 59
0.16 33
0.85 7341
0.87 96394
0.87 17754
0.69 1489
0.52 90991
0.29 76
0.88 44
0.80 3917
0.28 22378
0.78 84
0.79 5961
0.20 30384
0.46 86921
0.16 48381
0.32 70
0.75 94066
0.40 6
0.24 89
0.35 34
0.54 46
0.24 21
0.50 60
0.32 73446
0.52 83304
0.85 4415
0.59 51
0.95 7488
0.61 6341
0.60 87
0.77 98
0.77 33
0.79 36303
0.98 27
1.00 62989
1.00 123
0.75 73919
0.54 33
1.00 13
99 986515547
0.97 90014
0.36 4234
0.88 11441
0.99 18272
0.74 93227
0.45 21466
0.27 50
0.92 94791
0.61 76
0.48 10
0.60 8840
0.47 8055
0.65 9860
0.53 89836
0.22 71
0.33 71152
0.42 6157
0.41 9394
0.58 30403
0.25 32
1.00 65599
0.32 25609
0.81 24623
0.80 6908
0.49 93416
0.37 89589
0.50 51308
0.53 50051
0.15 4461
0.59 5921
0.94 83
0.92 20
0.53 99
0.30 20
0.91 16
0.62 23402
0.47 6613
0.97 4138
0.51 71
0.13 74
0.97 22
0.32 37288
0.25 1361
0.77 99
0.65 67392
0.35 31168
0.50 62
0.26 7
0.16 16
0.31 10
0.34 2566
0.96 4591
0.78 45
0.79 6047
0.71 81
0.14 7111
0.66 6397
0.80 51007
0.60 47
0.56 76
0.49 71
0.16 49
0.17 5555
0.82 2688
0.85 89621
0.90 34
0.82 2630
0.49 48682
0.21 63
0.41 59
0.12 83
0.91 58091
0.58 48
0.61 62
0.69 7548
0.60 7120
0.17 7531
0.48 3464
0.46 40634
0.17 58881
0.44 9009
0.91 710
0.70 13
0.40 31
0.83 86
0.14 60
0.56 92
0.91 3
0.99 18608
0.69 3474
0.97 98542
0.19 48
0.92 33678
0.47 83
0.66 5
0.16 83
0.21 68347
0.10 98
0.66 7705
99 545254534
0.96 15938
0.22 47151
0.74 9272
0.99 89
0.68 507
1.00 6990
0.41 67525
0.31 19731
0.63 2864
0.87 809
0.93 3647
0.38 11
0.77 53111
0.62 43
0.66 5
0.52 77277
0.33 6777
0.53 610
0.40 13
0.93 66712
0.84 5
1.00 46187
0.57 84
0.94 83
0.47 84852
0.11 16
0.94 80
0.25 1881
0.37 55912
0.17 70802
0.70 91
0.65 5
0.64 31187
0.12 92
0.62 603
0.16 2556
0.11 9526
0.79 4039
0.53 84
0.91 9812
0.18 10502
0.73 113
0.15 90
0.89 81
0.64 14
0.93 25423
0.59 88536
0.33 36370
0.90 84728
0.74 2387
0.12 60
0.37 35531
0.95 47131
0.17 2562
0.74 3667
0.98 50638
0.36 28086
0.17 95717
0.68 20
0.99 1736
0.56 5106
0.67 77
0.45 75205
0.92 57
0.77 241
0.76 85
0.53 35
0.83 9781
0.15 36352
0.92 75
0.40 63567
0.24 38
0.92 27853
0.64 64
0.71 36
0.35 73
0.93 60
0.51 12896
0.10 83
0.52 30
0.59 57
1.00 93982
0.80 26646
0.27 2279
0.67 63
0.72 25
1.00 40238
0.70 16445
0.77 79
0.65 85
0.94 6530
0.69 77623
0.16 25343
0.61 79972
0.52 27220
0.35 55
0.29 19637
0.82 64
0.69 41
99 867168700
0.54 47706
0.28 56
0.30 95
0.25 2163
0.52 17
0.88 62
0.18 7739
0.60 26
0.96 32633
0.24 3960
0.20 77
0.46 75215
0.45 91
0.25 9568
0.19 1403
0.78 17990
0.21 5314
0.69 68166
0.64 43666
0.51 8089
0.69 72
0.64 54
0.46 84103
0.18 92626
0.60 31
0.18 6834
0.58 89692
0.18 38594
0.98 1289
0.59 96652
0.57 8071
0.17 29852
0.61 2927
0.23 86573
0.62 50972
0.18 39
0.56 39
0.75 70105
0.85 48600
0.13 10
0.25 55551
0.25 94
0.62 37
0.84 9611
0.22 100
0.49 8
0.98 93511
0.12 6421
0.54 43
0.80 76
0.90 8663
0.71 26
0.96 42
0.89 60
0.56 17387
0.15 12
0.49 45
0.79 8123
0.68 97
0.31 2021
0.66 48
0.83 78
0.56 8172
0.11 3263
0.86 32504
0.76 3254
0.73 894
0.90 2034
0.75 7374
0.16 56731
0.72 78928
0.23 1453
0.62 63004
0.60 56593
0.53 62641
0.57 435
0.42 6039
0.61 3848
0.24 95
0.45 75
0.46 43
0.78 7593
0.97 9431
0.37 2
0.44 15
0.86 9153
0.47 862
0.50 218
0.64 11691
0.37 3146
0.84 88208
0.67 69
0.34 5484
0.57 35
0.32 1597
0.29 28854
0.23 53
0.42 1781
0.16 90
