99 519109413
0.47 5626
0.58 9160
0.28 1582
0.44 16300
0.16 1943
0.68 56668
0.75 3977
0.33 67
0.16 25305
0.21 2279
0.32 74
0.58 4904
0.87 70
0.89 32720
0.65 58
0.70 62321
0.31 59
0.64 3
0.67 22235
0.58 95553
0.88 1
0.30 17822
0.82 20543
0.46 4789
0.21 60331
0.93 81
0.30 4059
0.31 6899
0.58 27
0.46 72251
0.29 67
0.48 76
0.14 52
0.53 34
0.36 83
0.70 15482
0.19 5320
0.64 7
0.45 21296
0.84 48
0.20 36197
0.62 7488
0.15 15
0.26 87
0.25 95
0.47 84680
0.68 45839
1.00 20
0.96 20220
0.51 61
0.37 6562
0.87 77241
0.57 73
0.91 45817
0.38 40430
0.53 15265
0.40 4162
0.14 64
0.24 28
0.81 37469
0.83 2874
0.37 71791
0.95 43
0.14 27
0.34 541
0.64 8748
0.27 34772
0.34 38
0.62 97840
0.76 13
0.26 5914
0.14 79
0.11 6062
0.49 86543
0.87 78
0.83 92486
0.21 88812
0.16 11661
0.56 15848
0.28 112
0.35 69299
0.99 64239
0.86 31
0.97 83858
0.10 51
0.18 43688
0.60 38548
0.16 71
0.86 1836
0.62 85210
0.69 9519
0.56 19701
0.87 5377
0.95 82
0.84 2442
1.00 77628
0.52 39912
0.74 8223
0.10 32
99 815600000
0.61 99667
0.75 18
0.11 48488
0.86 5
0.33 9920
0.75 29430
0.15 61
0.25 84334
0.70 26701
0.36 95357
0.35 2802
0.60 75235
0.17 56798
0.76 8411
0.72 71
0.95 70
0.93 56
0.93 4003
0.17 15437
0.82 44177
0.34 34006
0.75 7510
0.34 75673
0.21 771
0.41 6624
0.33 442
0.88 29442
0.75 7452
0.42 83
0.82 69
0.34 6443
0.97 79046
0.14 2587
0.21 90431
0.96 1918
0.22 83
0.41 74
0.16 55
0.95 50192
0.70 9787
0.13 90843
0.96 15
0.29 2455
0.35 45
0.48 62636
0.57 15277
0.97 90
0.77 6811
0.64 1750
0.56 3438
0.86 82
0.18 363
0.79 65772
0.33 61
0.95 61
0.56 4575
0.91 8416
0.96 9673
0.93 802
0.82 9813
0.31 1200
0.80 80
0.65 90202
0.13 16835
0.96 53
0.43 83
0.79 36
0.88 67
0.76 4065
0.81 8937
0.25 44796
0.95 45727
0.59 5030
0.45 50962
0.21 98
0.23 31
0.24 6980
0.45 99
0.23 83
0.79 95213
0.51 4934
0.78 24
0.96 43570
0.11 12
0.40 3
0.33 8999
0.73 92
0.95 9546
0.58 1828
0.44 24393
0.97 97418
0.28 8579
0.51 37479
0.78 198
0.44 61
0.46 61
0.72 38
0.79 2294
0.81 62439
99 675594187
0.36 42640
0.97 99846
0.17 80
0.24 97
0.70 6
0.15 326
0.76 51597
0.95 4157
0.98 7055
0.85 76
0.81 49062
0.17 9915
0.53 55839
0.59 845
0.67 79
0.11 2892
0.52 47742
0.41 47
0.78 7076
0.62 6709
0.40 4170
0.77 62
0.14 45645
0.41 7207
0.68 4994
0.77 9181
0.19 96
0.48 57413
0.91 5107
0.95 1792
0.33 6217
0.29 21683
0.89 1990
0.25 71474
0.97 3160
0.32 46215
0.79 71978
0.50 13
0.81 16517
0.94 47070
0.98 4541
0.49 7173
0.86 32799
0.31 2941
0.76 53
0.91 46722
0.94 81327
0.87 14858
0.48 668
0.14 8662
0.10 9802
0.79 6035
0.21 38683
0.98 43004
0.43 42003
0.87 11326
0.81 24
0.40 53
0.30 25
0.57 26888
0.38 1125
0.36 35095
0.84 65896
0.68 33356
0.56 94
0.33 4957
0.58 5
0.66 28623
0.42 80
0.44 2
0.83 73674
0.56 117
0.49 33
0.52 1545
0.96 19
0.52 70
0.18 2324
0.75 84
0.99 69836
0.46 6936
0.79 1573
0.21 44412
0.55 54373
0.74 24
0.81 75151
0.50 72911
0.77 5491
0.54 2087
0.56 5293
0.19 8695
0.34 73513
0.68 96
0.71 96
0.63 37324
0.12 24684
0.18 15
0.24 66075
0.34 25
0.46 43372
99 791891135
0.72 7245
0.32 15336
0.96 12
0.62 16685
0.73 68878
0.38 5674
0.24 26
0.82 25998
0.99 99
0.15 11146
0.96 61
0.81 4633
1.00 83720
0.89 22
0.93 61
0.11 2190
0.79 65484
0.33 1364
0.15 61
0.37 100
0.86 47
0.16 9995
0.10 24980
0.16 6664
0.18 97782
0.35 2748
0.28 93139
0.90 34484
0.83 56
0.41 54
0.32 43
0.25 6015
0.93 3040
0.56 1527
0.61 79
0.19 4112
0.79 6
0.97 68510
0.14 52665
0.50 1148
0.89 68
0.83 61783
0.92 50
0.93 3562
0.44 57
0.99 97729
0.69 16
0.25 9
0.98 37527
0.23 4852
0.46 4188
0.91 91
0.38 56655
0.72 36495
0.32 80980
0.33 88919
0.58 4658
0.69 7810
0.36 7479
0.80 92
0.75 41
0.83 89
0.96 9046
0.50 9952
0.26 61
0.13 99
0.28 8055
1.00 6256
0.38 96972
0.53 25882
0.92 9551
0.63 192
0.93 4531
0.77 2614
0.52 26
0.81 25404
0.44 98
0.16 7425
0.62 9743
0.79 16
0.68 930
0.20 73
0.97 3760
0.86 5376
0.62 74
0.48 52168
0.67 100
0.38 5921
0.24 12168
0.76 88107
0.65 1484
0.94 42987
0.63 28354
0.73 6210
0.88 58
0.33 63113
0.95 7198
0.48 97
0.52 6220
99 875277021
0.90 24702
0.32 9547
0.82 791
0.40 57887
0.34 98546
0.34 16656
0.38 21187
0.97 1919
0.34 93915
0.22 99
0.82 2031
0.42 2661
0.23 68066
0.38 57611
0.74 1558
0.38 25
0.38 2043
0.91 89
0.46 11
0.96 33
0.32 77912
0.33 21
0.35 2903
0.33 2792
0.69 53
0.77 40730
0.94 90
0.27 9
1.00 9888
0.55 5086
0.92 92
0.76 11502
0.66 56280
0.54 42
0.34 57197
0.97 94214
0.46 4288
0.62 54
0.75 24650
0.41 36
0.35 46
0.72 8078
0.24 73101
0.47 59045
0.78 8232
0.32 70791
0.22 4774
0.93 7911
0.63 96758
0.20 7846
0.30 42
0.57 77
0.88 4583
0.32 95600
0.80 74495
0.18 74
0.52 74985
0.43 22
0.42 76
0.13 41217
0.21 135
0.60 87482
0.44 18
0.77 99
0.49 83780
0.12 8056
0.96 94
0.95 61871
0.85 42120
0.46 50212
0.16 57
0.41 421
0.77 9435
1.00 56
0.34 39
0.48 64
0.37 93
0.50 6531
0.36 48401
0.23 52865
0.26 26421
0.95 8393
0.88 83459
0.39 8022
0.17 49
0.92 59323
0.47 96
0.40 99601
0.24 39
0.17 8842
0.42 84055
0.87 91
0.32 9490
0.42 6
0.94 99
0.93 33
0.89 15
0.80 4050
0.98 6391
