50 2914098
1.00 2880
1.00 36296
1.00 88631
1.00 76543
1.00 46809
1.00 60072
1.00 97931
1.00 97757
1.00 62337
1.00 83152
1.00 92550
1.00 11947
1.00 51922
1.00 90464
1.00 43035
1.00 54789
1.00 85406
1.00 18122
1.00 49333
1.00 66470
1.00 93592
1.00 1147
1.00 96039
1.00 13466
1.00 85103
1.00 40866
1.00 42874
1.00 76742
1.00 59997
1.00 5283
1.00 5235
1.00 24991
1.00 51047
1.00 68333
1.00 92177
1.00 79000
1.00 49614
1.00 98709
1.00 23334
1.00 53904
1.00 89884
1.00 82048
1.00 58730
1.00 32479
1.00 49999
1.00 19676
1.00 73777
1.00 94396
1.00 43364
1.00 91846
2 154234
1.00 38287
1.00 45123
16 822182
1.00 25597
1.00 67441
1.00 11451
1.00 9370
1.00 64837
1.00 41562
1.00 23519
1.00 85591
1.00 36961
1.00 33033
1.00 90268
1.00 91913
1.00 82206
1.00 16825
1.00 94950
1.00 52913
