85 516991
0.24 3144
0.43 86498
1.00 46108
0.86 81708
0.59 6917
0.45 98406
0.71 87683
0.12 3480
0.79 26202
0.82 20964
0.16 69961
0.31 20352
0.29 72622
0.17 13530
0.77 4614
0.66 60491
0.49 86695
0.73 90241
0.96 12188
0.52 73195
0.49 96419
0.59 72497
0.78 31046
0.13 31102
0.56 76831
0.38 22618
0.69 14860
0.88 54421
0.51 2910
0.56 95756
0.41 51228
0.72 5050
0.22 39746
0.81 91749
0.93 60353
0.58 63396
0.21 83715
0.34 20432
0.48 70730
0.20 47221
0.85 35725
0.26 24054
0.59 96128
0.47 13607
0.79 6240
0.16 5158
0.36 74085
0.98 18862
0.90 17258
0.24 13764
0.82 3736
0.38 90794
0.52 87326
0.56 95024
0.55 41583
0.95 33802
0.80 79807
0.61 57369
0.13 26555
1.00 2118
0.38 89546
0.41 26073
0.99 43100
0.34 85151
0.34 58082
0.15 60877
0.42 13771
0.51 78055
0.32 18508
0.57 95683
0.38 8397
0.44 82939
0.20 85951
0.65 91076
0.37 94033
0.12 85707
0.15 2638
0.80 99873
0.14 15086
0.76 4745
1.00 4336
0.42 30019
0.35 72537
0.68 73334
0.23 94153
12 664967
0.71 80965
0.89 78979
0.36 88259
0.65 5577
0.89 41627
0.77 79704
0.71 17406
0.66 35725
0.86 45844
0.64 54533
0.32 38228
0.33 65868
91 312741
0.81 21618
0.17 19378
0.63 19065
0.32 56294
0.72 30028
0.89 83758
0.76 97200
0.74 24527
0.15 92632
0.88 23448
0.44 7935
0.40 60921
0.25 87854
0.43 79748
0.26 24478
0.57 82277
0.20 79514
0.42 24828
0.35 77633
0.46 41182
0.88 31607
0.70 43531
0.35 34485
0.99 31002
0.77 88803
0.36 73215
0.22 51880
0.96 16208
0.23 49386
0.44 70361
0.53 98942
0.61 51821
0.94 3947
0.28 32635
0.48 4641
0.43 46301
0.62 90280
0.10 40917
0.60 40262
0.67 2114
0.47 39789
0.15 89142
0.65 8125
0.75 79561
0.76 72239
0.43 26452
0.59 10240
0.57 4230
0.39 5494
0.21 93548
0.84 57521
0.55 88004
0.63 44882
0.65 31186
0.10 96379
0.58 75475
0.61 70757
0.54 63341
0.39 74657
0.39 71401
0.52 56049
0.44 29854
0.73 60059
0.52 17679
0.55 60685
0.29 25511
0.21 14947
0.39 88849
0.51 86839
0.22 94857
0.88 70355
0.41 76758
0.92 26690
0.22 70812
0.68 8959
0.67 76788
0.35 96813
0.15 94075
0.64 65291
0.26 55530
0.69 24126
0.46 15573
0.71 24864
0.49 47309
0.49 77569
0.67 10965
0.75 44321
0.59 34446
0.80 8345
0.97 28519
0.99 64784
71 521910
0.69 46175
0.58 49425
0.86 44341
0.11 21186
0.42 51123
0.67 71656
0.68 60184
0.37 41525
0.80 70646
0.93 18627
0.56 89992
0.91 55659
0.80 58617
0.50 39620
0.75 99501
0.96 42097
0.92 51837
0.50 16043
0.16 78251
0.12 14841
0.14 89944
0.11 31482
0.91 3883
0.63 86245
0.26 83659
0.21 83532
0.15 85436
0.55 77085
0.92 61738
0.22 52965
0.83 43438
0.63 81459
0.28 92514
0.78 37902
0.97 57192
0.78 32017
0.73 48359
0.74 58769
0.76 62600
0.28 51160
0.70 30140
0.96 93879
0.19 48884
0.83 92991
0.48 12851
0.76 37945
0.68 345
0.33 27814
0.43 34045
0.63 62602
0.50 93155
0.66 8225
0.27 67575
0.28 2338
0.29 22530
0.44 85574
0.93 61061
0.14 53273
0.11 74259
0.98 31467
0.83 9175
0.50 17831
0.54 48590
0.76 65637
0.79 1080
0.10 57536
0.60 6186
0.77 56397
0.75 96921
0.44 64595
0.12 51166
68 330178
0.24 74748
0.62 93187
0.33 25290
0.98 10376
0.26 31846
0.91 16227
0.97 58794
0.57 3901
0.61 7775
0.19 55091
0.94 85008
0.98 84909
0.27 14566
0.36 73369
0.32 74606
0.16 59908
0.44 35685
0.85 70447
0.23 13588
0.36 73390
0.43 67037
0.89 86080
0.13 39014
0.59 81433
0.84 8720
0.67 52247
0.39 81340
0.32 96917
0.84 7833
0.35 95757
0.15 16436
0.54 57822
0.20 65388
0.31 12158
0.86 93005
1.00 8338
0.49 19274
0.81 86528
0.36 83484
0.54 38917
0.13 81141
0.42 16686
0.96 59397
0.84 6497
0.35 204
0.93 85596
0.59 44187
0.18 18268
0.65 85447
0.50 89598
0.91 16486
0.79 84163
0.47 25938
0.49 54610
0.97 91683
0.28 27565
0.67 43619
0.56 24112
0.33 69560
0.72 75590
0.80 98028
0.20 71447
0.31 67162
0.21 3029
0.46 5042
0.42 8242
0.54 88811
0.81 84060
