63 68
0.10 70902
0.10 95771
0.10 74215
0.10 94831
0.10 96499
0.10 64044
0.10 68216
0.10 55646
0.10 81461
0.10 65186
0.10 93521
0.10 87478
0.10 83213
0.10 76890
0.10 60306
0.10 98213
0.10 50120
0.10 56657
0.10 61279
0.10 68114
0.10 88256
0.10 92300
0.10 55804
0.10 81136
0.10 80181
0.10 69350
0.10 53308
0.10 62207
0.10 77429
0.10 63859
0.10 60737
0.10 91746
0.10 99012
0.10 62380
0.10 95189
0.10 74158
0.10 50402
0.10 61746
0.10 97050
0.10 66648
0.10 85533
0.10 88085
0.10 93411
0.10 71050
0.10 76563
0.10 74775
0.10 80897
0.10 93922
0.10 76764
0.10 52797
0.10 76797
0.10 74272
0.10 66620
0.10 76568
0.10 85901
0.10 51145
0.10 84458
0.10 92529
0.10 61066
0.10 89756
0.10 86992
0.10 85306
0.10 55614
96 97
0.10 95760
0.10 59829
0.10 69644
0.10 53153
0.10 64665
0.10 56997
0.10 70849
0.10 98986
0.10 95699
0.10 50346
0.10 69267
0.10 62186
0.10 98038
0.10 59463
0.10 78318
0.10 94875
0.10 59095
0.10 64060
0.10 50986
0.10 90366
0.10 85352
0.10 52630
0.10 81056
0.10 57390
0.10 97472
0.10 79578
0.10 86962
0.10 57896
0.10 77736
0.10 66687
0.10 69269
0.10 50823
0.10 95406
0.10 70110
0.10 64616
0.10 54012
0.10 84979
0.10 85493
0.10 71184
0.10 64797
0.10 87171
0.10 79432
0.10 59533
0.10 82004
0.10 55457
0.10 64195
0.10 73518
0.10 80551
0.10 93794
0.10 62724
0.10 56765
0.10 55792
0.10 89025
0.10 91109
0.10 85637
0.10 64243
0.10 61662
0.10 99883
0.10 95822
0.10 90310
0.10 77662
0.10 75654
0.10 62615
0.10 73303
0.10 88994
0.10 78543
0.10 65185
0.10 68508
0.10 81155
0.10 68867
0.10 55141
0.10 92883
0.10 99625
0.10 84480
0.10 55363
0.10 51034
0.10 95506
0.10 51849
0.10 67114
0.10 93852
0.10 80912
0.10 89478
0.10 54221
0.10 72209
0.10 55310
0.10 96689
0.10 62902
0.10 65223
0.10 85751
0.10 93114
0.10 88697
0.10 85528
0.10 90271
0.10 94789
0.10 50068
0.10 75435
60 126
0.10 68548
0.10 69064
0.10 65656
0.10 97519
0.10 95478
0.10 62974
0.10 93186
0.10 91685
0.10 76352
0.10 85634
0.10 51413
0.10 97612
0.10 89523
0.10 88308
0.10 90825
0.10 72298
0.10 63316
0.10 56654
0.10 59413
0.10 77447
0.10 91591
0.10 50326
0.10 99768
0.10 97028
0.10 91880
0.10 74188
0.10 75592
0.10 99898
0.10 89081
0.10 87214
0.10 87600
0.10 72152
0.10 85900
0.10 77194
0.10 99425
0.10 92107
0.10 64025
0.10 66492
0.10 85252
0.10 56002
0.10 90168
0.10 53717
0.10 76101
0.10 94092
0.10 72785
0.10 82891
0.10 90974
0.10 65980
0.10 93662
0.10 94853
0.10 52007
0.10 91923
0.10 81611
0.10 93035
0.10 74176
0.10 98329
0.10 65658
0.10 92878
0.10 98610
0.10 71953
