92 529685
0.53 64005
0.85 54838
0.13 39999
0.67 47134
0.90 52934
0.15 71242
0.45 19900
1.00 52517
0.64 97046
0.75 90089
0.86 76055
0.28 35470
0.40 57727
0.77 10382
0.23 9163
0.94 8142
0.45 7371
0.17 70758
0.83 32049
0.23 89763
0.77 299
0.63 53055
0.57 35074
0.25 82196
0.14 64324
0.64 55707
0.90 60389
0.25 43786
0.95 39860
0.65 24436
0.21 67222
0.75 52865
0.14 23509
0.98 30672
0.66 62489
0.57 18335
0.91 13916
0.54 2814
0.18 84964
0.42 15074
0.66 86483
0.84 69844
0.27 2034
0.80 58185
0.44 93292
0.59 54709
0.11 30390
0.49 76589
0.46 56287
0.85 62185
0.48 86242
0.24 98550
0.30 45357
0.25 12093
0.15 10485
0.11 20470
1.00 89219
0.69 21879
0.42 96090
0.84 538
0.50 15567
0.43 14826
0.60 44469
1.00 95965
0.50 64641
0.27 49397
0.33 16076
0.16 84914
0.65 63618
0.35 57668
0.41 48524
0.16 4356
0.51 70267
0.57 79310
0.75 16588
0.47 2001
0.27 38612
0.60 49519
0.50 52177
0.67 14867
0.80 48623
0.56 3839
0.97 29292
0.63 93151
0.45 70352
0.23 2250
0.96 89328
0.94 79504
0.18 24871
0.54 38692
0.10 40475
0.31 66145
56 72416
0.83 69518
0.53 82335
0.56 77870
0.92 95701
0.94 36083
0.90 33042
0.70 87043
0.71 53880
0.76 5687
0.19 81420
0.96 36813
0.29 50999
0.15 68748
0.82 1732
0.32 9120
0.95 49816
0.86 9124
0.15 73519
0.99 1899
0.24 85643
0.36 49460
0.53 59123
0.39 57802
0.35 64209
0.11 76249
0.42 95147
0.86 69281
0.75 91569
0.34 56535
0.99 10017
0.77 67965
0.41 80792
0.34 81714
0.59 91711
0.94 5657
0.15 60217
0.35 61173
1.00 38941
0.32 54872
0.56 19347
0.87 4141
0.12 46854
0.88 63995
0.12 62713
0.33 61667
0.39 94137
0.22 67522
0.42 96947
0.39 28431
0.62 95453
0.92 5725
0.16 94458
0.75 1785
0.20 81792
0.59 80188
0.58 54955
67 864538
0.42 12665
0.80 11587
0.58 26634
0.13 50807
0.79 66613
0.63 74468
0.43 49320
0.76 11677
0.26 3282
0.23 27652
0.89 52647
0.73 18012
0.55 90645
0.90 95485
0.12 70767
0.35 5756
0.43 30021
0.22 13921
0.21 45641
0.47 39570
0.36 21352
0.76 35866
0.56 13552
0.42 58888
0.78 4093
0.76 10789
0.93 27104
0.62 16047
0.65 10189
0.48 9950
0.20 35125
0.71 41472
0.25 88011
0.29 50309
0.59 63208
0.35 17222
0.85 14653
0.37 600
0.84 1250
0.97 69512
0.97 40666
0.48 30993
0.64 45629
0.85 66221
0.67 23178
0.17 92683
0.20 93860
0.56 15853
0.54 98272
0.41 82619
0.20 63357
0.62 91293
0.53 58877
0.98 38182
0.29 12570
0.98 62571
0.11 69501
0.36 98577
0.42 32588
0.65 40717
0.47 35246
0.65 35500
0.86 87782
0.72 10779
0.42 4484
0.91 6106
0.75 18039
86 772026
1.00 14605
1.00 67878
0.20 94500
0.11 16841
0.50 57746
0.80 10801
0.61 84033
0.53 54340
0.79 55067
0.65 65551
0.31 938
0.10 81958
0.98 9074
0.86 91073
0.83 97148
0.94 20464
0.77 15758
0.14 29233
0.17 23248
0.86 10489
0.12 91825
0.69 84577
0.43 83280
0.14 22679
0.62 80854
0.79 70713
0.61 53012
0.14 89779
0.68 61009
0.26 14431
0.59 47484
0.17 47582
0.53 44302
0.64 12095
0.47 85429
0.67 45489
0.73 4929
0.53 58366
0.80 10757
0.44 91733
0.30 50189
0.15 6153
0.59 20170
0.24 47839
0.76 10369
0.53 53533
0.86 57594
0.71 75132
0.38 3429
0.15 39255
0.17 90220
0.31 63113
0.78 12975
0.34 21664
0.61 59349
0.21 42546
0.89 41839
0.96 88110
0.88 58412
0.61 7271
0.27 14064
0.22 41419
0.35 41423
0.17 93296
0.22 21866
0.89 12988
0.58 43906
0.84 76489
0.61 27650
0.81 10936
0.70 4827
0.42 82758
0.74 20359
0.51 24632
0.18 31719
0.49 85662
0.14 11202
0.98 6548
0.77 98459
0.67 99170
0.94 36630
0.97 71732
0.42 8390
0.78 61333
0.99 53496
0.98 52228
88 9321
0.49 78429
0.42 17197
0.20 29806
0.61 59932
0.44 66519
0.30 35757
0.70 57274
0.98 91100
0.61 34231
0.56 24126
0.56 72815
0.98 144
0.28 24728
0.16 12628
0.56 27744
0.89 3290
0.85 44235
0.64 71740
0.79 80831
0.72 83927
0.59 6069
0.68 50358
0.10 28666
0.90 72957
0.78 34667
0.55 96044
0.12 96692
0.92 32793
0.59 93799
0.92 97498
0.12 44387
0.87 85323
0.58 33354
0.57 15555
0.95 11175
0.66 45232
0.64 79329
0.55 67930
0.71 22153
0.69 12994
0.96 25670
0.58 11815
0.48 1750
0.49 84425
0.35 36048
0.42 94664
0.22 62841
0.53 20143
0.46 99517
0.47 33797
0.85 72392
0.40 49543
0.80 82227
0.29 8825
0.81 53092
0.98 66337
0.16 40971
0.34 56414
0.65 1892
0.94 92078
0.54 55896
0.98 96319
0.99 58861
0.53 56035
0.99 25372
0.43 28773
0.74 4326
0.80 7310
0.88 67464
0.84 68404
0.46 95538
0.73 90929
0.71 20631
0.93 31397
0.84 76024
0.11 7027
1.00 44998
0.47 69855
0.62 60560
0.66 30343
0.82 64988
0.75 18215
0.91 36622
0.21 53282
0.88 45641
0.33 78189
0.91 22663
0.17 85277
