53 314568
0.98 34704
0.41 42601
0.94 30118
0.99 26083
0.85 50110
0.48 73220
0.10 2088
0.64 16942
0.48 43458
0.87 5119
0.97 47591
0.80 61565
0.49 95599
0.87 11315
0.98 43819
0.28 36591
0.86 83472
0.56 12868
0.91 70212
0.69 47653
0.33 99359
0.18 89505
0.48 61744
0.67 24910
0.24 17640
0.64 86965
0.72 76358
0.83 62145
0.62 1736
0.69 56187
0.78 12651
0.40 89817
0.65 30765
0.74 50621
0.24 4392
0.21 6731
0.94 81031
0.64 87317
0.97 79005
0.44 52005
0.67 18200
0.82 72249
0.42 28847
0.58 67913
0.57 27089
0.22 49026
0.68 74541
0.98 60844
0.90 98261
0.38 81101
0.68 74049
0.24 3847
0.10 59045
97 910103
0.64 50951
0.59 88004
0.62 84282
0.57 82313
0.17 42732
0.78 92731
0.79 91418
0.14 29335
0.55 69895
0.60 86026
0.30 97537
0.46 31514
0.97 97241
0.35 72533
0.16 40803
0.63 7858
0.37 52695
0.71 728
0.63 23704
0.25 88155
0.37 97530
0.14 77958
0.90 99834
0.64 76963
0.94 44018
0.56 98726
0.33 18641
0.22 84816
0.46 62058
0.19 32744
0.59 20008
0.60 42507
0.82 46126
0.22 58847
0.56 34162
0.43 88043
0.50 32301
0.80 76535
0.31 44371
0.22 42460
0.73 58733
0.37 22070
0.54 79884
0.22 28085
0.97 43973
0.27 28031
0.90 46493
0.73 99933
1.00 80106
0.28 82588
0.32 63591
0.26 63171
0.72 46394
0.47 67331
0.33 20013
0.55 90379
0.49 47094
0.16 83106
0.38 68826
0.13 62672
0.21 65008
0.58 21394
0.91 46600
0.21 70619
0.16 72466
0.49 75134
0.15 46945
0.28 27334
0.53 11457
0.46 53803
0.77 55405
0.84 68741
0.90 35545
0.12 48410
0.10 47282
0.92 10427
0.20 51290
0.33 10603
0.77 94193
0.32 23831
1.00 18311
0.33 7643
0.89 93412
0.50 22421
0.68 41400
0.76 17279
0.77 42655
0.25 68289
0.79 53404
0.39 92044
0.98 33076
0.91 43128
0.91 86916
0.57 2756
0.95 48911
0.92 87047
0.40 58526
