61 584555
0.99 53339
0.58 90577
0.26 18718
0.78 7740
0.20 24296
0.90 61967
0.82 44796
0.16 90704
0.11 64200
0.54 60689
0.94 12212
0.71 84484
0.95 56816
0.99 42482
0.96 46840
0.63 69932
0.68 92497
0.16 8224
0.18 37550
0.40 19215
0.94 55344
0.46 88206
0.47 10991
0.52 57763
0.19 41906
0.61 27299
0.86 17838
0.14 41040
0.88 80019
0.45 56679
0.58 46817
0.89 94171
0.62 36642
0.67 15483
0.95 85975
0.20 82794
0.95 10206
0.22 58387
0.71 35781
0.96 39368
0.36 86788
0.42 45995
0.52 52586
0.46 41555
0.69 49548
0.10 52539
0.76 40573
0.91 27665
0.56 6905
0.35 87454
0.89 13574
0.28 73520
0.86 82442
0.59 7646
0.40 94305
0.82 46014
0.42 7964
0.18 41854
0.11 76118
0.59 43268
0.13 48518
