23 348875
0.95 13610
0.94 4317
0.86 86160
0.86 23315
0.76 60476
0.46 82932
0.74 28680
0.50 88641
0.57 19114
0.45 77892
0.73 73010
0.73 90925
0.82 86460
0.87 89715
0.76 14375
0.34 26450
0.83 90374
0.46 81809
0.22 28546
0.93 85129
0.38 42008
0.90 38408
0.94 20404
62 455678
0.27 53340
0.32 70218
0.16 48429
0.68 89841
0.53 28705
0.59 22468
0.27 51236
0.78 66744
0.98 47515
0.80 22932
0.92 84643
0.44 3019
0.53 92065
0.94 56749
0.10 93529
0.81 11699
0.50 12700
0.99 88177
0.35 26254
0.79 17536
0.20 39788
0.12 87110
0.90 41292
0.59 64928
0.61 96424
0.29 89714
0.63 90882
0.42 10643
0.25 10174
0.82 48766
0.83 23649
0.32 79278
0.57 62077
0.48 37151
0.16 80641
0.51 9026
0.45 71269
0.87 52844
0.57 63387
0.21 51342
0.79 28336
0.47 29613
0.84 39800
0.65 13292
0.56 45437
0.18 74051
0.96 8547
0.33 4334
0.20 26450
0.94 55979
1.00 41407
0.58 72573
0.91 91903
0.39 82842
0.49 43243
0.51 12289
0.31 59703
0.13 18449
0.41 34610
0.37 34648
0.82 24078
0.66 21333
43 58160
0.39 58463
0.68 13935
0.32 52712
0.10 52877
0.97 37103
0.85 28276
0.43 45381
0.49 49119
0.54 27532
0.99 90258
0.14 71707
0.44 64384
0.14 74903
0.35 51511
0.59 80874
0.88 58990
0.41 34322
0.44 98130
0.10 68585
0.93 35492
0.87 36909
0.90 99632
0.87 99371
0.60 71982
0.23 94645
0.98 80655
0.50 83646
0.61 11890
0.57 93733
0.16 703
0.41 75522
0.37 39676
0.40 97450
0.61 70244
0.66 5951
0.54 94321
0.16 55528
0.13 13670
0.97 81332
0.11 13220
0.30 64912
0.68 50413
0.98 76066
21 953909
0.19 74652
0.56 80608
0.92 25445
0.94 43955
0.68 72341
0.28 62820
0.56 94604
0.78 73819
0.12 49159
0.16 6426
0.25 67565
0.61 98629
0.58 3703
0.34 45916
0.74 15286
0.30 38433
0.22 87383
0.40 3402
0.15 63645
0.77 35054
0.26 24221
36 203572
0.35 189
0.46 37701
0.62 84337
0.85 72261
0.82 26385
0.46 94969
0.53 7484
0.61 22309
0.76 36271
0.96 54639
0.27 81162
0.32 53908
0.49 98387
0.73 69511
0.30 60063
0.48 39179
0.78 72722
0.75 26942
0.25 91321
0.99 65055
0.94 28976
0.60 72587
0.29 36184
0.84 37383
0.12 27692
0.70 73002
0.52 2149
0.19 70690
0.41 24566
0.81 41728
0.24 74454
0.73 63460
0.62 82475
0.80 87867
0.24 82811
0.17 68056
