77 320890
0.55 56723
0.48 40763
0.45 50849
0.37 28548
0.33 96792
0.14 49653
0.22 98448
0.35 49707
0.11 90253
0.35 19852
0.82 68460
0.58 57875
0.29 57372
0.70 95733
0.88 5191
0.13 72144
0.68 49902
0.87 52519
0.49 83222
0.77 51754
0.46 7885
0.88 87231
0.12 83896
0.20 5441
0.38 91107
0.42 80426
0.95 98488
0.84 79236
0.27 84499
0.29 22843
0.37 25703
0.25 69233
0.15 59450
0.76 20359
0.19 15284
0.21 4231
0.28 35154
0.67 17451
0.62 88512
0.38 96989
0.76 86485
0.29 32028
0.68 66303
1.00 84377
0.47 49363
0.40 35116
0.23 22454
0.62 57927
0.54 44477
0.61 74097
0.66 97110
0.36 60462
0.41 60807
0.71 45505
0.45 4175
0.18 31091
0.98 54848
0.32 48896
0.76 76225
0.83 99890
0.75 13977
0.78 50954
0.96 9631
0.48 56311
0.80 96120
0.50 784
0.86 56106
0.80 81162
0.23 50439
0.22 1518
0.64 29428
1.00 2323
0.72 5531
0.39 57659
0.66 77898
0.57 48444
0.48 74098
34 133269
0.54 47758
0.53 83620
0.57 96869
0.89 79578
0.33 1593
0.69 99252
0.59 91425
0.76 55948
0.11 64793
0.18 70286
0.72 25731
0.54 41859
0.58 87174
0.51 56279
0.21 45434
0.20 57834
0.26 89261
0.91 38279
0.52 60167
0.61 9654
0.84 72461
0.34 80674
0.70 92877
1.00 45773
0.39 32635
0.83 33343
0.48 26369
0.31 48973
0.70 34378
0.82 73099
0.95 97508
0.41 14302
0.87 13278
0.87 84437
44 172267
0.21 27705
0.75 9470
0.35 56107
0.61 75495
0.64 81988
0.14 32253
0.80 22627
0.82 8514
0.21 29757
0.84 64073
0.43 57267
0.97 64416
0.93 87976
0.42 92827
0.81 71275
0.71 28930
0.67 66982
0.29 64891
0.56 52550
0.29 62606
0.25 66251
0.36 22352
0.18 59122
0.99 20113
0.40 50875
0.36 72572
0.55 18638
0.82 61502
0.79 60761
0.81 89936
0.52 18283
0.45 42744
0.25 26421
0.89 85851
0.19 85468
0.37 49853
0.90 26708
0.13 68293
0.45 916
0.33 61769
0.93 90514
0.41 92656
0.12 49125
0.68 10617
71 910135
0.43 41123
0.45 94950
0.30 13051
0.65 69157
0.61 10130
0.44 68683
0.21 5906
0.11 74305
0.98 6263
0.99 90482
0.61 8236
0.98 77660
0.34 58955
0.26 15657
0.98 41749
0.38 43680
0.56 2422
0.12 25423
0.98 51069
0.26 73533
0.75 3298
0.80 24845
0.40 12225
0.80 55136
0.84 51698
0.35 40838
0.37 98306
0.40 80933
0.32 89417
0.36 21271
0.40 34020
0.72 15832
0.46 12960
0.58 69271
0.82 4195
0.44 33384
0.12 57246
0.68 24627
0.59 35363
0.51 93453
0.40 21259
0.40 52845
0.70 40171
0.20 5673
0.85 66207
0.29 50271
0.11 86937
0.73 87581
0.45 10590
0.90 55493
0.14 5464
0.29 80748
0.64 64144
0.34 19638
0.90 20451
0.77 73451
0.78 68436
0.74 53885
0.94 19962
0.49 14425
0.90 24473
0.28 72812
0.53 32008
0.66 43987
0.66 6389
0.83 91072
0.15 90258
0.80 67875
0.79 16731
0.78 29231
0.69 2168
