14 150729
0.73 7265
0.74 33961
0.68 39690
0.81 32849
0.80 7056
0.37 67240
0.33 42586
0.36 7670
0.79 54107
0.74 79535
1.00 94618
0.62 19333
0.17 65789
0.55 13473
40 408324
0.76 88280
0.47 93222
0.65 4407
0.54 42493
0.60 23105
0.63 96938
0.64 98249
0.84 30953
0.77 56093
0.69 371
0.51 93527
0.37 96523
0.97 67916
0.71 72304
0.18 91362
0.55 2486
0.93 43010
0.20 83846
0.50 16925
0.77 77027
0.34 33751
0.77 6374
0.46 17278
0.25 8482
0.77 45069
0.50 89216
0.77 43913
0.59 91508
0.65 43380
0.71 62167
0.20 72925
0.57 18008
0.60 94427
0.66 38620
0.11 45961
0.32 28379
0.66 3467
0.68 18633
0.48 19959
0.98 13004
