28 597534
0.33 7738
0.95 71118
0.90 31575
0.38 34929
0.55 63845
0.82 81804
0.63 61226
0.81 14969
0.97 20753
0.39 4530
0.11 33254
0.23 99951
0.17 42029
0.25 80735
0.66 98630
0.23 71614
0.78 45513
0.73 61511
0.34 61241
0.29 1550
0.27 79181
0.39 18063
0.26 98951
0.47 97627
0.20 39799
0.43 49164
0.33 51517
0.39 5669
28 964503
0.56 32198
0.10 78305
0.69 78937
0.84 49729
0.44 22276
0.80 17404
0.66 84140
0.96 33853
0.30 11788
0.83 17577
0.14 86212
0.18 23383
0.44 18006
0.81 33567
0.49 332
0.22 36662
0.35 21298
0.26 25072
0.95 50894
0.55 74511
0.42 7429
0.36 83984
0.64 37291
0.44 6833
0.77 65690
0.11 58777
0.92 91964
0.17 72764
7 15264
0.65 43726
0.10 23414
0.55 38549
0.79 4805
0.80 98755
0.20 45513
0.83 73604
41 9121
0.66 874
0.87 1813
0.47 55690
0.30 29662
0.61 74546
0.52 10511
0.88 45870
0.43 75595
0.96 1803
0.34 27307
0.57 26440
0.35 34390
0.87 75462
0.22 26301
0.77 30165
0.74 78059
0.25 80244
0.77 67554
0.46 606
0.26 2043
0.69 44031
0.34 70769
0.96 8411
0.15 93300
0.89 94657
0.83 57579
0.44 87683
0.40 78138
0.87 45859
0.36 86579
0.61 70035
0.94 64584
0.99 87552
0.86 21007
0.80 44796
0.40 724
0.44 51177
0.42 82327
0.17 66116
0.47 39221
0.93 553
