1000 51
2089 2091
2766 2767
908 911
340 346
1483 1484
2961 2966
2556 2561
2526 2531
1848 1852
3282 3287
692 696
3651 3652
1690 1696
2875 2878
4064 4070
1960 1963
1053 1055
1965 1968
2160 2164
3680 3686
3667 3668
3306 3309
3867 3870
35 38
3111 3116
1136 1137
3686 3688
1456 1460
2324 2328
2150 2151
3141 3147
4215 4217
100 103
413 419
3885 3890
3024 3029
1563 1564
684 689
133 135
2115 2121
2892 2893
3535 3538
365 369
2180 2183
3514 3515
1546 1548
3391 3397
1261 1267
1715 1720
3822 3823
2736 2741
4252 4256
3188 3189
353 357
2584 2585
2003 2006
2378 2381
770 774
1826 1830
4296 4301
3158 3159
1854 1859
4041 4045
3327 3329
205 206
193 198
1812 1813
1561 1562
2087 2089
3876 3882
3204 3206
4384 4390
3764 3769
2182 2184
588 589
2182 2183
3094 3099
843 848
3001 3007
2419 2421
2909 2913
2604 2610
1493 1494
142 146
3378 3382
2304 2308
1796 1798
4160 4165
2519 2521
2634 2640
1179 1183
2524 2526
1247 1250
3746 3748
2093 2098
409 414
2299 2300
1785 1790
2134 2140
2647 2652
2337 2341
1256 1259
2616 2617
3047 3048
3828 3833
2789 2790
4422 4428
2785 2790
709 715
3979 3983
2148 2150
3521 3525
3760 3764
1974 1980
3384 3386
391 396
4477 4479
675 676
3736 3742
1928 1930
4347 4349
7 11
3488 3492
4113 4116
3720 3725
2400 2404
3342 3348
258 264
962 968
1914 1915
937 939
314 317
3458 3462
2507 2512
1239 1244
602 607
913 914
3516 3518
3121 3122
3421 3424
272 273
3021 3024
38 40
4480 4484
3950 3952
3953 3957
2464 2470
58 59
387 389
238 239
4455 4457
1285 1286
103 109
3201 3204
646 650
890 896
2896 2899
1734 1740
1567 1573
2476 2481
2769 2771
1354 1357
1416 1418
2846 2852
3988 3990
650 652
3576 3578
812 817
3701 3707
2222 2226
2074 2080
2825 2831
1590 1594
2154 2159
2404 2410
282 285
2863 2866
3495 3498
737 743
3034 3038
462 468
3260 3264
3791 3793
1611 1615
3726 3731
297 303
4293 4296
4098 4099
4024 4025
3605 3608
609 610
2120 2123
3960 3966
3966 3970
1425 1428
3806 3812
2938 2942
4060 4062
293 297
2790 2793
3612 3613
1184 1186
807 811
2031 2033
586 589
4200 4206
2666 2668
3356 3359
782 787
565 567
2917 2918
3400 3406
2902 2908
612 613
1728 1732
2452 2457
2542 2548
469 472
4131 4137
2944 2949
3438 3441
4101 4104
561 562
2329 2335
2045 2047
3894 3899
3563 3567
2854 2855
2569 2574
1640 1646
2314 2320
2357 2362
3600 3605
1663 1669
2174 2180
2922 2927
2378 2379
883 887
819 820
1089 1095
3930 3935
1369 1373
4241 4246
550 554
896 900
1774 1777
1344 1348
3454 3459
471 477
1519 1524
1859 1861
1108 1113
2668 2669
4225 4229
1302 1307
577 581
158 161
1400 1406
109 113
1338 1344
1063 1068
1551 1552
1199 1200
3464 3466
3287 3289
1269 1273
999 1004
3643 3649
3397 3399
2491 2492
3915 3917
4071 4075
4341 4346
3688 3690
3248 3251
3360 3361
3774 3779
334 340
1333 1337
2661 2664
1229 1233
1657 1663
2059 2064
925 926
1407 1408
4212 4214
1050 1051
3443 3446
2271 2277
2457 2461
1324 1330
744 747
4093 4094
3873 3876
4446 4448
2293 2299
2049 2054
2713 2717
3629 3635
1882 1888
346 348
3616 3622
289 293
1838 1841
517 523
3123 3128
2201 2202
3058 3061
1686 1687
2995 2999
2688 2694
3943 3947
568 569
3825 3827
2439 2444
4087 4090
4454 4456
3350 3353
2140 2141
1887 1893
1250 1251
3446 3452
1804 1807
1280 1283
2462 2463
642 646
2834 2836
2237 2242
3583 3588
3660 3665
2618 2623
265 270
4050 4053
2982 2986
129 130
3906 3909
610 611
3294 3300
635 641
970 975
3077 3081
862 866
1815 1820
3802 3806
3544 3548
3031 3034
2123 2126
2188 2192
4080 4083
1742 1748
72 74
670 674
1296 1300
4397 4402
347 349
380 385
1467 1473
2496 2498
1680 1686
2206 2212
1701 1707
1610 1611
1557 1562
1750 1752
2913 2918
3050 3056
164 170
2446 2451
2887 2889
3411 3416
3386 3390
3918 3919
4268 4274
92 96
4235 4240
4110 4114
1009 1014
3757 3758
4407 4410
1410 1414
2917 2923
2642 2643
3483 3484
2966 2967
3580 3581
171 175
136 140
873 874
1905 1911
571 575
2437 2439
1956 1959
3255 3258
2588 2594
3781 3783
2815 2821
1768 1769
3310 3315
3573 3574
2883 2885
4150 4152
1800 1805
3406 3408
1635 1638
1844 1848
3108 3110
3475 3481
1577 1581
2514 2517
3780 3781
1213 1219
4127 4131
1927 1928
454 458
3008 3014
3207 3208
4459 4461
4463 4466
1134 1136
3654 3660
3756 3757
3148 3151
1969 1972
2334 2336
702 707
3158 3164
317 320
4054 4057
1672 1674
1309 1314
3850 3853
1126 1130
3555 3557
2811 2814
1439 1440
2011 2012
2289 2291
2213 2216
592 595
2103 2109
2128 2131
3593 3594
2671 2676
2629 2634
3857 3862
4187 4188
826 829
1981 1985
1541 1543
1151 1153
1989 1994
1900 1902
2858 2860
1595 1601
122 127
2701 2707
1035 1037
4428 4432
4277 4278
4484 4488
2144 2145
1483 1484
1420 1424
499 503
874 880
4379 4382
2278 2282
2794 2797
1877 1879
976 980
2256 2260
2423 2429
3426 3432
82 84
2217 2220
2185 2187
2833 2834
1654 1655
1446 1448
1330 1333
82 83
4431 4433
1295 1296
2352 2357
4206 4208
75 81
251 252
3229 3233
1475 1480
2357 2358
839 842
162 164
4210 4212
1581 1586
4145 4149
4375 4379
4197 4198
3560 3563
4467 4470
2779 2784
539 542
4313 4319
2959 2961
3990 3991
277 280
2596 2602
4292 4293
3338 3340
2249 2255
478 483
1512 1517
212 215
2837 2841
3063 3067
1382 1383
3332 3337
3198 3201
1622 1626
3468 3470
1363 1369
3152 3156
2720 2724
4052 4053
2820 2822
3938 3942
3484 3488
2751 2755
1103 1108
4106 4107
420 426
2927 2932
97 100
3882 3886
1534 1538
3208 3212
4118 4123
4082 4088
4188 4194
2724 2727
1131 1132
621 625
4258 4261
3749 3753
3321 3327
993 997
3242 3247
1190 1196
1144 1148
524 529
3839 3840
3694 3695
2501 2504
2230 2231
787 790
357 363
2622 2627
1777 1783
3415 3421
1698 1699
729 734
61 67
836 837
21 26
4391 4396
1024 1027
1996 2002
3266 3271
2260 2263
4154 4157
305 311
1233 1237
1821 1826
2171 2173
4410 4411
2021 2023
248 252
3362 3367
1921 1924
3853 3856
3507 3512
3369 3373
1916 1918
42 47
3622 3624
2380 2382
1627 1631
582 586
4450 4454
200 205
2284 2287
557 559
1154 1156
3911 3913
2371 2375
718 724
1723 1728
725 728
1358 1364
3128 3134
3795 3797
438 444
1552 1555
1843 1845
654 656
2931 2935
2066 2067
2320 2323
3176 3177
2365 2371
1863 1864
2341 2343
946 950
510 515
3623 3628
982 987
185 191
2109 2113
1431 1434
790 793
3901 3903
2484 2488
3715 3716
229 232
810 811
1165 1166
1288 1292
4180 4184
1056 1060
561 565
3842 3843
3692 3693
3716 3718
990 991
905 908
3772 3774
2646 2648
3303 3304
2677 2683
113 118
3834 3839
2153 2154
3470 3475
182 186
50 52
612 614
83 86
3291 3293
677 682
1486 1491
531 537
3843 3849
1615 1621
3527 3533
2385 2390
4296 4297
2694 2697
2228 2229
2131 2134
1041 1042
47 50
938 944
831 835
242 248
3017 3022
4095 4099
753 756
3753 3755
1161 1164
2655 2659
3041 3047
2992 2995
1674 1678
26 31
4030 4036
2034 2040
3993 3995
1677 1678
1505 1511
3224 3226
1631 1633
2082 2086
1140 1141
2020 2021
1466 1468
3914 3915
3016 3017
3502 3507
4017 4023
2774 2778
1896 1897
1314 1319
3070 3072
1140 1143
323 327
2743 2749
1032 1035
3818 3822
3361 3362
3066 3069
4436 4440
1375 1380
2498 2499
952 956
3103 3105
1185 1190
1147 1149
2193 2198
433 436
3707 3713
396 402
428 432
4139 4145
956 962
4178 4179
2016 2019
737 738
2821 2822
1221 1226
4170 4173
2842 2847
2099 2103
4173 4175
544 548
496 498
2757 2758
3084 3086
758 764
4164 4167
1572 1577
2988 2991
803 805
1942 1948
1792 1795
557 558
1320 1323
627 633
4166 4169
3741 3746
4217 4222
3215 3217
1083 1084
3235 3239
926 932
1499 1505
1435 1439
451 454
1202 1206
1496 1499
855 861
321 323
1348 1354
2204 2205
1037 1041
2232 2236
2894 2895
616 619
149 151
3166 3170
1449 1455
1019 1022
3463 3465
1442 1444
3798 3803
795 801
2163 2169
457 460
4370 4374
3432 3436
221 226
1809 1811
2472 2476
1068 1074
4078 4080
1165 1170
4472 4475
2082 2083
1931 1933
3638 3641
2955 2959
2538 2542
2796 2799
1795 1797
3814 3819
1917 1919
850 856
4366 4370
1006 1009
4267 4269
657 663
3921 3927
4442 4444
4175 4176
16 21
1835 1838
2800 2806
66 69
1407 1409
2492 2494
3190 3196
2300 2304
1086 1089
3971 3972
205 211
2030 2031
1206 1211
1525 1531
3134 3138
485 490
4035 4040
3984 3986
910 913
2729 2734
1274 1278
1873 1875
1688 1690
531 532
715 718
2243 2246
1156 1159
2311 2312
3273 3274
232 238
506 507
4006 4011
918 922
2555 2556
2385 2386
1382 1385
4488 4489
4359 4360
4328 4334
2265 2268
2708 2714
698 701
1984 1987
881 882
902 906
1566 1567
1116 1117
4246 4251
3315 3321
4305 4310
150 155
914 918
1866 1872
4302 4303
4052 4054
3185 3187
4418 4420
3891 3894
117 122
1638 1641
3788 3791
3557 3559
1708 1713
177 180
4012 4014
2492 2493
2310 2311
2612 2614
2025 2027
664 670
1394 1396
377 378
2970 2975
2717 2718
4361 4364
3086 3091
1120 1124
1604 1608
3568 3570
3116 3121
1173 1177
3177 3183
1044 1047
1959 1960
3862 3866
2140 2141
2392 2398
4197 4198
3498 3500
1899 1901
274 275
1095 1101
2872 2875
3218 3219
4336 4339
2091 2092
3783 3788
2042 2043
3949 3950
32 33
3275 3279
2759 2764
445 449
4044 4045
931 934
1761 1767
3634 3637
763 768
2411 2417
2805 2811
4230 4236
1397 1400
3609 3613
329 333
3671 3677
4028 4030
4122 4126
3596 3598
253 258
1587 1590
2952 2954
2685 2686
4404 4405
821 826
1754 1759
3 6
2868 2869
802 804
88 91
2070 2073
2005 2009
3219 3223
2627 2628
2563 2567
1028 1030
4286 4288
2056 2059
4048 4049
3369 3370
404 407
1935 1939
350 354
2532 2536
2362 2364
1831 1835
2134 2135
1647 1653
2642 2646
3171 3174
4413 4417
2014 2016
1951 1956
3072 3075
1251 1256
3697 3699
2429 2435
2880 2883
3730 3734
3098 3102
3914 3916
4288 4291
709 710
3254 3255
285 287
4321 4326
2576 2579
4158 4159
370 374
776 777
1134 1135
1388 1392
216 221
4262 4265
867 872
4490 4492
493 497
1075 1080
1771 1775
4275 4276
3549 3554
1016 1019
2345 2351
4357 4360
776 782
13 16
749 754
4108 4110
3590 3594
2697 2702
3409 3411
2824 2825
3374 3376
4350 4355
3973 3978
1462 1465
3539 3542
3998 4004
3492 3494
1782 1785
2977 2983
1987 1990
1939 1941
2579 2582
52 57
4279 4285
2247 2250
598 601
2548 2553
