1000 49
3906 3909
2055 2060
904 908
1904 1908
1025 1029
2748 2752
3834 3835
3428 3430
3055 3056
1143 1144
1636 1638
1842 1847
2438 2443
599 600
1776 1778
2534 2535
843 846
1712 1715
1428 1431
631 637
1494 1500
3039 3044
2500 2501
4288 4289
1160 1161
2589 2590
3207 3210
3827 3833
2927 2931
3839 3844
2022 2026
1244 1245
4264 4269
3425 3426
1144 1149
3751 3752
1105 1109
2895 2901
2016 2017
1090 1094
777 780
3783 3787
471 475
505 509
706 711
1647 1652
3281 3283
4262 4264
345 348
3007 3013
1784 1785
4231 4233
3221 3224
30 31
2275 2280
3498 3504
3284 3288
2977 2979
3470 3472
1961 1963
3416 3420
1852 1854
1466 1470
3455 3457
1227 1232
221 226
4243 4244
732 734
72 75
461 462
1034 1036
1503 1506
3046 3049
3243 3247
781 787
244 249
1968 1969
1998 2002
1044 1050
98 99
328 331
22 26
3433 3437
1015 1018
919 923
1633 1634
3537 3538
210 211
4428 4431
2530 2535
3391 3392
4185 4190
569 573
225 231
4079 4081
1795 1799
1723 1727
3868 3872
1412 1417
3873 3878
2307 2310
3901 3904
541 544
2226 2232
1474 1479
2799 2804
3118 3120
4159 4161
3642 3643
102 106
445 451
282 287
882 887
92 97
134 138
1453 1455
1990 1991
2326 2331
494 497
166 169
531 534
1673 1677
3738 3742
2266 2271
1195 1198
4168 4172
3167 3168
4419 4425
747 748
1185 1189
3638 3642
2091 2094
838 842
1222 1227
1654 1658
3843 3845
3362 3367
3886 3891
1023 1024
2540 2546
1918 1924
1630 1633
3898 3899
1531 1533
1268 1272
478 482
2704 2705
2380 2381
2961 2967
2765 2769
304 309
4432 4436
1380 1384
1263 1265
2253 2256
1000 1003
129 132
2340 2346
1112 1115
3210 3213
250 251
1364 1369
298 302
3378 3384
627 628
4057 4058
2097 2098
2322 2324
2316 2320
1809 1811
2164 2166
4244 4250
4290 4291
1978 1979
1545 1549
613 619
3958 3960
853 857
2836 2840
3705 3707
3997 3998
4144 4148
1323 1327
2782 2788
2160 2165
2618 2620
3595 3597
118 121
557 559
3122 3127
4298 4303
3629 3633
1897 1898
3441 3447
3302 3304
3384 3385
2570 2575
2558 2563
2299 2303
727 728
1163 1164
3031 3037
2428 2431
1554 1557
2500 2506
3206 3207
3912 3916
1594 1595
3464 3468
1827 1831
161 165
2050 2051
3217 3220
340 342
2431 2436
3268 3270
1765 1766
75 80
1561 1563
4089 4092
1492 1495
3354 3360
2653 2658
441 443
2123 2126
352 354
2507 2509
1939 1945
553 557
3115 3117
3467 3468
2853 2856
1610 1613
2591 2594
2411 2417
2932 2936
3287 3289
3772 3777
4337 4341
3416 3417
1273 1274
3894 3898
2279 2283
2686 2691
3396 3398
1536 1540
2445 2450
1967 1968
1620 1626
1717 1719
3385 3388
2116 2122
2931 2932
1264 1266
4387 4393
2419 2424
2221 2225
3687 3692
519 525
3664 3669
513 515
1401 1404
2721 2722
1246 1248
3410 3414
2474 2476
4332 4338
3066 3067
1667 1672
4412 4417
3174 3175
1030 1033
971 977
2662 2668
850 851
1525 1530
1812 1815
3883 3884
2052 2054
4162 4163
2384 2388
4397 4401
2611 2614
474 477
2711 2715
3508 3510
212 218
3019 3025
1309 1311
3731 3736
3987 3993
889 894
4435 4440
3270 3275
779 782
848 851
2695 2701
2872 2876
4059 4064
3506 3509
2576 2579
3151 3156
797 802
4150 4154
950 953
3192 3193
1010 1012
2028 2032
894 897
1571 1572
1847 1851
3978 3982
2581 2582
1059 1065
1979 1982
3105 3108
2686 2687
2127 2130
142 147
3093 3096
1565 1569
1661 1667
1360 1363
2126 2128
1702 1703
4221 4225
3073 3075
1557 1559
2166 2168
1821 1823
420 423
2721 2722
4132 4136
1314 1320
3304 3310
2851 2853
2477 2483
1156 1160
758 760
396 401
3671 3677
85 89
3846 3852
468 472
2245 2247
4406 4410
3852 3855
4258 4262
3616 3622
1213 1217
1251 1257
2403 2407
321 327
754 756
3144 3145
3238 3241
426 429
4100 4106
2978 2980
1277 1283
4164 4166
4329 4332
3527 3529
3711 3712
265 271
3372 3376
4346 4352
4155 4156
1123 1129
2067 2073
1915 1918
2398 2402
4082 4086
3777 3781
515 516
4013 4014
886 889
2869 2872
3343 3347
4270 4276
1410 1411
2458 2461
1541 1545
242 243
3583 3586
3925 3927
977 979
859 860
187 189
3677 3682
4235 4238
2286 2292
564 568
1816 1819
2670 2674
1084 1089
4181 4185
53 57
1854 1857
3219 3221
595 596
2831 2836
3085 3091
3495 3497
4054 4055
1830 1836
4381 4382
3512 3513
3311 3316
313 319
2660 2661
3171 3175
2305 2306
2744 2748
1788 1793
1985 1988
1238 1244
1637 1643
3214 3216
668 674
3448 3452
3340 3341
196 198
2214 2219
789 794
1118 1121
2374 2379
3116 3117
3058 3062
37 39
1911 1916
47 50
993 997
2944 2950
1955 1959
694 697
2035 2039
3561 3565
3634 3638
877 879
1968 1969
1802 1806
2366 2372
2615 2618
2820 2825
3140 3142
1927 1930
1686 1692
2180 2186
2256 2258
3298 3300
496 502
1095 1096
2879 2882
357 363
274 279
1341 1343
3982 3988
153 156
1248 1250
641 643
3247 3250
34 36
3695 3698
3097 3102
291 296
4368 4374
4093 4099
3657 3661
333 337
3029 3030
1806 1807
3701 3703
454 458
3845 3847
2357 2359
2614 2615
3397 3403
3613 3615
4047 4051
4357 4362
866 870
2970 2974
4263 4264
3002 3004
1513 1514
3049 3053
2167 2173
1883 1887
459 460
2824 2830
64 70
1540 1542
1605 1610
432 437
439 440
692 693
2903 2906
4364 4369
233 239
2483 2487
2807 2812
939 941
319 320
2774 2777
3877 3880
2517 2522
3720 3726
3661 3662
28 30
1403 1407
2388 2391
4376 4379
688 691
4210 4215
2951 2954
1299 1302
1207 1213
351 353
4162 4163
761 764
1502 1503
4172 4176
3026 3027
662 668
3299 3301
1274 1275
3993 3998
4383 4384
3683 3687
2626 2630
2882 2884
1174 1179
1070 1073
589 594
712 714
1573 1579
2813 2818
1519 1524
880 881
415 421
4394 4398
4136 4137
1480 1486
3293 3297
2724 2725
2707 2709
4015 4019
1977 1978
2496 2498
1779 1781
2692 2694
81 85
1438 1444
986 991
1356 1357
4086 4088
1852 1853
1391 1397
3103 3105
121 124
2538 2541
3713 3714
3786 3791
1052 1058
2738 2744
3708 3709
721 727
2294 2299
190 194
1549 1553
4106 4112
1994 1997
2247 2252
1908 1911
2646 2649
2186 2191
3457 3463
3404 3410
3147 3148
1679 1683
2258 2264
924 928
4401 4406
2325 2326
2007 2010
1460 1465
2905 2911
2349 2355
2510 2512
2153 2159
2885 2890
1457 1460
1970 1975
3727 3732
273 275
4268 4269
4305 4307
546 551
2796 2798
766 770
4197 4200
1029 1030
889 890
3976 3977
1370 1375
727 732
377 383
3967 3969
1448 1452
4057 4058
3183 3184
2993 2994
4030 4032
908 910
139 140
3277 3280
2727 2732
2995 3001
1514 1518
601 603
1375 1380
1421 1427
4037 4041
181 185
3760 3761
1274 1276
2468 2473
463 466
1533 1534
3856 3860
3480 3485
1742 1747
2843 2848
3348 3354
1709 1712
2939 2942
2175 2179
3760 3762
3579 3580
3568 3573
962 965
1051 1053
3837 3840
3803 3809
203 208
1178 1179
1445 1448
2200 2206
4009 4012
911 916
736 741
2776 2782
2 4
1835 1837
1587 1591
621 625
4233 4235
2523 2525
1009 1010
574 580
2551 2554
1693 1695
1872 1875
2393 2395
863 865
607 612
482 486
3540 3546
3864 3867
3194 3199
3599 3603
1950 1951
1572 1574
1163 1169
3130 3134
2019 2021
700 704
1898 1899
1471 1473
1508 1513
2620 2626
964 968
2210 2212
3753 3759
231 233
2759 2763
3158 3164
1288 1292
2192 2193
1703 1709
3488 3493
4120 4126
171 175
2045 2049
3368 3371
3108 3110
2864 2868
2994 2996
810 814
4191 4195
2717 2719
3061 3067
1350 1356
4065 4070
3516 3521
3291 3292
1296 1300
1761 1762
486 492
3555 3561
3110 3115
42 44
2273 2275
1857 1863
1024 1026
1067 1068
3230 3233
4411 4412
365 369
3797 3802
2528 2530
1769 1775
4276 4280
3168 3170
824 830
4034 4038
2650 2653
2788 2794
1344 1348
2755 2759
3530 3536
3520 3523
3920 3925
510 512
1977 1978
1748 1752
944 948
3935 3940
3015 3017
1485 1490
3274 3277
802 808
2912 2915
2134 2137
3263 3265
3741 3744
1075 1081
1258 1260
127 128
3067 3071
3653 3654
3932 3935
2849 2850
2084 2088
4205 4210
13 18
4001 4007
3421 3425
2098 2104
4252 4256
371 377
1601 1603
4024 4028
1185 1186
4310 4315
2234 2239
1627 1629
1070 1071
4021 4023
3970 3972
656 661
2640 2646
3335 3339
262 264
3249 3253
3645 3651
1866 1872
4071 4076
2110 2115
1431 1436
2284 2285
149 153
2194 2198
2922 2925
2719 2721
1129 1133
2667 2671
4316 4318
651 653
1329 1335
1964 1968
1890 1895
4307 4308
4228 4230
749 752
410 411
682 688
3745 3749
3473 3477
3429 3432
1596 1600
4343 4346
2009 2014
4203 4204
2424 2428
2131 2133
743 744
3927 3932
109 113
4115 4121
2146 2152
3394 3397
637 640
2076 2082
930 936
1721 1724
1200 1206
3981 3983
3603 3607
1645 1646
1149 1154
3764 3769
3573 3577
981 987
1069 1070
1173 1174
901 903
1824 1827
1417 1419
3862 3865
2681 2686
3882 3883
4325 4328
2311 2313
1931 1936
1179 1183
1763 1764
2632 2638
1347 1350
3526 3527
1777 1778
1696 1700
3072 3074
4416 4417
2451 2457
3549 3555
3200 3205
899 900
2989 2993
4216 4221
772 776
4129 4133
603 608
644 650
794 795
2956 2959
3327 3330
677 681
2770 2775
3332 3333
4319 4323
3780 3782
3588 3592
2464 2468
290 291
1409 1410
3185 3189
3942 3944
3811 3817
17 21
1097 1099
114 116
3170 3171
903 904
2003 2005
1171 1172
3946 3951
3762 3763
3916 3921
11 13
2407 2410
2891 2893
392 394
3253 3259
1837 1841
1039 1042
1282 1285
3624 3627
1387 1388
1754 1759
3410 3411
4354 4356
3136 3141
3576 3580
2575 2576
3076 3080
2604 2608
1305 1308
2105 2108
954 959
1901 1902
2238 2244
4 10
90 93
402 407
560 561
2549 2551
534 540
816 822
3437 3438
1337 1338
4138 4143
3290 3291
59 62
4282 4287
2566 2569
2915 2921
1945 1948
4237 4240
3716 3718
1101 1105
2734 2737
2981 2987
199 203
1983 1986
1234 1237
1975 1976
1396 1400
1613 1617
2596 2602
2041 2046
3232 3236
527 532
1632 1634
1190 1191
2063 2066
1954 1955
3950 3956
3322 3327
3317 3318
583 589
2858 2863
4167 4169
3624 3625
3177 3178
3179 3183
936 938
2139 2144
2936 2937
1728 1732
2489 2493
4293 4299
2059 2062
3974 3975
1020 1021
3037 3040
176 179
870 875
3258 3260
255 261
2513 2514
3477 3480
3791 3797
2493 2494
1863 1867
2545 2546
253 254
4043 4047
2333 2339
1136 1140
309 313
4175 4178
3961 3965
2207 2209
2581 2587
3157 3158
3287 3288
3320 3321
2362 2364
3820 3826
832 836
3079 3083
1192 1193
3227 3230
714 718
1217 1220
4385 4386
1734 1740
1582 1586
156 159
1880 1883
1292 1293
1003 1007
1876 1879
2555 2557
414 416
2676 2678
3606 3610
386 391
