1000 26
3441 3442
4215 4218
4276 4279
2000 2002
1765 1766
2735 2741
57 61
1260 1264
1051 1057
1617 1622
2070 2075
4121 4125
912 913
415 420
91 97
3280 3282
3163 3164
434 435
3318 3323
945 948
4115 4119
708 710
3860 3866
725 730
1570 1574
1695 1700
3082 3087
4423 4425
2653 2655
4407 4408
2946 2951
3956 3958
2279 2281
4125 4130
2182 2187
3038 3044
2340 2346
3264 3265
3553 3557
1906 1912
1238 1242
2150 2151
1833 1834
3608 3614
2798 2800
1975 1976
4531 4537
3379 3381
1461 1466
4537 4543
4322 4324
79 81
1146 1152
3980 3984
3787 3791
2089 2095
467 468
4379 4384
1844 1846
1014 1017
517 520
30 35
258 259
2730 2733
3156 3161
4212 4215
3580 3585
2434 2438
2701 2705
1930 1933
2152 2157
4181 4186
3470 3474
2118 2121
1297 1299
2883 2886
2230 2232
3910 3913
460 463
3516 3518
1592 1593
3240 3243
3588 3594
101 104
1484 1488
2803 2809
3106 3112
4472 4478
1090 1093
4433 4434
2285 2286
3638 3640
272 274
1851 1854
355 361
469 474
3643 3644
228 234
2746 2749
3295 3299
383 384
54 56
2112 2118
4102 4103
3114 3119
1363 1364
3961 3967
587 591
3344 3347
1445 1451
4441 4445
1173 1179
4049 4054
693 697
1810 1814
1023 1024
925 928
893 896
361 363
2282 2285
4301 4307
883 887
510 516
4172 4177
3062 3063
3357 3359
806 809
2667 2672
4032 4034
2697 2699
2999 3000
1725 1731
4002 4008
1834 1835
1085 1086
1550 1554
618 621
1870 1873
4409 4414
615 617
2500 2502
4079 4085
747 748
1193 1196
267 271
4487 4490
1279 1284
3998 4003
2297 2302
4163 4165
3620 3622
3391 3392
2821 2827
423 425
2692 2695
3452 3454
1932 1934
2790 2791
1937 1941
349 352
3987 3989
904 906
2561 2564
3811 3816
4559 4560
1731 1736
4461 4465
2003 2009
3289 3292
1319 1322
1968 1974
2848 2854
1033 1037
2041 2047
641 644
3398 3401
2629 2632
4279 4283
157 163
870 873
4196 4197
2899 2903
2449 2453
2827 2831
19 24
3032 3038
1949 1954
3022 3026
39 42
2882 2884
1394 1400
2168 2169
1185 1187
2584 2586
1502 1507
571 575
121 125
3726 3730
4295 4300
2019 2022
688 689
3925 3927
3490 3492
2127 2129
4254 4255
4025 4026
1155 1158
935 938
2095 2098
400 401
3672 3674
72 73
3474 3476
3244 3246
3898 3901
4491 4495
1530 1536
1902 1904
3064 3065
3176 3182
2490 2494
2083 2089
1322 1326
878 881
2288 2293
3543 3549
799 800
2320 2321
789 792
3125 3131
1129 1135
2871 2876
4555 4557
569 571
1019 1021
2953 2957
2760 2765
3149 3152
3521 3526
294 295
1494 1499
1869 1871
2968 2969
4294 4295
816 819
3701 3704
2779 2785
504 508
2815 2820
4028 4033
1061 1062
2957 2961
1040 1046
3830 3831
3120 3123
2993 2996
110 113
4113 4115
2254 2260
1336 1342
3881 3887
3970 3974
995 999
3372 3377
3732 3737
313 315
1594 1596
1299 1304
2440 2445
3596 3601
342 344
4228 4232
402 406
4447 4453
3051 3052
3948 3951
2105 2106
1427 1432
1440 1444
3403 3405
85 86
649 652
1088 1089
3412 3413
1942 1947
547 551
2111 2113
534 539
4511 4516
699 701
18 19
4196 4198
1633 1636
1168 1173
1143 1145
1459 1461
4362 4368
4361 4363
691 692
3859 3861
4044 4050
1985 1990
1680 1684
3742 3746
1364 1366
4436 4442
4164 4167
2551 2555
2961 2966
4234 4239
3528 3530
838 839
2455 2459
3444 3448
897 900
3070 3074
237 243
1374 1379
683 687
398 399
1521 1522
1254 1258
4018 4024
2009 2013
2398 2403
2626 2628
2616 2620
3238 3241
223 229
2412 2417
2175 2178
3888 3890
252 253
1104 1108
2328 2330
3388 3392
3833 3838
4070 4076
2189 2195
918 919
2501 2507
1913 1915
84 86
3420 3422
4498 4502
1348 1351
1120 1126
437 439
872 876
2017 2018
1623 1628
446 452
3571 3572
3774 3780
852 854
1821 1827
455 461
665 671
3799 3803
373 374
3200 3206
1604 1608
854 857
270 271
66 67
4189 4192
3930 3932
243 245
3485 3490
732 733
2478 2482
659 664
4094 4097
4374 4375
3533 3535
3511 3517
679 683
2198 2204
3934 3939
1821 1822
2775 2779
2749 2751
1858 1861
3679 3681
992 993
2495 2501
3891 3897
4420 4423
2012 2015
1642 1644
3333 3336
963 964
2989 2992
3689 3693
1196 1197
3951 3955
4393 4397
2158 2164
1743 1744
3358 3360
3940 3946
260 266
4013 4015
4518 4524
2984 2989
563 566
164 167
344 348
4193 4196
1368 1373
1248 1251
2305 2309
2126 2127
1639 1640
2969 2970
2100 2105
2419 2424
1409 1415
4543 4546
3088 3091
3724 3725
3197 3201
4103 4109
365 371
1994 1999
4425 4426
2515 2521
2206 2212
2644 2647
2212 2214
3094 3099
3100 3106
4385 4391
964 968
393 395
1590 1592
921 926
2714 2717
1850 1852
1794 1798
4075 4076
1483 1485
1404 1409
857 861
1391 1393
2371 2376
1674 1677
3657 3662
3913 3916
4157 4161
2233 2235
1978 1984
2690 2692
1513 1518
2709 2712
582 584
3406 3410
4502 4503
301 303
3230 3231
1805 1809
1596 1602
2734 2735
3428 3434
1848 1849
1965 1968
773 779
3841 3846
2661 2665
2527 2531
1828 1833
130 135
4455 4457
801 806
2472 2477
1884 1889
3391 3393
2262 2268
69 73
3821 3827
886 888
3248 3253
4148 4152
2542 2544
4323 4329
2466 2471
4547 4553
4259 4262
1536 1542
1840 1844
27 29
2138 2142
4525 4529
2785 2790
298 300
4222 4228
2634 2640
500 504
3664 3667
1392 1395
1959 1964
2546 2549
466 467
1645 1650
9 15
1024 1027
4017 4018
2272 2277
2418 2419
1491 1494
2859 2861
2316 2317
810 814
3891 3892
1434 1439
1380 1385
4168 4171
4239 4245
2944 2945
1918 1922
2833 2835
1608 1613
2935 2937
4111 4112
4484 4488
1567 1569
3772 3773
2404 2406
3255 3261
2657 2661
1271 1273
441 446
4510 4511
538 541
3805 3809
1453 1458
4153 4155
4247 4251
1863 1869
2597 2603
3518 3519
3436 3438
4329 4334
1874 1876
3165 3171
4256 4257
3874 3876
3613 3617
319 325
2123 2126
1669 1673
326 332
3281 3282
4206 4210
3139 3145
1075 1078
781 784
2509 2514
1363 1364
609 615
1048 1052
286 292
2222 2228
1815 1818
3268 3274
476 478
387 391
4265 4270
979 985
4288 4292
2592 2596
2350 2353
3738 3741
2221 2223
1388 1392
4470 4471
2135 2139
718 723
2216 2221
3684 3687
125 127
4143 4145
3348 3350
1769 1775
3450 3452
2649 2652
2718 2724
2178 2182
3869 3872
104 110
3575 3581
2460 2465
2347 2350
2588 2590
986 990
2356 2359
4376 4377
3905 3908
3566 3572
3384 3388
1417 1418
1786 1792
765 770
2607 2612
597 602
3185 3189
2406 2411
832 835
1189 1193
793 797
1528 1529
3540 3542
497 499
1780 1784
2534 2540
1315 1319
4314 4316
3705 3706
734 739
2125 2127
113 119
1244 1248
1976 1978
1137 1143
1230 1231
3707 3711
1071 1074
3849 3853
2983 2985
3423 3424
3285 3287
1474 1475
2904 2907
3154 3157
1009 1013
3673 3679
173 176
3145 3148
1107 1113
2121 2122
942 943
2752 2757
638 640
2482 2487
374 379
3394 3398
4399 4402
1717 1723
1344 1347
4321 4322
3416 3418
2021 2025
2554 2560
3017 3022
862 868
2842 2847
2333 2339
3558 3564
1222 1228
1757 1763
4134 4137
744 746
2165 2167
3215 3218
972 977
1955 1958
4178 4179
193 198
950 956
491 495
4353 4359
2339 2340
2038 2042
2394 2399
1744 1748
2981 2983
446 447
2060 2062
2108 2109
1078 1081
1099 1104
4426 4431
1488 1490
1750 1755
2026 2028
3706 3707
1836 1838
2970 2974
3601 3607
3855 3860
1002 1007
1268 1270
703 706
1775 1780
1639 1640
3153 3155
3781 3784
3624 3628
3220 3223
3045 3050
3325 3331
2929 2933
282 283
603 609
487 490
2840 2842
3976 3979
729 732
4347 4353
1188 1189
751 754
2352 2356
61 65
3052 3058
2706 2710
1065 1070
3917 3922
889 892
4465 4471
3463 3468
3924 3925
3002 3008
2579 2582
3630 3636
913 917
4371 4372
1800 1802
3990 3991
3477 3481
1096 1099
3078 3083
785 790
2812 2814
627 630
2048 2050
2938 2943
3074 3077
4088 4093
36 37
4056 4062
844 850
1274 1279
1524 1528
2768 2774
2172 2174
2064 2068
2681 2683
2564 2570
4139 4140
1913 1914
558 560
1499 1501
412 413
1083 1085
3455 3461
2912 2918
3854 3856
1387 1389
1878 1881
4505 4509
3535 3538
654 659
2432 2433
3226 3230
4341 4345
176 180
3137 3138
2446 2447
2143 2147
4172 4173
1197 1198
316 319
2377 2383
4199 4204
3768 3772
3192 3196
2427 2430
137 143
713 716
303 305
3438 3439
1160 1166
522 528
1200 1206
4404 4405
760 763
901 905
1468 1473
1629 1634
4218 4222
673 677
593 597
2605 2607
2919 2923
1234 1235
631 637
2741 2746
428 433
1658 1664
629 631
2676 2682
1923 1929
1029 1031
3749 3754
528 533
822 825
206 208
1897 1902
566 568
2237 2243
826 832
1291 1296
1672 1674
2293 2295
4430 4432
242 244
3500 3503
4262 4265
2860 2864
1542 1544
2392 2395
4273 4274
1038 1040
52 54
3026 3029
2359 2364
4335 4340
42 47
2386 2390
4146 4149
4180 4182
180 185
1583 1589
73 79
1762 1763
3303 3309
88 89
480 486
1686 1692
47 50
1891 1897
2077 2083
2885 2889
839 844
3530 3533
754 757
4307 4311
1853 1856
2367 2371
2524 2528
1736 1742
3008 3011
1703 1705
3713 3714
3461 3463
4062 4067
3493 3498
3060 3061
4036 4042
2672 2675
1114 1119
931 935
3234 3238
2907 2910
2053 2057
2865 2869
2268 2269
1543 1548
698 699
3275 3278
1057 1061
3183 3184
276 279
938 942
3282 3284
2891 2897
3755 3761
14 15
187 191
214 220
332 338
1328 1334
2310 2313
2684 2689
3878 3880
1208 1211
2246 2252
2854 2857
2622 2623
3908 3910
3666 3671
1992 1993
3993 3995
1665 1667
1181 1184
1612 1614
621 627
3650 3656
3339 3344
4097 4099
2758 2760
2791 2797
3133 3137
577 583
1935 1936
3362 3365
144 148
3718 3724
740 744
3503 3507
1212 1215
3818 3820
3367 3371
3352 3355
2628 2629
1420 1426
3694 3699
307 311
2363 2368
341 342
1564 1565
3093 3094
1309 1313
1352 1357
4132 4134
4251 4252
1387 1388
3903 3905
3067 3068
4160 4164
3714 3717
647 648
150 156
3617 3619
246 250
168 172
1650 1656
3794 3798
198 204
1506 1512
1218 1221
1241 1244
1710 1716
3507 3512
4531 4532
2572 2578
2132 2133
1286 1290
4345 4347
3549 3553
2612 2614
1358 1363
542 546
1306 1307
4319 4320
4391 4394
4479 4484
4458 4462
2030 2035
3136 3138
2838 2839
950 951
409 410
3208 3214
4166 4167
1555 1560
2640 2644
3644 3647
381 383
4417 4419
4 7
967 973
3011 3016
1401 1404
3519 3522
1478 1482
97 101
908 911
1560 1562
1705 1709
4009 4012
3299 3302
4284 4286
3173 3175
3311 3315
554 555
2879 2883
1266 1267
3760 3766
1399 1402
2724 2727
2323 2326
209 213
2975 2978
1576 1582
2924 2926
256 258
3425 3426
3483 3485
956 962
