18941
53 88 36 38 75 43 52 17 25 3 1 39 74 10 83 96 26 25 63 16
97 46 10 89 18 99 95 49 84 76 62 78 82 47 77 30 95 6 24 19
36 29 94 58 47 81 99 85 47 76 36 72 92 58 50 62 9 5 28 74
42 83 39 3 51 83 38 27 16 59 55 93 18 83 38 36 51 1 53 58
82 56 50 65 50 41 39 91 21 71 38 39 93 45 21 12 56 25 55 85
21 57 79 75 4 58 2 52 61 86 35 38 26 55 27 62 89 65 39 53
96 87 15 86 77 84 71 61 31 86 74 43 87 44 2 27 71 41 13 19
86 19 49 75 26 4 64 50 29 74 73 1 30 34 27 16 15 45 7 35
83 49 10 5 92 88 42 52 85 69 100 69 55 63 38 76 3 18 28 91
46 37 45 31 82 99 15 2 49 7 65 98 86 93 99 41 89 77 61 99
80 66 58 14 95 90 47 9 59 84 36 31 92 83 92 29 97 90 88 70
43 29 20 84 15 50 19 48 24 90 82 70 70 97 9 46 50 48 61 52
67 39 33 58 87 24 91 95 6 98 53 65 93 56 84 88 35 59 16 20
1 38 54 89 90 12 54 86 59 12 74 45 89 37 51 83 69 96 72 85
62 20 51 60 75 75 59 13 16 87 18 75 59 6 29 28 43 7 52 80
71 30 25 73 26 10 8 86 57 23 50 99 95 46 70 29 49 86 50 25
74 66 83 81 12 40 47 16 47 73 88 32 18 49 55 45 44 99 5 8
51 43 46 20 14 68 75 76 68 99 15 97 22 56 63 73 6 57 70 43
33 38 42 63 4 100 51 23 75 97 21 20 69 6 36 38 73 2 43 35
62 66 54 7 26 60 36 22 70 42 54 24 42 63 23 30 16 27 45 97
61 54 24 88 99 82 60 51 31 23 45 52 25 53 17 9 29 37 5 5
22 47 20 82 57 58 84 45 65 19 19 50 49 65 36 70 71 10 58 35
41 51 100 11 46 54 83 39 50 29 89 18 54 30 84 71 16 1 58 2
1 53 87 15 36 85 58 81 48 36 94 52 42 66 88 97 9 20 33 56
18 31 22 77 20 43 90 22 64 4 32 21 26 99 82 82 18 56 5 10
50 34 67 35 61 61 41 71 24 8 43 58 27 44 96 83 14 21 20 30
21 55 43 2 78 100 49 78 35 25 98 79 53 71 62 3 52 6 98 57
38 34 80 83 34 96 71 10 73 10 1 61 89 33 2 25 59 39 5 43
18 9 52 79 80 10 29 54 43 73 76 63 80 13 16 43 87 16 28 68
83 88 86 2 32 97 14 84 98 44 4 25 9 31 50 65 60 98 22 4
38 100 36 96 60 14 40 44 44 5 40 98 59 90 14 77 97 90 96 66
46 23 90 21 80 16 79 70 41 66 58 75 30 44 60 45 23 45 91 1
25 91 28 49 89 75 63 63 90 84 17 37 71 99 84 34 95 100 18 51
95 97 77 98 36 2 3 41 27 92 55 53 78 9 100 65 99 24 33 4
71 54 5 92 93 75 20 40 88 90 87 82 5 52 36 22 5 80 16 100
4 80 26 36 50 80 25 21 66 96 28 43 5 78 100 12 66 25 67 20
52 88 100 1 40 15 61 89 70 28 15 57 44 66 77 68 29 42 83 85
95 59 31 73 78 43 4 65 18 39 63 45 2 83 63 3 7 57 57 61
79 6 59 42 4 74 44 22 53 79 53 8 8 99 51 86 13 75 21 89
38 59 85 87 14 54 45 64 54 34 97 2 85 58 95 61 80 59 90 71
64 82 82 19 82 16 47 44 98 3 18 70 33 83 9 66 31 6 51 59
41 2 11 64 5 22 49 77 57 3 41 8 84 37 70 65 88 29 63 69
8 80 77 42 59 34 66 96 7 71 53 99 66 43 8 73 81 42 17 22
80 21 1 49 22 33 80 35 64 47 78 68 88 9 37 16 15 18 34 85
72 51 73 4 91 60 7 14 92 69 28 84 41 67 30 43 6 72 7 55
90 74 83 77 97 48 14 73 98 45 13 40 67 21 43 35 10 98 22 80
57 73 32 25 57 52 37 57 70 82 6 60 58 38 99 91 73 63 44 74
100 19 27 96 89 51 11 11 30 91 6 43 52 84 96 98 69 87 33 86
84 58 60 10 62 5 69 95 19 43 56 32 35 41 6 55 10 15 88 51
93 69 51 50 5 33 29 46 9 81 83 56 21 86 8 84 16 54 95 22
44 57 17 27 10 71 37 31 37 2 18 49 14 66 14 42 24 51 70 20
76 31 52 43 12 2 43 96 47 17 33 30 47 38 1 98 27 4 29 59
6 66 63 47 19 67 55 62 5 77 13 98 75 68 83 31 96 74 25 24
92 39 98 57 65 89 3 17 14 82 74 74 78 26 27 22 88 2 46 34
11 27 46 30 9 11 98 8 64 34 86 67 89 65 63 94 72 18 78 23
28 55 50 42 7 86 79 48 30 72 75 77 29 14 30 39 70 24 31 79
58 25 94 49 28 85 28 88 31 3 99 89 33 11 83 92 19 63 23 74
39 12 44 72 3 5 8 68 68 41 20 67 21 23 34 24 17 48 19 78
70 41 100 86 21 76 66 99 29 47 7 49 31 60 86 74 24 19 84 41
15 3 19 73 12 13 40 65 64 52 19 73 8 7 36 96 58 47 95 57
89 68 15 61 11 38 2 91 70 52 39 65 32 36 32 74 95 58 68 26
16 67 99 21 30 81 37 40 100 48 22 32 88 60 82 33 57 6 95 73
43 36 68 94 9 32 96 12 19 5 59 69 79 16 66 67 94 95 82 5
58 73 49 15 76 86 85 45 21 85 82 35 5 93 79 90 45 28 44 62
72 23 26 70 14 59 89 12 49 26 31 70 73 55 58 64 90 95 70 67
21 66 31 68 17 41 53 5 95 52 32 17 38 69 74 23 76 28 26 94
65 43 30 62 60 90 73 35 72 69 30 65 59 21 90 58 49 56 12 18
30 80 28 95 70 59 6 42 93 37 47 19 37 27 78 91 48 69 87 75
34 43 16 89 41 12 94 62 93 47 2 92 3 6 88 15 39 21 59 7
47 53 30 70 44 81 64 19 79 29 17 35 27 72 8 62 17 28 51 44
63 96 75 90 83 56 93 17 27 94 93 39 20 19 62 96 90 77 4 49
46 57 93 97 44 22 26 17 50 42 87 97 7 82 71 7 87 96 69 75
62 45 85 10 59 91 41 43 81 59 56 12 13 17 5 82 36 8 26 79
43 75 7 9 88 74 92 90 93 50 77 2 95 68 55 88 73 33 63 98
86 31 57 64 1 83 8 49 72 81 49 30 34 19 99 4 19 32 54 56
8 32 5 55 41 93 72 75 12 87 63 2 6 93 59 90 29 26 82 64
47 14 29 54 99 33 93 68 60 13 69 32 35 99 24 21 11 2 94 26
5 24 71 52 85 9 41 18 97 70 49 71 69 43 50 48 12 58 57 52
73 95 12 30 7 87 44 82 87 74 34 92 80 18 96 92 30 50 98 44
42 26 64 61 43 53 11 45 60 94 50 100 43 64 46 61 2 41 7 40
21 42 80 31 45 74 20 3 21 5 47 97 10 41 66 19 93 18 12 51
88 100 29 23 76 89 88 57 50 69 64 86 100 31 44 72 14 2 10 24
60 65 56 13 18 80 28 22 26 19 26 48 100 83 27 75 97 64 62 79
97 89 65 13 32 74 56 46 62 44 90 83 70 1 94 96 100 52 91 33
84 3 6 73 57 46 4 71 98 40 44 51 23 85 63 71 98 4 71 97
45 18 63 79 28 94 15 1 39 91 13 29 19 66 12 97 72 90 69 10
22 70 33 34 9 92 34 76 96 74 13 30 92 42 30 67 63 48 24 60
31 77 91 47 39 61 87 27 9 1 19 58 36 5 50 14 58 5 64 9
88 64 49 33 86 7 82 44 76 88 55 2 81 6 34 14 74 87 8 11
10 9 58 89 1 60 62 72 46 85 82 79 25 55 94 2 20 80 53 46
12 7 38 55 21 2 24 18 90 37 58 64 90 53 79 94 64 92 98 1
64 87 1 82 89 58 26 51 78 38 38 10 98 85 49 96 41 13 69 36
87 5 4 39 54 28 79 68 94 52 27 7 96 1 97 97 38 93 6 92
68 54 29 67 38 44 98 45 72 85 60 81 10 72 22 31 94 8 31 80
30 9 29 79 97 3 84 68 33 95 22 73 20 2 99 38 5 66 18 87
100 72 75 58 43 79 94 3 35 35 99 29 18 3 26 24 79 65 79 39
44 47 43 18 73 67 50 14 89 81 86 46 18 96 53 10 69 28 27 82
81 26 31 96 53 95 44 46 84 92 17 7 69 89 55 58 65 92 65 32
84 99 59 48 2 98 46 73 90 7 22 45 10 8 52 39 53 28 67 24
46 14 67 94 92 38 9 92 1 77 85 30 54 8 71 39 64 68 93 14
82 36 94 90 90 36 67 98 61 24 100 93 94 19 43 66 31 54 55 30
39 78 98 64 4 17 21 75 24 56 70 69 31 15 23 17 45 56 49 81
97 83 30 33 20 97 37 19 53 66 72 6 45 44 25 71 97 60 62 98
24 91 54 9 95 7 51 89 96 38 23 89 93 36 33 1 56 45 67 53
35 4 18 8 37 33 84 5 95 44 86 66 26 73 28 86 30 100 7 29
82 48 39 71 84 100 4 15 81 82 30 95 5 94 70 77 17 37 65 82
61 49 80 62 27 28 67 31 13 2 45 51 50 26 79 80 37 4 63 11
64 50 6 55 3 94 34 33 88 85 93 69 57 55 60 7 92 70 41 42
13 54 82 76 97 72 77 33 17 59 74 89 29 18 90 65 7 45 86 83
25 75 76 53 75 12 6 77 8 1 48 46 75 83 64 87 80 85 28 13
38 25 72 83 92 62 77 58 40 76 51 5 2 65 100 54 43 61 59 99
78 82 37 59 89 29 28 91 59 11 47 52 64 53 97 71 76 70 63 70
61 77 13 15 35 93 14 42 97 4 58 67 87 26 68 36 74 83 93 13
49 44 31 35 5 61 22 73 21 54 21 38 23 20 15 96 61 12 53 21
39 100 75 37 61 88 5 60 71 25 3 74 13 41 46 100 74 14 21 16
84 35 22 46 93 72 57 44 23 10 59 22 98 33 25 41 49 69 95 73
81 57 48 96 51 54 38 80 43 95 35 15 97 88 20 97 77 84 56 72
82 100 6 90 22 7 38 39 8 61 12 38 46 61 55 59 59 82 100 29
28 94 64 45 64 2 2 100 15 3 35 59 96 88 65 69 73 20 22 48
38 73 64 34 2 8 82 3 73 30 82 65 68 94 55 98 26 78 91 38
79 95 34 98 63 83 22 98 65 19 96 96 27 35 12 4 33 73 52 1
53 17 53 89 59 72 28 59 98 18 47 44 13 83 32 50 58 53 46 37
86 27 28 90 50 77 8 49 21 46 15 25 100 53 25 12 72 28 22 50
19 22 65 87 57 42 25 47 76 14 21 62 62 91 5 76 18 55 52 80
72 77 71 86 40 26 46 15 37 20 55 60 14 98 65 59 69 68 14 22
82 94 48 15 43 52 38 57 81 10 95 3 40 94 11 90 95 34 27 21
65 37 41 1 11 92 92 67 25 44 24 94 12 87 82 98 69 100 50 38
55 47 1 69 36 31 19 43 47 10 94 78 69 94 36 32 77 80 78 87
18 59 45 90 84 18 7 91 13 44 37 47 8 54 9 77 30 50 39 64
14 26 70 92 89 96 58 43 14 16 20 22 44 72 29 55 28 40 81 96
62 30 34 67 8 88 99 23 14 76 49 35 12 34 42 68 15 75 62 38
67 15 93 18 89 81 46 54 90 78 99 13 63 1 88 52 52 44 92 16
80 90 52 83 40 56 9 33 5 66 20 6 60 66 46 21 36 46 91 43
92 98 78 64 55 64 88 66 31 38 21 74 31 40 21 4 44 39 27 42
80 67 68 58 8 9 4 85 95 21 58 54 68 19 74 86 38 44 28 3
95 25 11 28 86 81 82 83 95 2 55 2 79 42 5 83 17 20 26 73
95 87 20 31 96 11 26 84 17 61 57 100 14 79 77 85 67 58 37 51
36 80 39 13 88 53 30 32 71 4 54 33 48 11 97 45 100 34 7 63
47 99 78 34 100 39 27 51 2 18 24 22 58 56 32 44 91 94 95 9
6 33 16 53 41 66 50 53 98 54 92 98 11 12 6 82 85 30 55 72
9 27 1 88 15 67 13 87 55 100 95 2 7 73 61 23 23 57 54 25
15 88 80 1 70 73 91 35 61 45 73 64 96 34 15 94 45 22 82 42
33 31 95 72 57 25 3 58 66 21 25 82 6 93 55 5 69 29 81 47
71 77 58 89 59 81 5 85 54 3 14 46 85 28 31 49 42 99 51 74
8 8 40 50 67 10 89 51 43 39 27 54 30 72 49 22 94 88 31 79
12 66 51 63 40 100 82 76 44 53 52 71 12 60 24 71 35 13 31 37
23 12 84 35 93 12 66 96 72 95 88 45 81 12 3 36 28 99 15 22
34 10 31 31 10 16 55 25 55 32 96 27 3 61 82 69 95 100 55 39
22 31 11 88 82 42 81 33 47 1 96 86 39 43 9 12 82 65 27 30
15 59 89 96 61 92 12 39 99 38 66 37 21 93 8 5 86 6 19 8
14 34 96 21 48 62 70 72 43 98 86 40 2 7 26 64 46 54 56 80
10 41 51 45 5 82 66 90 97 27 92 25 63 46 68 17 56 89 100 23
52 43 68 70 44 26 13 56 70 17 2 52 62 13 65 93 18 30 84 81
89 97 22 17 93 31 1 91 21 4 51 84 34 22 84 17 38 61 21 9
33 88 24 63 40 53 81 43 52 1 43 4 50 100 52 42 17 59 1 54
50 73 51 48 6 90 34 26 14 87 90 85 16 75 11 77 86 65 96 18
6 43 95 73 34 100 3 37 69 13 90 24 81 91 70 52 64 85 57 46
50 71 18 88 100 97 64 30 96 8 42 31 71 79 36 80 70 96 5 43
55 73 38 20 99 17 72 78 31 95 27 30 100 42 46 85 14 21 29 56
82 97 36 4 87 73 90 44 10 50 48 10 44 97 32 1 99 2 46 36
79 76 1 4 34 76 72 57 3 43 45 17 52 78 54 16 79 21 46 91
45 73 48 4 56 21 64 96 6 53 67 93 81 84 98 31 21 88 28 5
41 55 30 43 58 24 40 46 43 68 13 75 67 77 27 85 99 11 1 6
34 47 32 2 54 65 1 86 42 83 65 84 40 27 6 19 91 91 92 36
18 100 13 45 41 50 5 86 91 41 3 91 89 24 66 45 30 50 16 81
91 89 66 30 58 92 46 87 51 80 14 41 90 22 42 94 90 85 69 61
95 85 43 28 82 94 47 41 85 41 10 15 82 7 97 8 48 35 51 37
45 31 30 39 56 86 8 22 79 4 80 47 85 77 47 86 72 25 81 95
66 99 13 39 99 31 50 65 71 47 34 3 82 30 56 14 12 23 42 67
69 61 96 87 99 62 58 56 88 29 47 84 42 7 47 45 6 30 76 78
95 20 19 52 47 32 76 83 56 5 41 55 62 83 53 14 57 40 87 47
97 51 22 63 23 4 33 15 12 7 13 26 80 58 46 88 11 54 54 61
88 68 32 64 41 8 92 71 85 71 52 77 64 19 46 44 29 4 13 95
38 36 44 58 73 61 94 25 66 29 88 17 80 38 66 59 74 33 74 46
68 61 34 90 71 81 35 24 54 100 52 93 48 11 80 85 21 44 92 71
39 33 68 63 43 44 70 54 36 33 50 78 50 43 97 47 33 30 68 38
28 97 67 4 86 32 37 51 32 20 93 81 40 72 42 92 6 56 4 53
40 40 48 16 77 59 21 37 6 45 35 89 68 72 12 43 87 28 40 88
19 95 46 36 47 13 85 83 96 88 7 58 94 22 14 68 46 17 38 98
64 1 53 58 56 45 23 29 6 34 84 37 50 77 67 23 16 44 77 33
52 69 74 64 4 16 77 26 90 91 63 81 24 57 20 73 44 52 22 65
14 60 99 43 73 52 81 46 33 79 3 4 14 97 64 27 95 75 10 1
25 66 63 85 48 2 59 65 89 71 88 49 28 33 43 42 64 100 83 40
22 52 87 89 86 9 98 23 69 29 43 8 12 46 23 16 38 41 87 62
88 29 39 25 55 35 49 52 91 43 63 54 94 46 66 86 81 2 97 9
55 24 20 57 65 75 72 62 26 15 34 33 10 100 12 86 46 22 19 4
44 42 79 93 98 11 51 55 57 99 74 28 70 51 21 22 2 23 10 75
20 10 13 70 58 90 99 15 66 21 27 77 72 92 25 73 74 41 43 43
69 36 78 43 90 48 94 40 12 69 38 54 40 22 18 8 63 33 26 18
68 89 22 51 59 35 38 16 1 90 3 87 44 26 16 89 34 59 45 82
95 38 80 61 22 84 39 21 6 8 41 63 23 38 79 99 25 49 66 50
70 79 6 17 71 96 70 97 93 56 76 43 77 58 84 73 27 43 65 62
40 100 5 95 42 8 36 86 23 2 97 78 34 87 52 56 57 98 100 93
66 77 16 86 64 87 90 22 76 11 18 47 27 18 40 6 98 63 43 1
47 82 89 43 48 77 12 47 9 95 9 95 50 22 35 36 34 91 82 4
60 82 76 15 19 89 57 13 73 90 32 48 89 22 90 43 22 13 93 60
52 13 5 85 5 49 11 94 93 5 61 73 21 77 38 70 57 3 24 10
48 60 40 7 57 57 26 51 82 63 12 39 34 45 66 97 73 3 10 54
2 80 5 14 69 86 66 51 91 40 29 46 13 48 27 62 58 51 67 83
62 44 41 65 57 31 9 30 34 91 8 88 39 34 63 53 19 91 84 37
48 93 52 72 21 74 44 24 93 87 54 57 72 85 36 97 8 17 24 20
76 55 21 65 75 91 84 60 12 27 92 27 8 96 59 6 23 40 72 1
10 56 51 5 85 96 26 49 77 53 10 45 45 23 82 65 78 99 28 24
20 69 73 6 68 18 23 97 1 7 9 14 59 52 73 88 29 5 82 67
59 34 27 19 85 26 32 91 7 43 43 95 75 98 85 54 67 92 22 70
84 53 34 32 45 74 43 95 96 23 80 34 83 47 17 94 13 71 29 97
88 15 7 18 88 2 95 93 81 44 27 20 65 92 16 61 18 33 86 63
9 92 93 70 97 54 12 86 40 68 67 60 37 4 65 7 35 26 9 72
30 28 13 94 13 89 48 71 81 4 65 68 72 37 5 68 9 18 41 55
21 93 82 13 33 20 93 11 25 32 5 20 10 79 86 96 97 77 77 87
9 11 8 28 40 95 99 74 17 99 12 71 100 17 5 85 73 94 40 65
38 33 33 46 58 8 97 40 51 55 4 95 38 96 26 71 55 5 30 54
10 70 82 83 23 25 89 42 91 76 6 63 63 82 91 33 59 22 24 8
20 64 28 18 47 91 23 6 85 94 18 47 23 21 29 71 14 9 7 87
45 49 60 17 89 60 39 79 36 13 8 50 92 55 38 4 13 87 49 14
92 46 35 55 42 54 7 1 50 84 47 70 97 28 100 29 56 69 39 95
18 83 51 52 41 52 11 57 48 85 86 14 14 84 34 60 18 35 19 42
23 39 9 6 80 8 93 40 6 91 28 69 40 9 19 68 62 71 8 53
51 64 99 43 1 17 9 3 8 48 7 12 89 57 45 75 53 68 86 89
9 33 55 61 23 53 99 95 57 47 29 31 55 12 66 53 3 34 3 71
43 77 13 24 35 53 19 89 22 59 26 84 12 69 5 18 93 76 74 69
74 99 51 50 40 82 68 56 75 13 55 13 81 44 79 55 23 73 37 24
41 81 12 7 94 82 80 77 57 73 51 4 6 35 95 95 65 89 71 11
7 39 21 18 95 8 24 63 38 47 22 50 72 30 1 50 2 53 84 95
40 29 7 3 1 66 57 71 47 39 31 5 2 56 57 80 7 74 50 72
31 25 69 96 97 62 54 75 30 67 25 44 91 16 27 10 57 55 55 39
4 56 11 25 88 72 3 99 74 86 82 19 27 33 61 93 99 99 38 63
67 76 25 56 76 95 93 20 5 14 81 17 77 49 94 33 90 18 38 25
86 4 34 52 80 60 55 50 7 66 83 67 36 57 30 33 75 15 1 74
93 80 100 88 59 47 19 58 30 90 31 3 76 46 96 87 100 19 46 89
92 57 7 96 18 80 54 32 12 31 61 78 68 11 76 52 53 64 11 34
28 73 68 70 7 38 100 53 96 26 11 72 63 78 40 72 30 62 25 21
61 15 16 97 33 30 29 55 69 33 91 94 23 58 18 99 93 50 82 33
26 97 11 4 5 3 11 30 47 60 43 56 20 80 56 64 90 72 73 15
3 3 59 30 44 97 83 6 73 1 65 69 87 10 72 70 56 58 57 34
99 4 51 74 87 58 18 69 81 34 11 76 87 51 48 16 4 32 42 11
100 14 42 1 97 77 63 25 91 99 22 75 83 45 26 97 72 94 15 51
82 32 93 54 29 34 56 25 75 57 12 60 58 70 30 76 46 24 76 59
66 46 3 47 83 90 37 93 19 58 2 14 7 7 23 5 85 23 5 70
18 63 34 17 38 78 67 8 55 34 25 94 73 59 74 6 48 72 40 58
23 80 96 32 42 49 15 82 25 63 21 31 20 59 20 40 37 22 51 62
78 41 98 91 58 48 87 10 78 72 32 44 100 62 81 31 58 75 26 86
97 8 3 18 15 64 57 42 15 11 76 66 87 75 77 73 27 30 68 84
62 71 44 9 86 94 44 27 94 49 100 79 18 14 73 9 91 70 62 3
95 45 12 59 13 60 32 60 44 45 75 91 48 72 23 97 89 52 75 63
60 86 84 5 72 98 40 87 35 32 58 79 59 44 29 17 18 64 32 1
66 27 68 15 67 56 57 44 95 91 26 85 39 87 32 59 75 32 5 44
65 27 49 53 66 33 63 91 95 72 97 96 83 31 8 86 92 92 83 14
49 22 21 16 58 85 35 29 37 23 69 33 92 97 17 16 73 29 49 95
78 46 31 57 93 46 45 11 100 66 82 89 36 61 75 31 1 91 66 44
13 25 99 75 1 50 27 52 37 5 13 1 65 47 51 22 100 48 98 48
14 68 77 81 16 72 74 48 74 75 79 33 48 26 27 81 83 35 8 67
78 91 43 17 76 21 6 59 12 81 87 70 63 4 63 28 100 56 38 41
94 35 2 37 54 95 43 90 87 100 64 51 15 74 62 60 65 65 14 71
100 58 60 23 35 13 10 94 12 28 16 94 75 1 25 55 67 17 58 6
90 40 3 46 38 14 83 7 21 78 36 89 42 27 21 51 71 73 69 97
72 28 83 51 80 24 21 3 16 71 36 1 94 11 78 7 24 94 36 4
24 72 68 24 93 43 51 58 54 100 64 25 13 11 2 7 69 93 79 36
92 6 98 54 36 1 31 15 90 15 29 100 56 43 59 17 100 16 8 67
14 20 78 6 46 90 7 99 33 38 31 98 25 75 37 95 30 93 1 24
74 47 56 87 61 29 53 100 75 83 41 65 8 22 79 2 19 37 48 96
62 36 92 37 42 57 7 97 27 71 86 80 43 25 79 36 90 1 68 97
89 70 37 51 23 42 39 7 24 99 28 80 5 22 30 62 45 72 26 73
81 42 1 18 88 33 2 56 3 90 37 90 33 62 83 48 86 69 47 24
7 25 51 73 21 14 32 50 91 91 51 80 67 6 73 8 9 52 66 5
34 20 68 13 30 96 24 22 78 96 22 60 60 49 38 82 15 83 38 98
89 29 91 84 44 8 48 41 20 86 76 17 93 11 52 38 77 53 98 93
4 55 17 93 21 93 59 62 91 19 57 55 81 95 18 27 23 45 62 1
76 8 28 20 61 53 34 21 18 51 52 57 43 7 44 80 97 66 93 83
82 68 83 84 61 82 21 63 99 86 82 70 54 90 19 42 94 25 14 32
47 79 67 99 68 21 84 52 14 44 79 14 50 67 14 10 2 11 72 43
100 71 70 84 11 61 67 75 51 66 82 33 33 32 38 71 25 96 3 2
63 85 18 73 7 33 3 36 19 54 4 24 82 41 12 51 67 28 16 63
45 68 5 56 34 49 36 19 31 34 18 47 76 60 92 39 5 82 85 47
42 87 75 39 60 31 36 35 40 42 14 39 10 26 33 8 89 35 16 40
15 15 78 51 66 55 1 49 19 25 83 90 38 70 26 2 52 63 61 49
17 90 9 65 81 1 28 18 52 24 40 82 94 79 84 22 9 65 41 14
66 58 55 58 78 78 77 39 37 61 12 92 76 74 93 4 11 100 67 83
6 49 42 28 94 92 74 2 56 64 19 19 59 73 96 14 31 82 45 81
62 21 94 67 78 1 27 37 78 6 40 37 96 39 66 98 14 90 8 32
59 77 98 30 61 43 37 54 42 50 61 55 30 95 54 3 77 23 57 76
20 100 68 29 2 43 11 64 91 12 77 56 65 59 26 78 27 11 74 86
69 58 6 88 91 54 11 36 75 8 3 99 21 32 95 35 41 88 89 86
19 85 75 16 69 93 82 21 34 57 3 86 26 42 24 51 88 64 68 39
2 54 8 7 81 98 62 15 83 23 98 83 19 98 59 1 48 15 98 60
52 31 90 37 57 80 50 50 34 31 49 35 82 19 55 95 23 74 96 70
85 77 19 41 73 56 79 11 44 5 70 98 25 14 67 35 71 12 7 1
30 31 84 15 87 74 51 98 24 90 51 89 77 36 90 65 71 35 79 32
30 11 86 33 73 27 53 59 76 95 87 18 45 60 32 38 52 6 73 2
78 55 5 18 59 82 77 24 35 42 38 99 48 34 7 88 67 90 3 82
66 9 79 12 94 90 55 3 87 17 70 20 55 7 100 16 32 58 53 46
96 53 44 94 40 96 47 47 39 12 84 17 88 48 23 12 74 66 95 33
98 45 26 22 57 55 82 1 97 47 43 29 76 39 86 39 7 66 50 24
36 37 32 13 95 62 14 33 45 6 49 58 28 35 41 85 35 38 41 44
77 70 14 80 44 93 74 61 33 82 32 74 95 14 61 87 27 11 44 35
66 38 55 24 46 82 73 5 19 36 16 60 90 63 22 37 94 11 10 53
28 11 27 37 7 21 67 80 51 88 21 5 9 49 89 16 24 84 34 32
75 84 34 80 38 82 38 70 74 56 6 12 16 28 29 9 75 50 3 83
60 7 60 97 24 89 49 65 27 86 53 89 61 92 54 42 74 87 52 32
57 82 50 66 80 41 10 94 71 67 24 39 82 68 99 77 81 8 58 64
95 95 100 19 12 86 93 3 4 4 36 84 98 40 82 18 31 97 60 50
64 9 55 5 94 46 44 8 82 69 96 93 63 83 79 37 78 27 95 66
73 11 78 15 38 20 77 98 34 45 81 31 75 10 75 43 95 99 40 90
97 38 68 59 74 67 42 53 53 98 47 12 71 72 86 95 67 20 60 94
68 96 86 100 95 52 35 83 13 70 97 53 47 48 95 44 32 70 83 99
46 50 26 87 75 69 57 15 67 27 27 74 28 45 73 75 36 96 64 29
47 37 19 26 65 51 75 45 28 28 89 53 5 51 85 7 19 4 59 70
50 61 77 67 80 1 66 9 4 18 23 92 80 43 38 91 5 86 23 99
67 84 12 11 14 22 54 1 52 79 78 53 99 10 92 49 41 42 15 51
74 19 63 21 65 81 11 14 90 1 41 46 39 3 98 40 37 42 80 58
36 28 53 82 59 9 85 57 11 95 25 20 47 98 97 55 82 95 57 88
37 82 85 70 49 8 62 12 47 40 60 30 51 89 96 46 92 88 93 59
95 96 39 38 8 89 6 18 48 68 35 70 64 100 98 89 18 17 65 41
73 87 52 16 25 1 26 78 41 36 13 66 99 100 5 96 1 87 53 80
53 8 36 2 1 93 50 44 41 45 34 32 42 89 9 88 38 45 76 34
36 9 5 52 68 70 62 41 100 48 85 62 49 48 27 47 92 81 75 71
3 41 47 45 100 79 7 60 49 64 18 94 78 1 32 41 2 43 95 10
64 87 39 71 84 37 58 7 70 48 86 99 64 65 87 47 82 59 31 87
88 87 71 64 86 93 74 97 72 65 42 5 34 35 21 91 9 33 85 77
6 97 89 50 36 80 75 85 75 92 84 7 72 91 91 92 11 48 84 93
98 73 8 99 47 52 4 57 14 47 6 94 21 67 88 57 87 9 76 52
13 59 72 28 51 55 9 70 11 53 3 58 99 81 19 94 10 67 49 68
72 67 8 8 99 52 26 70 56 30 42 37 1 7 87 55 99 91 100 62
15 85 11 64 20 87 100 51 50 26 84 26 83 86 29 76 62 73 5 15
46 66 63 15 100 54 90 92 9 74 29 87 36 20 13 60 11 73 15 3
42 17 87 75 53 85 4 20 87 18 56 44 56 17 9 92 41 67 50 27
81 97 18 61 66 31 17 75 21 90 46 48 96 8 53 94 28 30 27 99
77 43 82 99 74 14 90 48 23 39 70 3 87 83 47 8 44 60 59 29
44 51 3 35 33 61 95 40 43 78 70 57 95 1 10 44 74 66 56 2
79 14 25 10 87 86 79 67 37 37 35 96 15 65 82 32 49 68 58 24
53 73 20 94 82 97 48 21 25 74 8 95 67 33 94 75 14 79 85 29
28 95 27 36 41 69 89 1 84 1 74 23 74 97 12 78 41 82 68 75
79 93 7 77 85 57 5 40 57 75 46 92 58 85 99 24 67 3 39 41
65 99 88 7 22 85 16 96 28 3 75 3 13 29 100 67 18 97 79 42
19 14 9 18 53 33 62 81 17 56 49 16 24 57 61 41 65 100 92 51
43 37 26 46 26 70 8 78 56 4 40 55 18 87 40 6 6 3 69 67
91 89 39 27 95 48 98 67 20 59 61 60 72 67 71 68 32 77 40 22
51 21 95 3 71 83 49 91 92 75 33 39 98 91 54 75 94 52 19 36
62 89 21 26 24 90 94 17 31 60 41 50 14 37 1 65 95 76 26 97
12 100 70 46 7 75 37 70 58 45 12 82 77 76 41 42 80 49 98 79
1 20 37 10 56 43 26 6 37 69 71 60 72 17 42 30 84 3 84 69
36 4 21 100 58 55 20 79 33 29 93 96 20 51 72 38 58 82 85 90
6 33 67 54 21 11 13 27 72 78 56 82 26 16 16 56 56 67 32 43
54 100 21 23 46 85 89 21 57 99 79 77 14 36 90 23 19 76 70 89
67 74 29 5 61 25 36 95 93 83 13 11 88 56 81 65 30 60 7 62
1 8 74 80 10 96 7 53 68 89 81 46 57 79 28 5 43 60 72 89
24 39 33 45 51 89 7 82 60 7 43 62 80 13 72 65 55 21 25 53
20 84 12 23 12 97 4 75 38 36 20 16 100 62 56 2 55 59 84 93
70 66 58 52 65 67 84 10 12 22 56 39 40 56 43 72 66 26 93 38
91 63 74 41 73 46 60 52 10 100 31 43 83 31 59 57 61 18 39 64
98 90 11 97 2 98 65 73 51 68 49 8 6 22 26 63 97 64 36 85
28 16 57 59 97 83 53 4 64 83 13 51 67 92 11 16 56 6 79 34
42 94 67 22 8 49 61 94 34 44 100 89 85 50 36 20 12 4 83 10
18 50 92 90 21 51 93 79 74 67 38 53 23 10 23 62 35 18 34 80
54 19 92 86 29 32 35 27 28 17 81 24 43 10 75 23 27 36 12 26
48 24 24 93 70 24 77 98 26 47 52 59 69 62 54 80 78 99 35 35
25 13 55 43 54 9 12 78 67 80 13 56 3 17 86 4 40 33 33 92
82 39 4 80 18 36 38 33 88 95 75 10 11 97 38 26 27 62 74 44
78 18 80 66 33 74 7 93 7 51 49 69 94 70 60 100 93 6 62 90
36 70 65 10 53 97 48 79 36 54 43 82 10 52 84 81 43 41 67 64
41 17 18 45 9 39 48 33 55 83 81 53 36 65 18 47 51 60 85 97
55 80 73 35 79 61 75 12 95 38 8 26 47 42 26 22 16 76 1 74
33 61 81 31 66 26 94 41 19 48 73 79 17 90 6 40 27 91 75 66
49 48 84 96 31 43 73 62 96 7 28 39 40 4 81 33 53 42 11 47
67 93 87 100 87 35 67 3 7 50 6 50 28 45 9 44 61 52 91 28
59 16 88 69 40 87 47 77 18 10 92 91 61 91 5 59 7 2 47 87
85 39 42 46 25 85 84 4 72 25 15 86 76 93 12 95 66 7 67 15
72 55 34 47 53 50 77 97 91 82 2 12 40 88 78 97 12 47 67 58
1 40 50 31 91 4 37 70 92 68 20 83 36 86 31 91 90 69 71 56
96 88 10 37 5 1 77 65 7 59 52 78 33 70 52 55 64 97 13 14
64 83 24 83 8 32 39 45 25 82 92 100 8 58 78 57 29 37 45 72
55 95 96 43 93 44 20 93 46 16 57 8 100 83 86 60 23 31 70 23
58 60 32 52 78 57 83 75 59 13 65 61 47 42 8 32 36 76 5 31
75 35 57 11 59 27 60 61 9 76 10 26 32 51 54 37 2 40 52 19
23 2 74 83 16 15 61 35 35 3 76 3 73 69 38 34 70 77 18 18
66 1 68 41 18 82 58 2 74 91 18 47 1 85 45 24 55 52 16 78
42 14 69 69 88 49 56 94 74 45 60 70 3 57 68 64 45 63 77 70
8 92 23 77 75 76 91 86 25 25 78 92 13 42 12 40 92 36 66 95
77 6 41 79 17 66 58 33 69 72 11 100 75 86 1 94 11 37 13 62
31 74 72 15 11 41 71 45 77 18 91 100 62 7 85 2 41 4 12 37
100 42 67 8 39 11 94 4 76 96 59 23 71 6 10 15 50 65 100 99
48 78 12 1 65 25 61 58 59 70 48 18 57 81 3 51 100 1 83 78
30 31 87 22 27 21 15 5 93 35 81 4 26 95 82 38 6 23 38 42
46 73 48 27 32 74 1 18 14 79 5 24 42 74 54 55 51 23 93 45
68 100 19 65 61 50 10 86 63 2 37 47 20 16 30 63 50 73 22 25
37 81 79 72 79 61 32 72 46 64 62 27 62 37 67 8 97 19 88 28
89 55 79 56 35 49 8 68 59 2 45 10 27 100 82 17 64 12 21 66
16 37 90 57 14 96 58 11 84 51 81 48 76 11 84 51 94 70 66 22
78 46 98 85 42 49 54 29 51 34 86 98 70 3 86 87 8 15 3 66
68 82 20 58 78 39 70 22 21 66 33 84 50 25 82 41 31 81 100 98
71 67 54 88 49 37 25 81 24 83 70 43 66 88 47 51 15 33 22 46
54 96 3 82 95 15 56 87 31 82 88 89 44 45 69 50 50 74 99 31
64 69 35 31 56 78 5 100 1 90 17 25 73 84 53 52 13 93 66 25
41 75 3 41 8 50 96 37 17 89 92 13 98 74 80 79 18 5 67 51
21 97 15 38 62 64 33 88 28 77 54 57 58 67 98 89 52 98 82 41
71 32 55 91 87 22 72 38 40 47 46 34 68 78 93 73 50 90 14 39
91 36 91 79 49 89 75 19 3 31 63 77 94 69 26 39 25 96 88 67
27 98 94 88 36 86 13 76 68 61 22 10 79 32 84 68 75 64 14 97
3 97 16 78 90 65 7 59 4 45 24 60 59 28 99 5 79 9 68 64
91 31 18 43 3 74 45 78 91 50 7 25 52 47 90 84 16 45 57 85
68 69 81 71 94 88 31 83 42 93 71 64 96 27 87 58 47 50 36 10
69 86 11 5 5 52 33 76 62 77 96 98 2 69 35 86 99 34 59 50
23 42 4 92 96 87 13 85 20 49 34 41 93 69 86 6 29 88 80 13
37 45 62 41 54 51 89 50 98 75 69 49 49 18 28 6 70 84 30 61
13 59 93 27 54 51 61 87 63 49 50 93 22 91 22 94 32 9 32 52
7 13 43 47 54 46 76 31 80 57 92 62 74 51 33 53 9 64 10 33
22 93 19 46 91 40 89 19 28 85 47 48 85 37 35 91 62 15 48 13
58 80 10 41 94 16 84 29 97 92 93 78 12 8 87 45 96 100 6 54
46 79 63 17 25 13 40 86 41 27 68 33 8 56 87 47 87 62 64 92
67 92 39 35 38 31 82 41 66 79 25 86 80 83 26 62 78 86 69 13
50 95 59 91 66 60 86 2 78 54 97 27 13 38 70 94 25 20 59 77
41 42 49 36 16 41 81 5 15 33 95 42 92 78 19 7 70 30 31 25
4 10 40 12 90 51 87 60 11 78 69 25 37 99 83 7 12 25 39 54
95 51 66 39 23 77 33 91 45 75 80 28 71 19 77 91 13 80 8 67
98 6 9 14 40 2 76 67 62 81 79 63 96 34 23 19 14 31 28 41
92 41 82 43 68 7 20 47 44 70 12 99 85 10 75 15 29 4 34 20
97 53 63 25 65 40 22 11 67 19 62 4 50 53 55 48 8 17 28 10
98 80 43 76 99 36 27 4 50 55 43 29 53 33 47 61 50 63 34 85
59 95 33 68 96 26 27 73 68 66 7 49 10 73 4 65 96 90 16 7
89 63 11 64 30 2 84 89 3 94 60 20 54 79 32 87 32 76 56 92
22 1 40 70 18 88 68 53 3 11 91 94 93 64 94 66 45 12 89 24
51 24 42 67 77 55 28 94 32 12 80 95 96 7 75 34 45 34 18 77
75 63 37 10 24 99 51 23 76 94 40 78 68 94 79 10 53 8 28 97
73 87 72 81 41 62 79 95 42 98 43 49 69 60 68 47 24 27 89 59
8 69 7 45 82 81 17 69 3 25 80 20 8 77 2 80 6 59 33 17
58 71 33 39 1 57 48 28 22 14 85 69 39 11 95 7 62 31 39 74
75 70 6 18 37 69 40 25 10 22 19 10 91 20 53 12 56 21 26 19
16 2 53 93 87 35 44 62 47 11 21 36 54 47 32 34 56 95 70 71
35 61 82 39 47 28 11 33 64 71 43 31 51 29 41 73 21 3 46 66
29 30 56 33 2 23 37 34 84 85 70 74 93 10 59 42 28 54 81 2
93 69 52 5 27 45 72 58 11 55 7 95 25 41 41 13 19 37 67 62
7 2 37 97 11 28 5 49 50 15 15 31 8 38 40 14 43 73 29 34
25 98 62 37 77 34 11 61 58 23 55 27 48 41 13 60 18 27 89 63
25 22 42 99 75 31 9 55 79 11 48 51 15 48 22 67 68 3 37 20
18 11 79 42 96 43 23 77 67 72 35 3 23 43 38 39 26 84 65 88
33 58 5 87 61 67 72 81 62 3 90 55 22 34 71 54 63 78 62 83
88 42 43 90 34 15 49 87 2 86 52 9 83 66 77 92 49 93 71 68
93 63 27 8 100 88 22 97 81 8 73 70 33 70 69 90 100 3 42 71
32 39 22 31 39 67 13 2 67 53 1 57 46 80 37 90 27 32 100 46
67 19 30 69 38 9 50 13 20 63 45 23 29 48 23 19 71 8 22 71
67 82 73 75 25 11 66 26 43 1 69 20 15 99 99 85 26 49 79 11
74 55 25 80 9 81 49 28 47 53 7 48 91 80 86 71 31 4 59 45
99 75 85 59 70 86 3 63 51 50 19 64 47 23 79 85 23 47 2 10
44 71 29 42 1 91 45 72 99 83 30 38 24 55 17 65 85 98 1 88
21 16 17 88 89 90 8 84 100 62 58 22 26 24 14 24 27 91 78 23
57 98 33 64 69 94 61 61 55 30 56 26 74 4 65 41 17 4 48 3
89 27 16 71 93 73 28 35 90 23 36 25 82 56 67 10 76 1 95 67
68 44 42 44 8 2 96 85 60 98 47 81 44 67 15 56 70 81 60 29
63 84 42 6 15 18 23 46 21 51 63 18 73 17 42 32 100 71 36 19
57 69 8 87 61 20 87 81 55 43 40 13 76 69 87 37 99 71 63 42
87 92 50 88 22 100 74 97 4 3 71 80 46 99 26 73 78 28 42 47
78 38 11 81 54 11 15 9 70 97 74 76 27 40 69 66 19 30 41 49
65 24 99 72 57 48 10 78 31 31 51 15 61 34 6 89 27 21 91 91
66 19 53 36 92 36 74 35 81 28 14 54 86 56 54 75 89 76 21 23
46 83 47 58 26 75 54 96 85 29 61 5 48 23 75 66 27 17 30 77
74 24 87 25 10 14 6 71 5 43 75 77 68 41 78 80 33 19 32 30
64 31 95 24 92 13 63 51 18 96 6 44 94 6 69 72 11 45 27 80
3 64 37 1 29 51 89 23 35 39 77 90 28 19 5 2 72 84 69 12
11 57 15 73 71 33 46 31 23 100 66 5 25 47 66 58 99 25 13 59
68 84 27 93 93 77 31 60 56 17 51 58 16 51 32 44 5 46 52 72
62 25 59 87 27 100 89 47 33 83 63 48 32 98 8 39 53 26 35 98
7 74 11 34 4 69 51 15 71 65 43 89 77 80 16 25 70 94 48 63
6 92 44 73 96 96 60 49 42 52 78 78 84 23 22 84 10 5 34 77
56 3 42 38 32 27 50 64 30 61 30 85 98 9 49 23 90 97 89 30
18 80 34 17 18 28 95 69 50 83 97 90 53 93 46 6 95 86 94 95
46 84 55 50 80 57 10 55 95 87 80 75 48 48 19 77 51 28 33 51
87 43 63 4 23 20 49 35 74 6 38 69 89 58 16 100 20 33 39 49
18 19 6 32 30 43 38 2 41 96 92 72 99 81 96 72 14 82 11 12
24 71 62 47 100 83 85 77 13 21 61 6 61 71 63 10 50 16 97 27
5 84 30 5 44 60 4 41 61 6 65 69 99 94 72 70 18 63 54 94
67 14 13 74 8 28 74 47 29 27 45 67 86 100 98 15 41 65 46 90
78 65 97 87 25 12 86 45 41 82 55 29 69 16 99 27 43 47 3 93
20 18 19 57 30 14 76 97 86 14 57 32 14 24 90 38 50 93 30 84
48 39 79 39 48 79 68 45 47 18 76 1 46 17 90 40 69 59 76 10
38 98 67 12 9 1 88 7 48 19 100 97 67 83 17 56 26 86 98 78
67 64 32 53 31 17 84 82 22 8 76 13 18 81 39 49 53 2 43 33
96 12 76 94 17 45 6 64 10 33 25 39 39 75 20 70 97 1 36 19
31 6 17 56 17 8 70 30 93 47 88 66 81 35 89 60 39 51 32 26
49 79 13 90 13 22 41 22 76 27 38 42 17 90 75 49 76 85 70 29
33 83 40 78 33 35 26 76 45 72 76 60 52 25 58 58 85 92 14 23
100 2 48 23 82 39 23 83 61 64 19 95 18 54 69 12 4 49 27 85
12 56 98 96 46 55 7 30 60 34 57 100 91 89 14 18 97 26 56 69
53 82 50 84 57 62 69 84 88 49 26 42 14 12 2 47 21 42 76 89
13 35 57 88 66 38 87 91 20 37 43 63 82 3 14 55 77 21 35 43
48 69 56 50 15 38 79 71 27 3 36 32 82 88 89 22 70 73 29 32
23 8 71 41 53 6 8 10 28 24 17 87 85 57 49 64 48 29 26 13
58 89 63 80 18 73 51 98 69 4 10 69 8 86 54 43 68 21 40 77
75 9 73 87 100 92 58 27 30 7 89 55 26 23 1 38 83 72 51 17
96 17 49 58 18 61 46 58 27 36 54 68 9 71 48 99 95 74 54 80
76 46 99 15 54 30 9 81 68 4 57 81 98 37 67 26 47 97 80 88
57 17 36 82 85 7 57 48 61 82 15 2 32 43 57 72 39 100 59 44
65 86 41 64 26 43 40 49 9 32 11 64 80 81 73 89 39 25 99 97
79 77 57 31 84 75 95 18 58 7 30 80 68 73 32 2 61 46 70 90
61 62 67 76 69 48 63 58 75 57 39 69 21 62 75 28 53 37 22 40
43 5 64 4 26 6 1 33 14 15 76 86 33 95 70 65 81 97 28 57
36 21 6 50 98 75 58 75 60 40 20 22 62 46 19 26 37 61 58 15
8 48 71 39 92 23 65 38 31 27 38 38 36 4 94 51 69 62 77 54
74 23 45 16 19 44 69 49 83 57 65 50 3 48 31 85 46 89 56 42
16 37 17 36 41 51 91 22 81 55 49 4 87 12 98 59 73 23 77 78
16 81 12 25 91 42 59 1 62 33 24 80 79 82 50 50 8 36 21 97
6 78 47 70 65 8 55 38 48 31 19 95 33 86 91 89 55 91 89 12
70 68 78 70 76 88 37 86 86 28 35 45 98 10 42 38 71 35 18 70
35 16 48 46 16 90 49 56 78 35 60 86 80 18 19 38 5 64 21 74
5 27 71 87 6 60 47 90 55 96 35 48 39 27 20 75 14 38 18 80
38 70 31 47 70 98 31 97 21 5 79 8 13 48 63 43 30 22 76 43
16 37 87 100 28 48 86 44 34 71 96 75 72 69 56 72 65 10 53 53
91 22 72 14 24 96 72 7 32 97 54 34 13 69 99 80 22 50 77 74
82 17 78 3 15 22 73 63 83 25 36 33 46 63 77 12 82 86 44 8
56 41 76 80 90 89 29 85 84 14 24 97 31 67 75 18 24 39 64 69
34 85 57 62 43 7 38 44 14 19 54 85 96 38 13 45 8 57 2 18
4 65 64 33 93 57 15 22 86 68 42 19 76 31 23 46 79 18 93 92
97 80 26 63 96 60 13 80 82 48 32 59 78 40 100 83 97 40 33 5
60 73 46 98 33 10 66 18 93 89 17 98 3 69 86 23 48 99 46 48
83 88 66 84 21 59 28 32 5 67 18 36 31 25 8 40 66 58 94 10
61 40 16 77 15 89 17 17 8 6 59 17 46 97 7 91 59 52 57 71
29 30 68 61 81 6 27 27 6 39 18 64 40 42 100 45 5 100 25 47
22 55 19 51 51 100 57 17 6 14 81 23 97 39 15 63 50 47 21 14
68 56 12 73 97 25 64 55 4 76 25 19 5 34 20 55 90 43 16 33
36 60 39 48 83 71 91 9 36 6 68 95 58 84 31 38 48 62 46 88
76 46 58 11 39 46 11 26 65 57 1 94 17 63 30 11 20 25 89 79
19 99 70 87 10 75 96 32 40 86 5 77 20 38 48 25 99 69 60 81
35 45 18 42 40 89 49 8 76 40 71 70 32 54 59 56 100 4 85 58
95 69 16 29 30 6 28 44 63 86 45 86 90 11 6 65 46 83 49 67
56 60 34 12 75 79 28 77 30 67 49 96 50 40 69 3 29 62 60 92
87 16 16 87 48 24 42 98 38 23 67 27 28 82 57 85 44 67 17 36
40 23 36 87 83 89 45 83 33 97 91 5 89 43 79 95 55 36 58 33
57 80 37 6 66 67 15 33 85 52 81 90 59 80 33 47 51 62 35 65
1 47 22 1 13 34 15 76 69 55 8 5 70 66 5 47 23 34 70 7
84 91 34 79 77 43 63 75 33 11 74 31 65 53 39 7 50 94 13 96
72 92 62 27 78 58 16 83 70 88 43 77 100 65 23 49 98 82 54 41
47 35 14 39 73 96 67 41 93 44 36 55 89 23 59 98 36 9 56 25
78 48 23 92 24 34 90 76 72 26 28 26 19 63 91 24 8 71 11 42
75 39 47 20 32 33 13 42 64 68 46 51 35 75 43 8 15 57 89 80
3 46 83 58 77 88 100 50 20 40 58 99 97 11 30 47 25 42 5 52
73 1 35 87 96 39 67 90 20 25 97 32 98 80 36 54 14 69 1 72
58 55 17 6 28 53 78 25 51 92 26 17 16 51 3 56 8 44 58 71
1 95 86 32 95 62 14 12 6 69 89 10 81 88 36 82 77 96 60 74
19 22 11 64 62 33 62 89 44 44 13 23 55 2 43 52 99 24 98 22
41 18 54 32 23 92 93 43 59 53 33 39 22 44 63 8 63 9 51 18
4 13 83 90 57 8 53 57 83 5 83 31 41 12 81 62 25 97 29 1
95 45 18 6 91 76 88 15 90 17 86 28 27 29 47 13 90 46 49 11
12 25 80 53 29 91 10 33 30 97 84 89 56 89 74 91 86 92 79 46
81 88 25 17 9 23 3 87 43 5 41 31 67 51 83 32 86 39 15 48
29 35 86 47 33 9 5 24 64 21 49 5 87 39 34 97 38 19 100 91
14 80 2 2 35 16 84 27 17 13 84 92 55 16 81 10 92 31 12 21
48 10 25 5 19 26 98 39 18 40 47 58 53 83 99 3 66 92 80 67
29 47 8 39 44 100 99 94 73 98 51 44 30 92 99 13 7 86 46 54
3 22 34 100 80 63 91 14 17 92 57 49 42 24 82 97 20 91 79 90
75 85 57 93 19 56 40 69 86 31 72 44 35 74 88 36 93 100 38 86
29 98 36 25 51 61 25 84 37 4 46 90 60 93 83 43 59 4 17 36
38 87 7 79 5 79 20 20 50 53 44 26 81 49 1 91 97 71 64 4
56 75 54 91 5 6 65 94 70 23 46 66 17 58 92 40 3 33 99 49
71 2 29 56 11 35 45 36 16 90 93 6 49 18 45 37 82 74 79 10
16 8 93 85 62 29 29 82 57 69 83 100 88 3 58 21 7 14 18 67
80 75 51 3 41 32 72 51 47 82 53 72 61 86 67 6 14 42 44 83
24 98 88 63 62 64 14 16 88 24 76 39 19 72 38 59 36 82 4 48
52 95 13 97 100 91 38 9 63 60 48 18 43 19 58 94 71 24 78 78
66 20 59 81 32 19 90 84 31 63 88 59 28 38 81 55 59 80 30 22
17 67 95 83 72 34 79 34 10 7 24 17 67 40 44 6 88 70 24 80
24 71 71 63 2 19 59 89 4 68 63 92 64 22 71 77 83 100 62 58
66 10 90 34 47 76 49 37 34 41 100 1 19 15 74 2 77 15 72 3
93 93 42 22 65 36 81 53 78 38 91 95 54 90 70 100 96 50 35 40
41 49 93 53 71 54 8 85 56 86 54 54 41 77 36 64 98 85 3 53
66 44 86 70 96 83 82 71 91 70 95 81 86 94 60 7 66 5 13 90
79 60 59 40 3 5 73 46 67 27 2 55 55 25 56 74 26 54 26 27
97 3 60 35 97 56 59 18 72 19 27 69 89 31 15 75 68 36 20 85
95 5 74 35 85 86 96 85 78 14 43 21 55 76 58 53 28 65 7 25
76 35 97 75 87 12 26 17 87 65 39 30 65 1 84 34 8 45 98 56
13 13 41 58 6 58 70 76 34 5 45 78 74 51 48 72 34 30 10 95
19 51 71 13 65 46 95 22 1 60 76 100 52 49 30 19 63 36 12 95
34 53 12 79 22 29 26 95 38 45 20 62 10 77 58 73 96 1 92 80
9 77 73 53 24 27 26 12 51 52 71 47 76 14 75 41 31 22 78 7
72 11 84 10 47 1 21 52 99 2 90 66 68 56 25 97 95 14 48 53
16 4 52 48 18 91 23 80 91 71 51 86 11 51 44 27 51 63 36 53
35 32 63 15 27 84 4 76 69 22 93 17 60 69 87 84 73 49 81 74
71 31 44 87 64 65 33 54 52 18 54 2 87 58 22 42 95 13 90 70
97 24 63 11 85 85 85 14 35 27 88 37 22 95 76 31 64 61 63 96
86 99 94 15 11 21 4 44 69 70 29 98 44 68 11 70 46 46 12 45
22 58 100 95 31 60 43 73 100 69 46 77 82 40 83 19 74 96 99 14
46 40 74 67 49 89 57 49 68 2 85 30 23 20 67 36 46 29 33 5
47 32 33 94 27 48 11 54 9 42 14 69 58 79 35 100 92 16 93 17
90 23 48 26 20 73 13 89 8 65 73 20 91 49 9 57 61 13 18 84
29 88 47 17 87 5 16 62 26 64 2 47 3 52 28 83 6 12 91 8
74 23 69 63 23 96 45 17 73 22 71 24 19 57 10 81 80 12 3 67
44 28 38 86 28 51 97 1 42 30 78 15 34 24 2 91 74 33 62 84
60 34 4 58 36 94 62 4 97 84 74 90 94 90 87 40 8 79 89 91
87 78 5 91 70 48 51 59 29 79 26 86 88 93 27 12 91 8 84 19
52 66 92 91 68 94 5 21 29 85 38 93 39 36 59 98 8 61 22 22
83 49 23 31 61 95 91 62 97 23 76 26 93 26 18 83 74 66 32 87
83 62 21 68 65 78 20 70 37 28 20 14 63 75 74 72 9 61 67 18
49 72 82 13 69 38 6 16 30 54 2 15 59 17 87 67 7 21 43 58
93 62 87 25 72 8 41 28 67 80 90 35 22 66 58 21 67 100 7 46
36 44 25 14 66 1 32 23 60 52 22 53 56 9 79 69 72 9 6 85
92 53 17 79 13 48 26 39 70 34 60 95 52 22 93 16 66 86 42 71
12 9 44 13 61 23 51 10 75 97 91 78 61 67 93 83 14 70 4 64
4 29 16 93 75 5 69 19 16 13 13 29 57 16 12 71 9 32 58 88
62 57 85 38 2 16 98 53 92 57 79 63 100 24 89 11 86 32 51 46
68 49 66 91 67 63 64 58 39 56 18 22 77 65 48 48 56 24 37 37
71 15 49 60 78 90 48 66 29 41 99 52 6 62 39 7 64 9 7 53
25 4 9 84 42 35 47 81 45 55 71 6 59 81 96 97 14 44 66 63
38 46 3 74 85 20 76 84 5 82 81 41 10 56 27 25 42 41 72 62
55 48 51 59 14 25 92 41 92 12 10 58 41 99 14 65 75 30 34 73
76 52 93 3 36 74 31 76 84 55 90 77 1 59 33 48 70 3 93 20
50 90 83 57 39 67 31 92 43 99 6 18 8 67 6 92 5 86 29 15
3 57 22 36 55 81 64 6 70 13 51 100 79 46 72 16 59 53 83 2
90 67 94 94 16 100 56 90 54 64 7 51 2 71 73 14 51 8 24 47
17 84 81 52 13 74 59 69 41 63 88 2 29 57 25 35 6 51 43 11
75 75 39 44 17 33 43 64 31 84 32 60 40 24 45 34 88 13 37 34
94 87 1 85 54 49 98 85 15 95 100 19 96 35 94 73 51 75 48 78
92 81 37 46 5 86 12 80 27 35 2 89 51 19 90 97 55 71 34 34
4 61 86 42 13 35 43 41 94 55 31 8 26 22 11 61 66 91 58 90
38 62 34 56 53 100 63 36 18 96 12 62 92 2 6 27 36 5 31 25
84 64 94 62 97 52 25 47 43 95 59 91 64 83 42 31 83 43 26 9
19 1 20 54 9 13 17 6 47 18 14 5 7 20 31 76 5 88 51 81
95 90 60 54 81 90 83 28 51 52 45 35 58 53 19 25 45 40 86 48
30 31 30 36 69 64 20 44 87 9 84 50 61 84 51 1 61 16 26 69
99 52 3 61 89 20 92 53 16 94 42 32 14 29 86 82 10 100 93 84
81 11 17 3 91 18 81 100 10 19 85 16 84 52 45 18 25 19 21 54
46 36 81 93 86 36 63 39 75 85 82 32 60 5 72 76 49 4 41 50
25 38 91 7 49 72 68 100 50 43 51 7 76 98 68 19 36 65 65 69
97 21 49 18 68 26 53 65 87 90 32 47 86 34 40 88 59 58 83 52
97 34 71 53 2 71 82 59 21 76 32 51 55 49 13 22 1 53 83 29
56 83 75 26 79 93 90 48 11 84 99 82 92 5 79 33 77 64 49 81
43 76 70 100 6 1 91 53 88 100 16 80 25 92 30 96 65 29 95 86
65 70 2 14 54 70 5 50 2 35 76 33 73 87 79 18 48 52 14 22
40 61 64 58 99 81 30 96 57 95 1 28 53 18 64 99 31 40 25 3
16 94 58 47 87 72 58 26 88 90 83 30 91 80 3 31 63 40 5 65
72 41 87 63 96 39 43 48 97 78 55 17 23 12 17 51 6 61 4 74
95 73 60 49 67 67 43 20 68 16 35 27 82 82 39 69 5 77 74 39
49 43 61 43 5 45 95 13 52 2 27 59 46 33 78 25 86 26 24 100
78 25 88 31 53 82 85 17 37 29 25 32 57 55 10 11 8 22 19 32
6 47 39 46 9 2 54 18 74 70 62 68 9 76 79 88 47 74 95 78
13 35 39 42 56 97 43 51 62 53 33 6 70 30 52 17 37 71 92 3
55 24 48 51 46 31 51 64 20 83 75 21 28 35 20 56 28 12 52 84
69 3 66 21 65 20 65 49 13 2 53 40 11 46 18 35 43 56 27 44
55 24 41 48 9 68 63 37 68 15 52 60 17 97 63 6 71 3 67 16
41 60 97 79 81 3 65 44 9 22 71 62 86 69 65 99 31 74 30 82
27 30 46 71 3 13 26 53 20 16 64 9 3 53 63 20 40 87 31 91
88 63 59 63 70 53 6 88 13 100 71 10 78 100 95 96 39 70 16 100
28 27 69 53 80 88 17 75 83 2 74 64 41 82 58 71 51 60 20 83
71 42 81 87 1 42 99 73 72 98 86 48 71 60 33 38 52 36 29 7
48 9 80 89 68 64 89 13 49 88 3 19 49 42 59 9 46 70 63 13
56 11 58 43 30 41 54 91 86 90 95 65 54 89 38 68 44 23 59 26
74 12 72 80 97 68 86 77 87 64 20 57 16 95 54 99 23 22 4 20
40 41 32 43 63 17 76 32 31 16 100 46 40 72 44 69 100 72 11 49
52 7 46 5 33 3 43 1 45 18 62 60 12 1 61 25 76 19 80 26
47 49 93 50 48 73 52 41 82 40 88 40 6 21 40 11 41 38 93 31
17 73 98 45 2 16 20 24 79 87 69 62 48 66 50 49 99 90 79 69
58 43 25 77 87 43 75 92 41 81 90 57 68 72 1 40 58 26 83 16
49 12 35 90 69 12 48 31 7 26 28 75 82 44 75 49 64 47 61 12
52 45 44 65 61 73 14 42 75 68 90 89 19 85 64 65 82 63 46 95
32 54 4 91 35 70 19 16 68 74 75 92 99 33 32 13 7 42 3 96
36 9 14 98 7 65 69 50 58 80 59 11 1 41 42 20 55 38 42 16
79 95 55 72 23 29 24 20 64 87 57 25 57 57 50 21 2 84 45 87
79 38 21 10 30 17 27 25 84 80 15 73 43 27 11 45 82 10 75 48
74 92 94 62 20 35 93 44 93 28 89 6 36 94 69 9 78 25 92 96
50 58 62 27 16 34 34 62 85 39 9 91 76 45 7 36 46 39 33 86
88 58 54 3 35 4 16 58 71 78 89 95 77 87 13 80 96 24 31 15
92 96 66 91 26 98 22 62 2 63 2 89 21 17 29 56 88 73 22 95
69 13 36 93 67 67 99 10 3 83 13 96 2 7 74 3 49 76 27 95
66 10 40 77 9 65 21 12 55 77 79 86 85 87 50 40 96 82 68 28
41 49 36 51 25 67 94 98 15 42 33 95 6 56 17 39 18 73 85 91
30 31 96 85 29 58 79 81 20 52 7 42 99 49 75 15 58 25 49 66
80 45 45 89 49 66 88 79 28 14 49 43 96 53 1 22 2 73 4 56
39 72 27 7 48 31 23 68 95 66 89 47 21 90 16 24 23 7 3 47
55 27 25 28 95 23 21 74 65 90 35 68 17 53 63 60 70 33 61 25
33 5 45 36 87 20 78 10 80 56 12 99 34 83 47 93 83 30 40 98
89 93 54 28 3 94 49 29 12 66 55 57 33 37 58 73 90 18 42 47
72 12 14 61 48 96 17 39 6 74 29 96 17 85 60 24 59 58 2 88
86 1 68 13 3 80 5 49 98 89 61 26 52 64 51 13 96 89 90 42
16 19 86 7 40 69 42 81 69 11 19 94 90 17 62 1 70 39 64 46
51 49 44 34 37 60 13 96 12 18 78 70 75 75 87 1 99 31 84 23
33 10 32 58 78 70 30 53 57 27 20 47 51 86 81 55 4 68 80 79
93 3 72 92 81 82 35 64 5 19 47 30 56 15 82 83 43 5 6 44
81 66 47 28 82 76 23 41 98 98 15 47 100 57 32 100 6 18 31 1
96 38 28 21 6 79 31 39 53 48 23 21 97 74 9 86 26 38 83 39
44 89 11 14 53 75 79 22 23 19 24 7 13 23 30 39 61 78 92 71
50 88 21 90 49 97 42 19 28 37 18 93 52 86 77 12 46 35 69 58
48 71 34 2 23 64 91 76 65 62 56 5 94 57 14 8 14 88 86 51
52 4 65 57 32 48 61 43 52 85 45 88 85 56 85 92 52 32 14 55
40 1 75 12 31 16 98 84 46 67 50 3 21 40 48 94 40 75 55 100
88 38 64 76 66 34 59 80 54 71 22 36 51 18 24 7 50 4 9 66
46 37 52 4 89 90 19 87 84 97 42 17 58 21 25 28 64 48 39 69
41 51 24 92 53 14 72 65 82 41 32 16 75 45 38 95 35 30 37 63
7 62 31 12 19 60 98 85 80 33 6 52 27 70 62 89 68 11 7 59
66 51 35 93 55 71 68 3 70 91 32 56 85 29 9 51 9 44 84 12
67 36 42 27 81 50 34 87 68 48 64 2 49 60 9 59 76 55 80 31
36 72 12 61 60 76 74 19 72 37 34 59 63 4 46 32 12 21 4 50
78 62 49 19 44 67 92 68 42 65 85 20 45 54 58 25 73 60 90 46
82 26 14 3 69 14 35 15 16 37 35 60 8 50 89 28 40 59 23 71
24 48 61 15 95 17 64 79 31 53 77 33 31 47 37 59 90 56 52 99
71 43 14 83 81 71 86 93 97 52 56 51 87 59 15 61 65 67 44 49
95 20 16 92 33 43 59 44 85 22 100 27 94 88 35 22 16 87 5 17
65 50 92 27 62 83 93 87 49 8 64 1 52 29 97 9 30 66 38 73
20 100 72 45 3 24 16 2 59 54 88 75 14 65 11 55 64 84 14 22
24 82 1 78 57 52 83 13 95 68 21 91 28 38 18 41 30 89 89 63
1 100 37 98 39 54 82 97 63 23 46 35 44 84 94 39 32 8 100 26
78 6 42 11 81 97 40 84 63 9 95 22 22 22 76 76 30 20 48 70
79 52 4 15 39 63 61 72 10 50 15 35 74 29 25 72 41 18 9 11
97 34 84 61 44 59 19 23 43 52 10 61 97 96 42 76 1 38 96 96
39 50 99 51 34 22 63 87 75 4 65 70 32 89 23 42 50 73 85 39
64 43 15 25 39 20 65 19 62 16 90 55 7 52 4 62 9 91 2 44
26 51 84 72 35 20 23 51 34 7 98 72 62 28 71 1 4 83 17 47
71 64 78 8 41 72 61 96 25 27 25 74 13 11 14 56 40 45 97 30
3 37 2 36 41 57 34 35 83 72 9 49 61 90 37 49 3 68 81 7
45 38 52 66 90 64 44 28 35 99 85 70 91 55 7 84 98 1 28 59
50 37 58 46 23 72 22 88 22 93 82 40 71 86 75 86 40 21 33 34
86 5 34 53 95 31 11 59 87 100 8 6 72 50 17 23 91 83 23 42
2 11 53 75 97 77 32 98 57 99 39 75 1 35 9 51 100 99 37 61
26 73 56 32 80 54 35 55 97 59 69 92 54 4 71 11 86 48 74 29
23 36 95 79 96 18 98 8 4 93 37 93 57 60 17 40 36 77 90 40
84 44 62 39 57 90 32 46 46 75 22 13 31 92 90 45 70 76 76 60
88 27 23 42 51 52 8 38 93 86 93 93 8 32 14 56 71 42 75 41
78 47 8 22 35 51 50 68 74 93 12 27 96 21 93 55 86 34 13 3
81 51 81 83 29 13 13 18 98 33 61 23 75 51 27 26 20 47 86 42
96 45 29 81 51 39 37 20 26 96 2 86 68 84 39 77 23 55 64 70
95 88 25 42 60 34 62 65 68 71 1 36 98 64 72 75 2 89 47 84
52 36 79 75 16 51 2 69 77 29 82 10 92 72 18 18 68 100 42 19
18 95 73 99 36 15 41 60 73 31 34 7 42 18 68 78 81 4 87 56
75 1 84 32 98 25 84 90 19 47 61 35 63 70 41 87 23 3 68 76
25 38 46 65 38 31 43 79 1 83 2 53 37 70 9 11 11 22 74 9
41 37 89 38 19 57 37 64 23 74 28 42 65 91 97 47 82 99 65 20
13 3 28 96 4 3 94 47 97 67 59 77 21 100 37 24 90 95 32 93
23 93 17 74 58 94 58 62 79 92 83 56 82 78 49 24 71 33 52 96
56 79 28 26 21 16 74 33 10 63 89 93 47 23 88 13 13 72 22 17
33 85 88 51 3 22 21 13 19 51 69 82 94 16 55 33 88 84 98 13
21 5 21 70 52 69 12 51 60 59 34 82 48 8 41 74 23 40 63 91
97 72 89 95 2 64 55 61 73 43 34 97 1 37 61 5 99 7 68 58
14 3 27 97 93 45 22 76 18 88 85 18 46 31 16 46 22 84 97 68
20 7 96 99 84 67 26 81 65 25 60 64 22 7 79 76 62 45 52 16
85 61 47 40 11 15 10 39 93 55 85 56 5 57 72 36 18 98 72 81
18 95 82 83 75 27 19 66 49 26 16 86 33 100 18 85 66 35 81 45
99 83 13 27 96 2 17 62 86 43 87 52 89 46 36 45 21 36 93 80
60 51 12 1 65 86 53 25 15 90 80 23 81 22 91 71 60 27 69 22
68 70 93 26 33 28 18 32 26 90 51 82 23 42 27 46 59 45 68 33
71 40 54 78 53 50 63 72 34 35 42 23 62 37 76 3 5 64 86 73
8 86 43 56 76 95 85 85 55 79 38 1 49 4 38 21 11 92 22 4
100 92 42 35 21 87 17 27 39 59 17 69 44 47 75 99 8 25 38 64
2 89 15 98 66 1 43 69 38 54 4 56 16 55 71 61 70 16 100 79
30 2 3 45 33 20 83 15 17 3 26 97 43 95 87 45 60 10 39 1
21 46 48 82 2 53 38 61 78 77 49 26 100 71 61 27 87 11 33 44
41 52 70 2 98 20 5 19 92 88 47 78 91 33 12 31 84 33 29 68
56 6 1 84 96 16 39 20 27 98 24 58 3 49 52 92 53 90 26 98
70 93 55 23 69 67 73 48 13 74 16 73 70 15 7 53 76 90 66 7
35 85 8 46 65 88 17 69 89 40 15 10 13 32 5 31 49 22 42 11
26 66 81 52 28 97 44 51 92 16 79 4 66 71 90 92 34 70 98 48
99 24 51 83 28 30 30 37 53 59 33 15 31 36 71 91 93 10 57 96
11 17 69 20 18 96 83 93 48 91 52 66 77 19 50 48 55 41 91 95
3 54 50 38 67 85 93 66 10 77 54 39 69 13 93 4 90 40 4 46
82 76 65 95 33 98 13 28 66 77 93 59 82 95 64 81 94 79 1 91
67 64 97 42 15 23 57 97 29 13 96 99 34 94 21 50 5 100 28 7
88 49 44 57 39 12 72 53 86 35 53 12 84 93 3 62 72 58 70 17
38 67 57 78 96 77 58 64 96 7 94 62 55 47 21 68 23 73 32 85
1 70 22 3 73 49 81 41 82 1 86 91 73 71 93 85 67 71 92 15
30 7 67 24 33 37 34 46 74 24 91 53 94 32 64 29 1 38 99 84
92 12 80 63 92 57 42 1 61 88 64 29 78 84 22 56 16 10 20 61
2 31 17 8 15 59 58 67 89 71 100 82 15 7 74 93 10 95 8 94
73 24 38 45 84 3 98 13 57 77 76 68 21 3 48 96 11 88 76 99
46 13 82 99 49 82 53 37 92 73 14 72 83 90 46 86 2 13 22 98
9 82 55 90 81 64 9 78 60 16 78 47 56 47 40 17 34 17 41 82
69 4 31 14 62 54 62 80 26 90 23 88 25 12 41 79 53 73 46 90
12 44 61 16 50 55 33 76 77 29 40 2 35 78 84 16 73 93 62 53
32 55 15 81 57 13 59 36 31 41 4 83 38 86 100 92 32 97 33 60
94 18 6 37 23 36 17 1 83 48 38 38 94 80 42 7 97 57 8 81
21 40 6 51 98 3 86 64 2 57 39 25 90 22 68 50 74 91 42 66
83 79 61 38 88 11 77 19 80 91 47 31 58 38 67 49 8 26 49 47
87 98 50 88 74 9 67 90 30 61 29 59 47 100 42 40 28 40 75 80
83 96 83 91 40 38 98 61 88 51 1 47 6 22 70 38 10 70 21 18
89 86 80 22 56 78 67 89 87 44 67 54 11 88 58 37 73 91 36 32
6 76 13 61 63 87 80 7 29 50 67 11 37 47 89 90 34 94 76 100
96 18 10 99 66 1 32 97 73 18 53 44 15 23 35 83 33 37 68 51
5 74 8 24 48 64 17 99 74 68 28 70 58 79 6 73 36 10 86 80
57 69 73 21 57 44 55 34 32 50 38 86 18 74 22 25 53 17 94 68
41 12 18 14 32 14 80 21 24 18 78 22 5 28 7 3 88 37 26 91
47 53 93 4 22 54 9 10 65 7 98 84 38 9 66 48 18 22 5 47
2 24 32 55 47 26 47 19 7 53 86 54 63 3 63 72 88 7 10 12
52 87 69 53 24 17 38 45 76 31 8 71 30 61 90 12 66 11 50 78
77 23 87 84 14 49 50 50 5 23 99 7 75 57 22 28 44 50 62 96
23 53 58 83 77 1 37 45 88 61 26 51 42 42 65 62 13 98 63 58
100 29 21 71 52 85 6 9 12 26 90 3 65 80 14 47 94 55 82 11
30 5 33 60 95 32 58 87 67 96 95 63 80 23 2 42 39 56 45 65
74 61 38 55 61 38 72 43 68 21 3 79 65 82 22 17 86 53 8 91
59 37 51 87 3 66 21 43 49 7 60 73 90 23 30 82 53 78 86 67
20 35 94 96 86 2 7 47 22 77 47 6 5 64 66 59 66 58 3 92
93 21 5 31 19 44 88 90 40 74 26 28 6 39 29 29 33 52 90 23
10 31 8 36 77 38 66 95 45 54 29 92 1 19 59 68 69 23 36 31
72 74 64 78 60 47 98 66 96 99 49 27 2 72 2 74 49 55 8 17
43 69 91 2 62 58 59 71 15 26 62 68 54 95 25 91 29 78 65 72
68 39 100 89 77 12 28 14 48 93 93 33 68 75 24 63 19 43 97 31
41 16 43 20 82 14 90 18 91 41 35 98 83 95 9 100 4 52 32 41
13 10 31 31 54 73 1 18 59 71 46 63 86 99 58 28 96 84 49 36
24 9 85 30 87 57 65 81 96 40 40 45 79 23 68 29 88 8 5 92
49 87 64 11 8 59 29 24 77 24 21 39 40 56 66 78 65 66 78 50
89 64 43 77 16 70 69 53 19 67 58 68 98 72 14 84 41 34 37 80
89 2 2 47 56 42 80 92 37 51 6 47 65 8 8 6 68 10 75 79
34 43 15 80 12 14 60 79 52 84 87 15 19 8 97 79 81 36 68 29
15 27 52 40 90 40 88 48 22 17 61 50 85 71 75 23 22 27 55 5
41 55 43 33 9 29 69 66 22 83 54 44 3 55 33 66 26 62 84 47
34 76 36 32 38 66 44 31 41 78 66 71 3 84 94 15 34 39 24 32
81 93 57 41 54 80 57 30 96 83 25 39 75 25 91 7 14 42 33 16
48 66 71 95 14 25 75 30 56 35 50 56 96 38 48 20 97 7 15 57
35 34 31 23 17 48 85 49 85 4 18 19 7 7 52 97 30 48 12 62
72 95 3 28 30 67 29 85 34 66 37 89 51 34 30 48 70 10 55 73
34 40 26 55 24 46 26 76 1 24 55 63 61 86 61 93 53 10 21 9
25 87 64 7 61 57 16 73 74 57 49 19 41 13 92 33 57 90 82 93
94 87 36 95 14 37 76 44 10 27 42 82 58 69 72 47 28 72 16 9
82 51 52 77 25 15 85 3 49 89 56 80 93 98 75 50 64 73 48 93
16 23 16 39 81 26 10 87 16 24 36 20 63 67 21 37 88 25 34 86
96 62 67 10 57 48 31 38 77 3 2 79 27 96 20 39 19 40 52 39
40 63 73 27 13 35 31 10 89 51 8 3 96 68 95 62 80 55 50 38
73 44 78 39 98 91 63 98 51 1 13 17 66 66 23 37 4 94 94 81
63 94 28 71 5 83 94 88 70 83 15 57 99 27 2 69 35 93 51 21
84 98 43 65 100 3 8 30 13 59 51 40 65 67 80 60 6 31 33 56
34 49 75 48 67 72 26 24 32 10 97 4 95 90 12 31 42 89 83 39
80 9 39 79 58 9 46 99 50 62 97 92 52 74 70 67 90 36 98 90
83 8 31 33 68 48 34 91 57 34 52 88 45 11 20 97 38 66 11 21
25 63 70 47 75 84 79 2 37 68 24 10 2 98 14 99 6 13 66 94
58 41 95 10 64 24 63 89 97 1 29 32 43 21 43 43 40 53 11 54
14 12 94 44 51 16 87 80 32 73 79 6 54 66 64 30 54 7 83 12
35 4 56 53 15 54 100 10 54 96 78 87 31 34 40 98 18 31 70 92
56 15 52 93 10 52 8 97 45 91 75 58 14 52 61 68 88 71 3 98
8 1 56 68 35 46 4 36 41 17 37 6 37 16 13 39 74 15 53 30
1 25 79 63 90 68 81 88 16 64 84 53 65 80 75 22 65 36 2 84
25 100 35 84 93 28 76 32 32 15 35 53 40 77 64 5 99 73 7 45
1 84 30 85 21 77 23 77 79 10 71 30 70 30 29 50 38 25 78 33
8 27 99 84 80 46 80 15 97 8 25 64 78 51 34 81 88 94 36 64
61 1 9 43 32 75 34 90 72 71 55 100 4 78 53 79 97 79 46 53
50 99 93 43 92 89 75 27 41 18 43 51 75 76 36 34 44 51 5 21
62 20 68 45 39 28 5 95 79 34 70 43 50 40 71 40 100 66 84 34
45 34 49 53 28 46 2 54 57 32 92 46 46 22 91 48 54 38 43 79
63 36 87 64 24 10 63 91 66 81 94 6 98 69 66 85 6 9 73 54
75 59 19 1 45 35 65 74 80 66 98 37 98 45 2 5 61 99 27 13
42 21 79 7 33 35 42 53 91 12 52 11 93 46 16 65 25 82 74 31
32 84 57 13 65 89 65 9 97 49 69 63 32 2 24 95 28 63 42 79
88 45 31 75 71 79 12 80 67 41 19 72 85 37 33 46 32 42 53 38
70 10 81 62 66 72 77 77 18 38 67 29 97 67 20 11 89 10 98 91
31 47 54 6 48 10 59 69 62 55 24 69 100 41 54 3 14 10 11 61
75 77 99 79 65 9 2 36 30 61 81 40 36 84 83 67 32 13 56 46
17 60 9 90 32 54 20 51 68 51 62 51 91 93 59 13 77 6 61 97
5 73 96 89 57 82 75 73 40 80 100 44 46 31 91 87 91 33 25 54
71 43 26 26 71 62 85 74 82 19 17 81 15 30 81 27 36 86 63 26
99 2 29 69 10 18 25 57 82 62 94 60 80 27 48 90 2 65 32 82
46 58 45 23 46 55 25 20 63 75 2 23 7 47 56 5 23 48 97 84
65 17 9 63 95 67 68 100 91 60 46 26 49 73 55 72 6 6 71 96
46 26 85 11 100 40 14 69 85 30 72 7 63 71 34 66 80 79 55 12
21 53 28 53 84 62 51 11 55 46 59 56 79 20 47 2 50 49 60 11
67 20 10 65 89 83 77 26 5 71 5 32 83 84 87 30 34 95 97 45
85 94 88 2 64 93 80 69 57 50 67 52 59 69 53 64 42 61 99 75
14 100 88 87 37 11 15 85 29 22 34 91 69 24 72 80 44 93 73 81
77 93 57 44 2 80 47 88 87 42 57 20 68 21 80 20 54 48 86 6
4 19 34 67 89 49 14 58 32 63 2 32 53 72 56 27 85 34 5 91
43 64 19 81 67 57 33 30 82 24 53 17 4 24 19 69 23 20 40 54
8 41 91 21 47 13 28 40 39 90 45 61 3 27 48 50 80 35 47 3
57 55 65 88 50 57 49 94 81 54 32 74 59 17 80 90 84 99 84 18
24 16 37 86 56 75 59 24 94 33 67 64 99 40 7 28 15 15 33 30
64 82 23 87 56 84 1 89 91 95 41 9 44 86 36 85 87 55 86 79
51 100 8 50 27 11 78 12 78 54 59 20 34 38 47 78 100 92 52 27
97 8 80 50 17 73 80 27 3 78 83 44 99 16 3 10 44 53 18 51
58 15 85 63 91 92 42 20 54 38 10 91 98 3 49 36 70 68 62 18
50 59 85 21 82 87 87 28 82 48 15 41 9 28 90 99 14 27 43 10
2 100 92 20 53 90 1 82 58 84 89 47 24 70 26 28 91 10 77 65
93 14 73 37 44 57 48 69 50 88 49 97 56 60 94 11 90 80 95 3
80 28 76 35 51 89 46 56 47 99 3 70 29 39 71 96 4 25 25 65
55 43 3 77 75 95 28 55 89 46 23 53 87 54 43 66 52 50 52 12
82 96 15 24 57 12 24 11 65 6 85 39 9 14 56 82 76 97 75 8
81 2 50 58 73 44 89 10 93 17 94 47 83 9 8 48 64 78 44 8
92 58 29 87 88 47 26 66 10 2 66 39 8 42 94 28 79 40 100 29
82 68 91 36 19 71 58 58 53 43 78 80 73 27 61 91 52 26 17 8
91 16 53 84 17 73 22 3 10 9 33 25 22 6 97 5 71 65 21 61
84 8 40 57 56 69 88 48 8 90 50 82 29 64 30 79 47 68 95 74
10 14 38 57 47 77 92 49 68 34 95 22 88 45 34 35 56 51 63 97
82 18 30 34 92 58 27 69 52 22 57 5 59 44 64 36 96 98 1 21
65 77 52 43 85 34 55 15 87 64 19 43 76 99 48 32 64 29 12 48
74 24 100 98 52 89 21 6 69 10 41 19 42 37 56 46 100 20 65 3
17 45 41 66 87 97 19 31 81 64 91 89 71 92 64 2 84 75 87 4
99 32 32 45 10 66 15 61 49 78 47 32 7 87 57 66 74 44 70 81
45 36 50 49 66 56 10 63 65 26 74 88 91 97 20 42 92 35 26 57
4 47 8 41 81 77 30 57 20 73 75 47 58 75 12 14 32 20 71 84
85 43 16 80 43 41 22 16 87 17 53 18 5 49 21 58 43 76 96 17
97 93 91 28 37 63 5 10 67 58 14 2 83 88 41 85 22 68 49 75
81 73 7 52 26 19 52 27 31 93 73 13 70 14 45 87 5 80 93 79
47 79 45 32 37 2 60 51 76 2 97 27 21 42 9 83 4 24 44 6
83 47 6 30 34 38 16 42 95 69 57 30 56 49 51 96 94 13 57 55
69 45 55 3 44 71 70 98 72 2 81 2 64 98 43 83 28 70 66 56
35 20 9 81 74 50 65 81 52 8 44 26 50 4 99 67 62 85 69 72
43 87 28 91 75 2 99 50 50 6 55 29 45 44 75 89 53 38 6 30
65 71 59 16 60 8 78 77 3 9 75 71 3 19 21 98 67 76 50 34
21 67 54 1 11 5 20 26 47 94 95 13 97 43 56 36 83 5 91 20
87 5 5 84 96 6 13 13 71 13 95 8 39 43 81 16 4 13 61 57
60 8 47 38 60 74 28 5 61 85 38 72 75 57 65 34 40 88 53 22
50 100 93 97 53 45 54 11 83 61 83 83 63 12 18 84 57 9 51 17
13 8 89 27 19 9 22 5 14 47 66 33 61 38 55 12 17 78 45 71
90 42 93 51 36 98 37 92 49 86 51 77 98 33 57 3 98 1 69 7
55 33 16 2 51 34 76 71 26 84 16 92 19 74 36 28 6 24 56 35
92 98 54 74 11 46 67 47 65 48 10 34 61 22 76 92 72 45 67 17
16 32 91 10 90 92 74 44 46 4 64 49 31 5 81 91 49 80 21 31
19 6 98 56 89 32 84 18 63 53 37 25 90 7 39 26 11 33 43 37
5 85 42 56 92 43 84 5 64 66 61 60 80 11 25 49 39 24 98 98
80 7 89 70 62 39 67 29 38 96 97 55 41 70 6 11 42 12 1 50
18 24 40 100 99 49 44 27 90 7 13 13 27 6 88 37 13 15 67 89
65 19 23 49 89 19 98 39 56 92 18 35 97 53 99 88 79 15 34 95
28 77 62 21 51 95 32 78 60 86 40 48 66 29 15 58 26 42 60 73
99 64 20 81 19 24 84 6 75 48 16 33 25 39 40 85 61 30 59 14
72 15 18 39 72 87 13 28 26 37 46 51 61 92 11 32 90 3 96 31
71 8 48 54 21 84 4 1 67 24 31 1 95 63 21 91 65 1 29 68
25 98 27 67 21 11 30 64 36 46 26 21 55 68 53 34 24 50 57 62
25 90 93 12 7 23 9 30 77 70 27 50 65 71 53 86 88 89 86 60
49 26 8 75 17 70 55 23 52 88 16 16 57 50 12 95 54 98 98 68
93 67 75 97 19 91 24 21 46 32 9 74 35 38 85 43 63 72 28 53
96 63 50 5 9 96 33 22 69 82 32 16 63 60 16 55 98 89 73 72
76 40 67 52 71 7 85 97 77 88 73 9 14 82 58 9 25 51 46 20
39 66 69 100 52 14 10 30 83 89 8 62 97 6 7 57 73 11 52 68
50 91 92 48 98 83 61 40 37 98 42 92 62 75 100 18 36 52 47 55
61 91 88 24 28 85 61 15 77 78 72 29 47 54 84 18 34 43 93 60
64 50 80 89 19 2 97 21 14 35 37 24 14 14 41 96 79 98 27 48
49 33 38 59 93 83 29 19 42 17 80 44 21 86 15 87 33 65 98 16
98 50 94 8 80 26 13 78 17 11 94 43 70 63 33 30 15 17 12 3
28 45 19 28 13 54 35 18 85 9 63 98 51 29 94 19 27 2 57 2
67 68 14 47 19 26 74 29 51 64 51 31 96 29 45 49 66 33 49 43
88 29 29 28 54 66 100 54 82 23 37 22 98 44 32 5 93 43 24 84
68 25 42 24 17 90 17 60 50 5 27 14 87 71 100 95 83 89 28 28
82 22 25 84 76 70 34 93 28 90 39 12 47 82 39 40 31 27 51 80
17 21 31 97 55 96 91 1 8 20 71 56 71 43 21 54 57 1 90 19
82 83 22 94 75 25 65 92 53 80 11 19 24 89 46 36 2 83 32 40
49 91 13 80 40 71 70 39 13 43 10 7 47 23 8 11 49 9 61 21
35 64 60 49 92 5 92 10 42 11 90 100 71 62 4 33 5 33 68 65
54 75 71 2 69 96 45 70 27 39 22 100 82 62 58 55 8 92 24 67
58 54 26 77 50 63 12 27 23 57 40 98 90 28 81 51 51 81 4 42
90 50 33 84 92 77 46 37 75 81 34 21 24 47 67 95 48 68 100 14
6 31 25 8 84 85 39 97 73 41 29 1 35 16 22 88 19 34 87 49
16 56 49 54 63 86 64 75 85 55 46 34 96 83 9 90 45 14 78 44
88 46 83 59 78 12 79 97 81 58 98 27 42 37 70 27 6 69 29 66
66 72 78 77 24 98 8 30 22 23 15 24 24 44 81 26 49 9 6 9
15 16 84 8 80 65 15 34 22 38 23 70 69 38 31 68 11 81 71 43
17 33 64 58 46 71 68 13 24 22 81 82 86 75 55 81 75 74 63 36
25 58 18 43 18 90 37 20 73 8 35 62 78 38 79 59 56 99 77 86
46 58 90 1 89 28 90 5 73 43 5 74 77 65 46 64 100 53 81 8
7 62 94 88 94 14 18 40 9 78 17 63 56 98 60 38 32 2 38 67
36 76 71 9 95 91 80 99 40 69 41 91 84 27 32 13 9 36 81 73
91 76 17 66 37 42 54 93 22 87 15 37 4 26 61 33 15 67 6 9
92 14 59 67 79 89 39 40 98 25 91 40 98 100 19 33 15 66 87 47
83 69 29 78 97 77 59 23 74 88 48 61 11 67 49 96 5 43 46 44
62 100 83 4 70 50 44 81 10 64 29 12 62 52 83 93 2 56 54 90
81 1 14 10 99 90 6 100 97 33 35 1 61 50 58 99 29 78 89 45
14 33 49 88 41 20 3 82 14 23 17 59 99 58 3 12 54 21 22 58
88 66 66 61 88 57 87 16 62 47 34 86 59 1 27 70 10 14 34 63
55 10 95 73 81 94 28 11 17 84 56 69 56 35 57 81 96 75 72 72
37
