297
7403 13623 28709 6036 16720 3125 18127 3533 396 6065 27208 25470 8652 12721 17307 15804 20199 28037 17693 26427
23709 29071 8306 4342 16436 24619 18518 5101 14848 11262 27335 25746 15510 4718 944 10951 25950 29978 13833 25233
24513 16394 2076 11621 29522 20348 26305 902 1044 22940 7861 23898 6289 2217 20989 6995 6106 6282 21787 2571
4059 22299 1384 18528 18148 13099 26009 20815 27073 28434 3657 13866 21959 13071 28926 16465 21750 22639 9314 1243
9331 15244 23050 9290 6786 19556 4458 25860 16327 13807 873 15447 28727 10503 15369 20584 1515 4085 11924 23499
27525 27383 18106 16069 19019 3735 25115 8045 6130 12812 21219 3367 14167 24933 10718 5593 7217 16324 28839 12431
4082 22967 1872 2281 1548 8888 22226 29147 5659 26502 5178 4637 4130 23817 1121 9243 27239 13867 26198 15331
28507 15111 12475 28278 10141 23343 23942 16826 17211 1027 7967 29986 636 9237 26864 10376 7822 29344 12930 8204
25546 8240 17425 1774 18264 10639 4132 13780 23417 7436 5553 15815 28705 9343 2519 11356 24882 3499 25786 18255
27323 9138 28210 875 25712 1874 792 23373 29962 1358 4526 21859 1424 29962 1301 10682 9006 8364 21761 19219
22001 4503 28246 3535 19949 20351 24290 26308 23694 8722 26478 18421 1673 26144 12489 22248 23912 20223 5222 18691
10718 25306 13754 17872 16360 7369 11469 7702 19761 27563 9383 23591 6486 2505 5814 17763 5720 7490 16889 20565
9009 26217 25128 21807 29160 21374 7359 1822 27790 25952 7035 11351 2381 10194 18277 4977 26357 11204 23925 5548
7344 15516 24683 3340 23855 10676 7449 8563 23290 11990 12355 25871 9483 20040 13060 8431 10346 29353 9301 22338
26641 8775 21965 3961 15564 28498 4863 4352 14816 11421 21109 14230 29683 17115 15547 27705 1185
