394
22 3 19 24 29 46 1 21 28 21 32 2 21 20 4 45 31 5 37 40
37 37 19 14 28 6 26 3 17 3 7 47 41 29 25 45 30 23 31 16
1 49 27 38 29 36 25 32 17 38 17 36 24 29 20 15 35 31 24 9
25 31 11 13 7 8 17 45 23 44 7 48 44 36 18 39 46 14 7 36
32 5 32 39 15 49 4 48 31 33 10 28 33 13 21 8 34 13 22 24
22 39 32 6 37 23 28 18 39 5 49 15 50 33 36 27 33 24 27 25
43 23 1 11 18 26 32 36 33 31 16 21 39 36 46 10 26 45 45 28
39 30 23 20 37 50 48 22 46 26 23 9 4 40 2 8 3 45 1 16
45 2 30 44 10 42 7 42 3 43 25 39 46 31 7 27 41 22 30 41
11 47 38 19 49 29 38 17 35 25 36 30 37 32 11 26 34 16 48 47
5 25 41 47 22 7 37 19 32 1 14 14 19 18 30 32 23 47 31 5
10 34 11 2 11 12 19 43 46 31 3 27 1 38 49 16 41 5 23 9
25 25 37 33 39 1 1 29 29 4 38 29 36 49 20 33 2 26 35 17
9 38 29 47 13 13 49 6 10 16 45 9 49 30 26 2 29 4 6 28
47 43 49 43 10 8 15 37 13 38 4 30 20 18 42 36 8 7 15 37
19 34 44 44 2 20 28 41 41 5 32 27 16 41 13 49 42 4 15 48
3 9 25 29 7 33 12 7 43 47 50 5 22 10 40 44 15 42 25 20
3 41 18 9 48 30 41 4 15 1 46 43 28 23 5 10 31 43 23 45
45 9 39 43 21 13 22 28 48 46 11 14 32 22 26 13 14 35 35 38
39 50 6 36 13 34 7 2 21 3 18 5 25 45
809
43 49 47 27 24 33 42 28 2 20 32 24 45 27 4 36 20 10 50 27
30 49 36 46 43 39 11 18 17 29 38 6 8 5 47 5 20 4 5 36
41 17 8 45 38 1 30 27 27 18 9 42 3 33 30 28 45 31 9 22
47 20 31 13 7 34 36 27 3 12 49 16 32 32 27 10 46 7 25 2
5 43 18 8 32 44 42 35 10 2 39 30 20 47 27 28 1 16 22 39
20 29 42 32 22 44 9 50 12 23 9 7 4 6 1 11 50 45 33 11
19 49 42 1 23 8 19 8 28 23 50 48 23 33 10 25 14 9 4 43
31 32 15 29 18 25 4 3 23 36 27 40 36 9 21 2 10 20 28 25
23 27 32 8 39 25 26 2 49 15 30 47 20 36 8 2 48 45 47 40
5 13 25 20 1 21 12 34 28 4 41 35 24 42 26 39 46 48 47 19
45 17 34 44 34 27 37 3 6 41 48 19 11 26 3 35 40 1 13 5
48 25 43 5 4 37 50 1 9 43 15 25 24 30 17 29 14 33 1 39
18 48 42 35 36 46 14 29 50 6 37 34 18 41 14 41 28 46 47 3
3 31 15 31 50 20 13 28 26 10 43 3 2 24 43 32 2 32 14 31
17 48 7 34 18 49 17 15 29 48 46 3 4 48 37 1 6 41 28 41
27 28 34 44 18 7 39 6 27 14 3 26 39 34 30 38 19 25 37 6
10 2 8 14 44 27 36 10 25 46 45 48 2 36 15 3 19 16 7 7
7 23 21 20 15 11 37 18 26 7 18 30 38 3 37 6 47 14 30 9
31 6 22 5 6 18 34 21 9 45 11 26 28 32 14 9 42 8 16 1
41 1 49 35 48 21 21 16 30 23 42 34 32 12 5 47 6 47 26 8
25 50 18 42 6 32 30 46 24 30 49 20 11 7 49 32 1 35 15 50
18 17 31 21 21 18 31 18 43 44 35 6 18 3 45 4 37 10 44 39
50 8 50 34 6 48 1 9 23 29 40 6 29 43 24 28 39 28 31 33
12 1 1 41 49 5 43 46 41 49 47 11 38 8 3 15 5 12 43 6
2 46 33 43 19 42 3 12 29 41 38 36 29 27 3 45 33 31 9 8
28 24 5 24 25 23 30 7 21 43 32 23 35 3 25 30 39 6 19 46
12 26 4 4 27 11 9 24 37 6 24 27 42 29 34 38 16 2 4 20
4 46 12 32 38 7 14 11 29 30 7 22 44 21 48 45 44 30 29 4
10 8 8 21 14 21 4 47 7 11 44 7 27 22 41 39 29 14 40 6
34 3 18 42 36 11 23 13 5 16 22 43 3 6 49 4 37 50 32 50
47 19 49 36 18 5 38 31 50 27 49 27 45 1 22 40 18 9 6 15
29 30 19 34 12 18 34 29 49 46 29 18 26 13 26 37 49 1 11 13
4 7 26 14 44 2 42 23 30 36 39 41 35 42 28 4 33 26 1 22
15 45 37 38 18 25 49 2 49 46 17 28 47 46 49 2 23 43 43 27
17 27 8 48 6 32 23 30 40 26 34 34 12 33 7 48 13 27 6 22
1 22 43 15 19 18 48 8 32 24 11 21 50 21 17 42 37 17 25 39
42 11 5 40 27 49 34 4 21 14 29 31 1 47 47 25 28 49 49 49
30 25 29 50 13 19 15 36 3 39 4 44 34 41 35 21 48 36 46 34
11 46 16 42 39 1 4 50 23 21 35 29 31 31 16 40 33 36 10 45
19 7 27 44 23 14 40 45 12 5 43 18 27 16 49 18 18 22 47 16
50 14 42 26 22 37 1 2 30
