1142
13038 25697 1536 28737 14278 23105 18470 12982 28680 25647 3395 29192 13146 6006 10978 25243 25042 15293 3861 26821
21064 19706 14296 7891 29808 2687 26852 12741 18523 18794 7473 4750 5292 17961 26090 20583 22908 24176 18644 17203
521 19668 16856 22472 3796 10008 26945 18215 9230 21216 15187 4915 1318 3814 2020 27695 24310 17915 26196 28951
23702 11347 15602 19041 5460 23879 21675 10665 8654 15902 20374 15516 8127 4202 14708 19427 22363 29206 18253 26525
29479 9465 24331 19239 22215 4877 1155 131 17714 29378 27304 18096 15286 16469 26401 17357 25285 15630 24694 2613
12820 22544 27820 23006 27426 1372 8801 14880 20969 16779 25808 6691 29262 12122 9454 28884 29173 8462 21760 1979
12241 17620 2358 9033 15809 20386 219 17794 7112 5248 26447 9137 29259 1456 23388 26383 29951 17874 23089 28004
13206 15396 29618 7723 5593 4090 25445 12085 18618 3235 9823 16176 6003 16534 12752 23798 13838 4035 17655 15398
10249 11090 26413 13417 9691 23200 22961 7180 13312 4186 12738 20835 17620 9198 6621 14610 23965 4272 8426 28866
13192 5705 8410 26594 13948 20951 29980 29961 24032 6145 24777 7277 19078 5411 18952 20541 13919 12207 20200 7626
6004 14881 27114 13104 14129 2007 24932 9400 20648 1156 18802 3650 19503 16108 6419 26927 13980 3778 21186 2268
21740 13153 22540 1793 14084 6195 8200 14427 3437 12097 16141 22162 16622 24516 20623 26470 10664 855 14523 161
14185 27334 3128 3479 15387 7828 3181 22144 28258 7258 7150 29902 5494 7782 2293 26175 28024 13256 6727 19205
12420 21981 5184 22174 12797 5155 20487 22767 16022 9639 27614 29084 9923 26991 12939 26744 26075 15627 827 28291
14674 27209 26115 9952 17558 464 18204 17537 29389 16002 15993 27173 5398 5616 22640 2322 3476 7289 26516 18591
23852 13439 2032 27212 588 19260 14812 18207 27822 3664 20390 25345 28282 17045 29548 12745 28398 14052 17545 20980
19138 27750 2228 2467 2649 11265 10078 5765 27825 16604 12171 26462 12423 3298 14016 17329 3072 12572 16982 8190
25279 5352 1645 12312 25830 24006 11663 17004 15869 14045 26060 28252 17429 10993 19048 4645 28146 25793 3522 24839
28323 3062 4157 17517 20350 10735 28401 11811 8814 26037 10710 13799 14136 15776 12078 12467 19636 14865 64 15762
21840 12172 26890 8300 15354 2072 8310 26237 26158 4073 6164 22056 25174 24733 16189 2294 10082 28292 23902 13805
10599 2389 2932 12557 445 22836 16454 12981 1304 14556 25669 6770 10467 28143 4083 27916 1295 25299 25848 25120
6995 21824 18143 12115 24880 21318 8604 13515 26593 15716 5735 11789 23368 20792 21903 20960 27278 24043 25938 25436
26915 21844 4313 7992 7935 24281 27113 12129 24543 4200 8564 27560 25539 9256 12603 26497 11523 27841 6122 18656
13671 5759 16002 7394 21066 2138 14529 19181 26953 14489 8612 16185 6741 5928 15371 22746 20024 29222 14255 23329
6880 27347 25393 11221 906 14278 27620 27823 17025 82 28059 23594 3510 13514 3810 29366 26454 8262 7876 22914
5261 3408 11937 752 26133 26382 12388 16484 19479 16966 28927 6312 26914 17548 27265 10856 3193 5161 3052 23797
14630 24118 7095 7420 23784 15811 18624 12592 11146 2014 24193 13674 2708 11706 21381 25466 15853 15535 19016 3832
15403 23058 8501 12366 8884 24407 11940 18242 3988 15305 13631 2857 22216 28474 2564 7702 1300 3308 7935 27764
16794 29837 12422 16118 21772 26792 27571 9813 24853 13156 12973 13568 3687 7192 17911 1307 5535 10342 10383 8930
10395 23956 7224 18628 6400 12949 1745 9746 17539 19439 4181 7349 15814 315 15863 28951 11131 24912 8483 11083
13615 13013 14736 14567 8260 29447 27078 1472 21513 11455 19315 1393 22471 8375 15454 16176 24263 25925 17697 10314
10297 11285 29439 230 20576 27477 10648 25711 11073 26480 29890 25501 29812 16535 21595 4583 28394 29141 24197 13489
25094 16895 3567 15681 28120 2239 211 10287 22657 8985 11903 10132 29235 17057 21073 18621 1786 14775 28297 2195
16659 1318 4101 28813 24400 513 3966 6628 19474 19299 15124 29302 22820 6339 28618 3142 22396 15436 24183 27269
7634 27723 13187 19372 21703 6219 18846 15366 28382 22578 22146 764 14748 2084 1928 5121 20270 17034 29589 16046
1111 7993 13775 21297 4586 6681 11530 4249 26215 10125 1021 1686 19094 22129 10517 5520 7267 10710 6108 8506
57 12145 11311 17191 25301 24933 21679 23763 7916 11943 28491 14389 2246 16980 6693 21876 10882 28591 16392 5897
24349 7353 16173 12925 29516 20921 20854 6713 18019 12547 11754 22590 21817 21550 8083 5260 27397 29433 19517 27894
8693 16540 21776 6588 10856 24698 11215 817 8308 19864 21901 14006 645 3121 21207 10296 7370 23555 12519 4888
22336 20778 19038 17324 24743 23400 26360 4870 24844 2539 20417 21036 23047 9627 15019 17017 12632 12229 11802 15255
8991 8565 7881 29038 1432 14896 4169 29535 8557 14912 643 27076 8385 5956 23930 20538 16029 17363 6575 17212
19888 28720 25943 1558 1109 21644 19302 14971 25596 15756 13118 24967 22097 15527 11877 2366 25822 26170 769 25169
3449 1633 9319 27332 10811 24128 28275 29547 24557 23771 5782 25350 6371 6853 8983 7711 5002 20770 1721 17835
21798 6108 3235 4586 3749 1270 6255 10547 18809 5236 17177 26554 9457 29097 22033 25946 6565 9609 19271 19891
29839 25314 12298 14809 9921 10535 4294 6737 17352 17378 14581 13343 17071 22229 18578 29133 8622 18139 10506 18243
20304 13652 11757 1253 2689 9328 29054 16455 7348 14669 21975 22868 24196 29967 21660 4193 22435 15286 28438 2890
12681 16894 23312 28836 13232 235 25111 16832 23267 24349 4409 15132 4272 456 17891 8829 29736 697 20537 1660
9602 17298 18545 23370 15671 14534 12850 22230 10094 3999 14815 14328 14477 25086 15762 29061 26309 23874 7695 478
19768 29776 16447 27428 22035 16785 562 19438 2937 21086 20729 7720 14724 12558 15847 26153 13565 16884 3896 13631
3455 17351 5513 26779 26778 11484 13994 18050 16923 2896 24637 21739 8063 24203 19871 27863 29774 13732 9759 9791
24099 10003 12750 7911 7163 14692 19811 10314 24054 21930 28169 29253 10393 4291 25523 3984 25584 25331 13085 5168
3928 8312 21591 2841 8326 16832 17087 22649 17884 24597 1374 9676 23374 6788 23996 2554 3911 8927 24671 19222
10974 17181 28934 19325 27463 26393 10783 27848 23469 21383 20242 8679 19044 20095 6345 19468 15475 15765 6301 18782
5022 19876 8646 6706 2654 17737 29623 6034 9918 15263 8759 21772 15109 5592 24050 18451 22923 18229 23492 26981
13947 5485 11744 12824 5170 7927 26333 25756 3125 25641 8947 14956 26442 8013 1002 20488 11807 275 7859 18531
27648 27155 10309 27797 767 14738 19412 3186 21331 27305 11113 12337 11580 28485 6847 3916 18461 20747 16879 3039
11346 20605 3732 1772 548 22292 29120 1879 29554 27145 17107 2471 29054 23298 7963 17687 5408 4698 29106 12525
9387 13104
