1096
31 255 974 511 179 736 724 33 778 249 336 123 776 552 824 517 284 409 306 984
334 810 246 895 294 213 341 341 686 159 406 130 531 693 798 42 384 334 23 573
646 247 548 354 457 935 336 213 339 529 660 402 119 57 835 663 217 503 17 870
695 876 387 106 889 555 44 55 211 808 600 642 269 197 890 205 747 735 756 685
704 539 934 200 437 145 884 245 200 729 473 321 624 440 621 64 805 911 61 903
777 679 766 168 753 293 651 22 354 133 151 701 73 709 340 639 397 791 329 779
71 305 673 258 426 292 77 765 542 714 796 994 947 576 194 88 658 504 135 397
409 735 883 416 933 615 45 486 425 558 232 593 970 603 983 819 310 746 561 655
4 458 936 307 966 957 680 673 724 91 914 502 25 918 431 120 839 441 170 739
771 270 338 743 64 404 173 165 85 742 451 441 893 744 440 548 916 616 434 676
622 121 730 518 181 557 945 623 387 19 460 250 284 619 35 643 187 426 200 969
131 695 281 598 257 78 938 712 888 316 318 350 501 639 796 819 585 613 792 150
961 208 319 46 22 333 143 1000 85 421 175 808 627 987 148 717 752 456 696 616
268 613 211 16 188 792 323 181 183 990 408 977 117 398 372 492 256 516 330 57
279 965 513 322 5 784 656 790 818 498 375 223 774 175 622 842 946 339 229 118
803 176 52 863 94 234 381 181 781 336 438 4 143 367 282 213 180 251 942 509
502 746 353 75 287 840 604 373 380 69 737 657 13 588 902 920 88 728 69 16
613 438 1 235 497 386 763 49 774 988 116 456 806 737 407 10 617 9 852 19
407 557 227 297 572 746 471 106 867 459 368 756 952 19 266 274 525 265 278 344
849 755 142 264 742 302 706 781 176 803 743 676 405 7 182 21 653 441 273 708
952 85 57 933 875 947 811 576 381 877 339 782 856 459 297 866 562 701 927 646
980 876 843 211 776 448 334 8 375 512 357 824 81 662 407 393 921 6 856 609
730 84 666 303 163 888 738 660 256 857 74 547 283 796 63 914 169 54 648 28
957 391 389 405 580 493 124 657 595 729 664 191 446 281 510 723 21 170 634 621
514 467 246 825 83 587 1000 633 852 476 582 738 646 321 371 810 103 265 545 184
34 626 616 896 320 493 168 50 402 276 296 39 543 310 620 853 339 732 342 182
363 485 408 41 230 573 221 782 731 66 646 772 512 701 840 343 252 361 100 68
397 926 40 27 309 337 281 815 32 242 142 800 320 956 744 658 348 706 960 350
596 25 404 400 964 975 849 349 281 732 513 562 492 62 228 238 544 826 996 236
324 88 229 323 56 225 658 72 441 130 139 960 708 40 30 668 858 63 56 994
160 253 221 788 106 471 171 71 333 276 539 396 895 726 78 312 4 504 328 47
876 828 346 185 916 900 972 416 206 366 811 519 428 480 437 647 258 75 664 196
996 886 945 220 534 16 734 78 370 901 467 612 48 447 328 865 63 447 706 505
196 164 657 769 164 376 374 95 211 563 314 84 80 334 939 373 401 989 350 728
803 239 72 384 314 32 577 352 123 16 189 685 345 980 66 632 525 349 982 868
487 420 536 870 414 359 100 147 245 118 172 160 295 325 539 349 784 907 747 838
899 167 1 866 176 884 726 183 931 890 844 871 2 737 227 284 141 81 299 767
211 432 137 486 545 19 817 674 480 402 598 202 911 849 489 892 569 297 463 517
639 139 940 394 334 215 874 517 159 643 377 36 951 552 626 566 13 421 287 761
360 257 424 515 52 766 129 479 948 283 724 755 349 1000 920 410 308 207 909 833
857 206 720 170 18 242 285 982 952 192 354 96 320 277 635 663 595 383 118 985
405 47 386 623 721 883 833 809 6 433 208 432 961 82 422 9 124 59 609 155
918 476 445 27 102 989 273 449 751 815 251 347 120 109 529 440 513 567 607 216
263 427 404 355 282 213 164 558 937 280 22 953 665 445 9 655 266 496 757 710
720 251 570 760 316 772 855 167 875 50 124 142 893 768 509 413 539 268 663 479
642 287 153 3 932 500 714 530 206 75 823 261 916 444 395 433 217 867 758 339
292 48 500 536 390 873 801 602 468 23 666 267 797 311 463 498 819 836 973 807
244 600 419 134 627 52 57 900 236 482 130 778 311 927 329 630 112 810 706 104
973 469 606 685 655 702 613 783 760 16 177 279 582 535 515 620 550 60 428 397
714 460 553 761 739 978 315 251 429 747 345 132 203 345 549 681 234 96 734 485
334 17 342 719 483 8 699 623 893 813 260 623 171 938 198 800 12 139 701 716
860 366 797 52 825 696 456 250 969 23 923 332 807 914 320 121 221 123 116 36
574 902 172 576 921 811 96 752 423 549 258 581 258 517 798 528 320 917 6 748
660 370 363 857 919 334 13 136 268 309 746 9 398 801 150 473 269 947 602 447
648 281 184 527 930 761 285 55 336 452 107 669 845 55 679 121
2439
601 657 271 895 67 880 949 204 913 42 722 401 775 216 13 811 171 175 497 293
892 352 34 879 714 279 484 149 764 704 817 325 52 835 479 434 935 954 564 207
736 234 53 968 98 264 647 195 694 824 555 283 946 45 650 175 222 444 336 269
664 132 987 935 540 581 807 89 435 898 933 30 984 572 173 246 229 600 465 573
972 652 59 471 12 250 131 556 669 838 564 571 534 735 828 812 95 242 378 347
9 863 97 742 699 111 752 163 379 169 885 762 704 112 319 490 452 968 561 145
409 30 817 596 772 432 98 869 802 411 132 759 422 844 179 321 524 296 657 462
212 596 31 137 567 93 920 344 558 147 231 245 27 199 279 454 111 998 298 586
674 860 864 858 862 863 651 204 180 755 643 83 305 130 578 170 641 731 803 655
452 719 21 293 908 270 730 920 853 679 899 210 584 472 592 219 914 98 922 539
471 320 199 642 20 47 257 290 772 157 710 63 224 973 95 909 652 271 767 626
814 264 134 228 252 332 228 81 790 217 515 245 876 445 449 570 785 842 250 853
426 28 460 912 157 771 725 758 521 415 914 889 411 615 870 500 40 266 579 649
435 801 357 600 958 640 309 415 270 958 875 318 12 937 647 90 499 54 929 532
906 23 238 236 575 61 361 765 207 950 200 582 415 147 386 51 790 373 269 817
743 828 550 237 592 628 689 725 498 640 185 14 797 165 446 246 40 601 170 797
623 999 247 665 613 234 894 578 294 105 831 815 202 401 68 922 316 883 262 361
944 818 879 778 300 402 610 233 88 749 280 271 964 891 287 492 641 686 679 805
980 399 203 526 847 168 531 554 485 441 59 548 367 524 912 757 102 771 977 35
491 262 509 128 752 318 319 834 259 331 500 749 592 430 151 478 32 647 624 273
947 312 875 193 777 568 131 754 973 648 592 542 835 715 970 289 234 765 623 521
251 314 882 822 48 826 150 405 438 43 517 673 514 164 983 999 911 1 4 702
411 40 861 170 537 602 447 272 981 879 81 772 76 569 22 261 373 895 182 297
588 667 201 346 176 245 431 623 292 661 892 580 689 457 734 195 172 798 364 869
168 851 322 991 381 592 976 506 432 772 377 903 352 683 508 21 196 604 294 200
386 124 268 800 841 73 320 518 759 544 352 429 189 407 402 445 652 610 341 39
191 175 904 689 601 26 562 858 969 974 758 911 562 967 74 376 179 208 120 825
295 912 855 453 507 664 924 307 869 54 360 182 585 270 694 626 448 891 604 23
528 146 159 65 164 999 917 391 922 908 715 987 984 952 25 957 410 44 785 602
890 289 744 219 381 750 469 544 4 913 20 186 402 994 687 524 498 183 910 119
208 782 227 205 459 525 948 120 397 432 247 763 270 86 31 278 179 459 908 260
914 626 452 606 700 656 488 795 539 504 796 536 794 259 554 701 221 816 18 57
625 972 2 724 580 615 387 985 408 442 13 448 270 211 817 33 491 718 198 625
403 16 547 205 928 644 621 690 948 884 627 702 221 389 191 376 410 700 516 696
869 759 662 916 370 303 250 456 40 699 267 264 82 401 93 864 676 401 638 481
18 164 198 572 442 326 461 497 537 427 182 861 539 406 620 480 458 219 928 437
252 899 745 101 870 772 212 785 191 503 949 416 177 638 965 429 876 464 382 300
930 716 633 44 117 752 578 585 427 218 952 869 564 956 705 410 278 159 338 511
302 614 571 995 67 830 66 809 566 206 608 940 241 479 63 109 127 718 45 963
635 245 877 206 233 901 32 850 655 122 773 726 271 317 756 762 274 730 541 604
386 640 125 429 660 526 459 793 194 4 341 708 388 591 591 706 980 945 534 65
92 131 517 354 719 160 668 272 767 669 100 840 195 305 343 680 916 101 745 131
961 443 31 900 540 173 497 820 930 904 603 155 818 488 276 13 98 819 18 88
48 273 35 286 768 279 559 439 226 386 120 274 194 679 438 702 857 826 346 427
667 898 521 872 739 757 835 665 855 884 515 125 860 157 991 102 767 486 691 964
563 739 267 695 807 316 537 239 213 469 485 84 535 771 558 541 264 119 543 274
604 96 753 230 171 288 434 729 908 923 183 307 389 205 291 932 261 238 796 213
108 140 620 138 539 736 303 742 880 81 656 134 314 372 390 792 221 254 662 402
406 700 568 150 56 26 884 245 652 828 605 1 956 98 31 571 230 238 892 803
219 443 550 160 902 316 147 330 723 740 354 381 866 302 882 193 758 833 95 171
672 504 64 394 729 645 534 507 784 347 691 721 803 372 508 693 394 566 627 866
70 175 145 476 593 295 415 182 179 854 9 582 987 599 352 402 953 555 612 2
266 396 441 526 306 698 96 362 71 259 311 279 720 977 677 764 747 106 295 281
409 954 477 658 725 597 783 38 194 305 522 483 259 88 850 557 113 915 998 959
375 349 131 740 852 687 583 802 952 182 442 160 907 412 945 333 163 512 89 542
768 345 66 664 231 383 21 360 436 261 565 187 779 297 248 420 571 110 772 949
859 697 400 132 699 702 570 670 807 983 689 830 74 786 584 991 664 501 942 819
914 707 215 5 688 111 491 440 881 926 902 109 395 943 627 569 94 756 630 711
190 106 25 977 184 537 705 717 316 230 678 292 150 477 536 240 56 49 649 503
32 878 289 766 814 67 634 125 858 513 403 259 236 876 65 167 182 162 154 756
752 6 234 151 703 121 499 148 377 335 283 295 549 833 494 950 380 407 227 807
454 533 550 503 913 406 495 662 901 795 712 224 603 272 484 715 601 865 799 601
199 655 247 827 45 484 173 746 634 40 593 813 266 209 442 607 427 957 213 362
229 103 366 979 396 721 963 55 84 652 385 921 379 393 198 578 43 72 366 922
938 467 278 455 489 188 880 317 20 575 588 480 624 118 444 489 621 754 311 447
876 956 804 983 460 382 616 644 473 793 762 418 805 220 100 114 415 270 859 829
957 96 889 198 115 258 465 656 658 879 478 357 768 946 198 1 271 782 552 532
222 792 747 986 527 359 542 536 982 396 50 167 685 535 150 500 98 161 618 67
606 367 268 737 760 130 886 658 945 48 143 965 335 912 291 93 120 739 914 132
41 685 122 661 888 990 131 554 761 171 862 526 922 196 291 674 753 527 767 157
506 732 213 962 695 119 318 351 821 111 797 461 77 279 503 889 964 592 727 259
9 111 653 548 561 375 102 292 229 165 719 870 563 39 800 22 394 346 79 292
232 197 642 58 529 399 10 17 455 460 975 135 853 536 979 105 823 841 65 799
415 529 710 465 597 800 211 630 11 276 558 157 617 333 286 247 264 99 17 594
425 879 27 422 235 325 152 442 848 943 63 339 603 157 910 733 829 511 165 382
782 30 822 612 632 93 279 849 204 138 429 846 664 317 163 667 420 750 782 887
171 769 830 639 23 991 900 247 872 378 546 251 613 839 492 773 755 956 657 871
55 646 469 373 827 220 848 295 820 520 722 151 446 199 192 512 765 93 829 722
755 21 615 719 523 881 758 198 607 760 683 410 421 616 432 559 671 724 766 669
279 913 949 464 549 939 471 985 547 472 732 291 951 564 490 805 72 552 428 422
506 858 298 114 334 547 500 235 995 838 567 281 125 408 457 436 316 626 160 563
847 851 886 752 170 291 487 958 174 191 165 614 825 502 805 686 934 562 19 860
735 420 407 255 991 126 254 573 884 944 641 760 74 404 161 711 383 996 162 978
957 936 667 746 467 24 563 831 917 765 395 431 94 223 657 803 404 722 672 995
374 539 273 160 51 71 650 923 895 4 486 528 461 971 904 657 717 788 552 582
190 15 945 458 495 432 339 626 681 505 22 358 579 281 609 248 511 695 839 834
141 978 441 156 799 911 738 838 724 942 510 907 132 397 121 785 811 702 676 873
321 770 104 98 761 160 489 425 599 184 647 435 255 840 140 566 604 533 790 246
2 249 570 662 17 347 874 494 654 53 571 716 702 282 770 365 432 286 820 312
775 319 132 819 305 221 59 392 614 753 938 172 313 851 864 722 857 692 137 453
178 139 844 231 167 405 465 518 72 900 711 850 591 378 61 133 515 390 538 304
468 42 50 622 913 109 485 210 902 648 828 607 881 901 202 116 122 757 104 716
697 422 592 699 340 132 43 772 701 438 744 135 264 575 809 419 295 687 564 702
623 432 227 371 594 54 748 104 908 301 748 104 779 691 621 485 296 643 613 772
692 538 569 651 28 592 406 711 876 912 647 871 131 487 933 650 515 964 5 778
131 382 838 863 549 571 288 129 210 780 659 526 46 4 788 714 417 458 592 824
517 898 129 502 321 3 717 618 546 238 94 620 41 322 395 652 57 452 713 265
379 542 626 158 387 925 629 712 332 569 606 119 768 29 416 230 519 176 449 979
303 19 985 483 940 285 639 323 842 457 613 3 114 221 387 337 677 826 222 577
726 533 985 955 571 818 476 959 626 532 486 887 821 675 591 647 802 509 789 551
898 725 950 407 971 214 141 884 441 646 522 59 518 796 359 730 990 509 20 281
418 652 284 52 223 874 896 235 449 112 954 316 34 741 762 657 9 272 635 573
190 69 184 341 914 913 749 306 212 678 381 628 389 456 816 391 271 658 628 821
827 800 443 81 858 198 630 893 873 172 585 915 61 818 332 126 163 172 373 292
623 930 958 439 407 828 335 154 435 430 409 912 852 489 286 658 269 473 419 905
404 956 15 993 323 574 9 177 796 249 844 328 735 510 921 839 126 257 241 376
917 512 216 980 956 966 708 979 117 455 590 977 846 642 565 437 863 23 802 416
215 861 282 664 419 973 538 263 546 410 840 199 835 975 328 230 692 700 25 353
704 43 275 156 183 982 338 103 553 903 989 587 28 732 358 125 509 985 559 537
412 868 496 569 973 283 944 791 156 275 92 216 772 936 284 356 152 589 670 368
335 471 837 328 559 153 591 26 233 30 610 717 841 700 344 388 205 718 301 913
945 932 266 460 85 77 431 475 397 982 232 512 41 113 81 759 646 350 22 541
876 504 650 3 900 543 80 787 333 445 230 888 662 127 613 130 563 278 542 133
817 284 508 574 562 604 255 938 568 980 706 362 868 145 124 507 592 508 109 876
653 46 354 896 22 966 686 631 773 77 417 933 84 990 44 897 133 25 144 990
521 384 672 413 851 333 74 898 866 547 695 178 368 915 7 783 867 424 581 225
759 416 24 299 544 539 119 876 567 199 583 635 78 953 563 983 912 2 444 695
555 381 27 262 152 471 641 216 614 797 663 204 966 514 150 414 843 961 530 727
769 633 198 777 418 385 111 348 988 322 260 983 556 429 448 503 84 517 321 82
752 225 195 547 185 446 321 409 633 455 830 1000 39 753 758 53 825 603 616 470
856 385 930 327 674 905 873 534 342 129 688 884 665 3 741 254 504 145 589 51
289 222 583 115 426 895 287 7 651 764 968 376 861 930 451 63 112 296 782
