7957
13506 14703 94 815 13576 5868 11379 23101 7979 27684 2106 28038 7719 20629 2303 936 7345 18540 19699 5136
16443 9498 13803 28088 29935 3257 21693 11357 5505 9084 12291 26546 7325 11752 8334 14878 17743 10489 5913 4337
19745 448 18688 17766 21922 659 3888 26362 22784 18993 21008 4870 1369 11863 3558 975 14035 26805 29054 6594
8114 4580 2404 4409 13888 26175 19188 21256 2738 4637 23772 22410 19364 16965 6951 17690 20095 1672 29944 7978
13889 21925 13475 17890 19832 5893 21840 6432 21422 21047 17349 9744 29269 8397 25138 12316 28611 28984 13685 10499
16126 4535 27213 9529 4060 4629 28711 11295 6516 11822 8452 23797 3508 3859 24415 3654 3761 7420 679 1311
25649 4296 14335 9651 1214 12490 26363 16365 25527 376 10935 10306 2622 29929 4687 26448 20530 24954 27679 3879
29746 20811 14586 28215 7018 24213 17606 13870 7086 774 3269 22037 9769 13476 26881 22597 22206 14261 24362 27973
6963 26338 25194 9721 416 28110 7397 21267 4615 20719 525 17091 186 6462 12261 21687 8018 2799 29746 19487
14652 22080 24813 18803 25567 16691 27316 693 13929 12261 26878 3168 21529 7307 14883 22725 23892 6176 4787 19479
517 6660 13100 25383 23929 26542 26269 13696 1643 100 8196 10197 13324 1087 24694 14725 19632 13257 28944 10645
24224 10011 11558 17444 18152 23306 18055 19902 967 16055 28739 25853 9685 17993 29168 18033 19816 4431 26905 14510
26143 28680 1794 8793 20000 3969 17957 25968 16546 18250 7843 16586 2366 9296 10569 1670 12552 2593 12158 29997
22053 14892 20417 26966 25605 11454 6234 26836 11458 3054 6986 13214 7718 23258 5272 1524 27113 3630 21441 6906
27419 25431 2839 2943 6804 1976 22749 20854 13642 7901 652 15780 29026 21665 3970 18991 6239 10335 29291 14044
11494 10113 26961 6515 17495 12895 1399 2335 29592 13006 2570 15691 25189 9872 8710 16888 10518 5954 1751 19289
9887 7203 20758 13655 1279 19317 6992 19900 6957 11165 27089 27770 24555 18956 10216 6979 16901 20352 23532 27280
14926 8171 6074 29149 12909 8771 2882 13668 18567 1775 7695 5936 19879 12631 25081 24897 15654 10991 26779 1776
8340 15078 16078 29380 11119 2903 23562 13697 13077 12154 28960 6733 13323 13100 13704 1811 13777 22302 11862 6006
28519 14798 27905 25291 4470 27629 15063 13410 12340 10166 23649 28575 11964 9324 11100 7331 1559 8200 10524 5127
24164 25931 1065 14182 18531 21547 15384 27273 1935 28138 29708 21459 26590 15389 23479 5157 13232 16782 869 6255
18873 21458 26965 10844 4014 6546 6723 11567 22869 19194 13336 12647 26710 2743 20546 17007 17073 29351 21565 29181
10481 19859 23293 29364 26854 6658 27108 5720 405 2466 19477 29429 269 16543 13798 29027 23194 23471 7070 29267
325 14586 16109 7444 18135 16797 4281 14360 13646 2449 3123 169 20359 448 6560 18762 20972 8674 10816 23133
12402 20544 18317 13659 5209 23179 6642 18368 23801 9646 25790 9536 6447 25437 27758 28110 25951 2802 24423 2759
29083 19383 15152 25145 4758 9866 7790 21217 14505 22655 5711 19336 24663 8975 28312 16426 10805 217 25837 24256
8075 24454 24298 7236 5819 29032 3545 28499 26559 17327 18168 13439 24317 24748 12921 9998 7495 14209 29461 20420
4659 11339 29786 29999 9763 6036 14228 18782 28249 18688 9770 12583 4735 2612 13547 20317 6816 547 94 14052
26092 16242 20853 2954 25063 15429 8059 16106 7215 10902 171 17566 19967 25040 8713 929 11237 3486 11235 11754
23969 25039 26345 4184 19654 18708 20293 13961 15336 24996 5763 1591 22634 13971 29010 896 13792 207 18111 18061
13806 4452 8869 8785 13917 3335 28918 9737 15539 26930 260 23503 27642 19191 782 9549 25958 25333 27053 25648
13827 27442 7208 18598 2872 22306 14562 16430 3350 28142 26705 11347 19058 8099 11249 2950 17095 26809 15651 23831
26202 28879 10295 21026 29602 17141 1993 7945 20190 25456 12406 9786 21217 16329 22079 25538 616 12285 20990 24015
7258 2135 7520 4578 26792 20892 183 29823 20940 29056 13640 12230 800 1188 9330 29876 13725 2922 20344 2360
11126 21522 2396 28128 4228 16074 28170 13284 20920 7811 24997 10 24005 19263 17797 8771 13738 14689 10365 12979
27658 28190 22540 3423 3483 24097 8650 8900 12398 14323 27001 29916 621 9366 5544 3776 12117 69 4095 24911
5301 19018 405 28914 4195 1670 12447 10154 26118 2368 12172 6816 24738 11806 4511 16545 18872 21042 13651 18675
3985 3789 25920 14651 23950 957 16022 21337 12013 23036 1564 6353 16104 23869 11948 8049 7867 9530 27402 711
4646 15794 29077 23702 18079 26186 3664 10129 5815 3147 20669 4009 23439 29612 22536 24310 15191 12638 26485 4921
25195 29511 17381 26282 8891 24129 13438 25915 27966 25652 15744 18784 26172 29341 3570 23680 16095 22450 7013 4341
23792 11296 9524 17634 17498 22773 23395 11310 14269 7002 1755 13264 5013 45 10785 24053 27135 21899 3930 24740
532 9881 7178 26167 27867 10812 19430 5784 3901 20842 29282 11844 29951 22338 1631 9922 19223 25107 1427 7033
16717 10781 19691 21168 13241 15705 8361 22275 21616 7830 6537 250 7758 24161 16061 16649 10508 4901 1826 24667
25450 1638 21146 11025 14374 23634 11999 22803 1984 10481 21367 3255 25375 3133 20146 4812 8990 17690 2086 2675
9813 24776 15052 21940 25414 22062 28798 25460 24042 2585 19661 11595 4207 13917 29955 26997 6513 9983 22528 25892
8413 12930 23221 18908 11565 6059 26193 4126 22425 5291 24907 23011 15816 17759 3359 29278 6795 12146 28404 25641
2128 22648 12794 7374 7945 20785 21736 29188 28022 10097 1578 1533 4633 4729 26569 8358 5911 10153 14568 7397
13526 4848 61 6129 13270 226 17986 7297 25163 21149 13896 23803 24435 24874 10823 13074 16246 5528 15228 28201
12403 22388 17114 17875 18911 16551 9085 25986 22133 633 29242 22164 3871 9832 22817 29697 8768 29026 2591 7837
29983 27894 17663 29957 15495 69 21627 23037 21307 14671 708 9690 29986 4100 3686 29191 28773 24570 26672 8696
10462 12527 25923 25507 481 29559 26647 2758 21236 22233 27743 11767 23680 3822 5655 3412 14804 27363 22206 28264
17119 3053 22734 12528 705 2994 16606 19606 26484 12405 11151 24104 18141 13112 29574 14183 28625 26612 4186 3228
21238 7837 23577 20384 10853 10122 18353 10231 18526 28163 16147 29427 6801 4978 5101 9498 29689 21453 18533 7412
26909 5203 23459 22406 4875 23271 14972 20629 13079 20486 27806 8912 24273 26530 13492 23613 13770 14311 29294 13351
1690 16608 13213 16436 10310 17639 27735 3022 24679 27336 5864 5856 14362 1286 29516 6788 9061 5939 26903 5169
4536 17470 24414 4468 12458 19394 19734 28901 11779 12235 13598 8554 21218 1205 3096 21995 28840 5453 6536 7495
29838 9096 5183 13267 3821 22237 7869 29679 18206 20104 19131 8389 29550 7056 13452 3960 18308 5303 63 2093
2279 8412 4546 6992 9304 2819 8241 12035 7473 28663 12964 13608 22685 4192 13460 23055 12161 18021 20269 2664
24094 1610 10274 21245 18683 13271 19081 23338 20132 13669 16539 2044 13908 15413 1626 22783 12930 1454 21103 2110
1578 14441 2524 10580 16530 24046 11043 7842 24899 27873 26541 26693 1623 10165 23779 11364 7665 12951 28337 12894
3827 6975 18646 10447 2504 17622 665 3289 24636 26792 27153 16031 16020 709 14258 17137 2780 18573 19479 13194
22569 16663 17026 21272 2578 18242 22517 12793 16401 10194 11923 28003 10212 2357 22779 16294 11275 19397 26995 26839
15661 1849 20104 5795 3825 10205 3538 9057 24315 8074 25612 1353 1275 17885 15292 8316 27331 26793 9934 706
29354 22532 2870 19513 18342 10224 28708 23872 29514 3213 3301 14280 27221 27401 7893 12235 5339 24661 18671 2988
1450 2072 2043 24632 3762 20306 19449 4 5424 29266 18640 11483 23044 2716 28622 29181 1980 3982 28370 12384
21163 13568 27793 29488 217 26542 19143 10824 1233 29963 15924 20879 10361 20111 19175 7253 23144 3244 17671 16179
8374 25401 16919 2148 27432 18272 10746 9398 2803 3124 22193 23741 14371 17466 3783 12737 18708 4592 1472 14057
23884 22426 7607 18665 20232 14249 15005 1544 9998 959 3744 27379 26740 18904 24580 3068 1344 29902 28191 12063
15728 7035 25048 27815 4774 24872 12208 20569 24951 560 8166 4551 27882 8374 23715 5005 11660 5396 8948 23932
15304 2621 21119 20268 19959 1381 27222 18357 4947 1272 18039 26190 7063 936 7135 27347 17319 15290 1524 2282
19465 7442 488 11419 28562 23042 17239 11935 14189 9719 25181 26853 16911 29430 2807 29561 168 21021 11703 39
1839 9974 26780 26326 1430 24199 18054 3907 4112 27421 20968 5141 16478 28501 26179 7750 27226 8790 26431 20733
24910 21224 11817 6929 776 5699 17782 8929 23139 8511 28129 27137 12377 2457 10233 7461 21175 15396 10809 29175
22427 13546 8687 28519 6029 2541 26886 28573 19386 4921 5703 29560 12686 4957 15234 11335 15167 18882 6689 23051
11644 21942 21735 27095 660 16814 22094 17000 426 22022 1443 25409 14464 1187 10268 24390 16973 29336 1766 24912
8784 27149 5708 22373 9904 27910 17856 4865 4519 11139 27100 26784 5951 17861 4136 19115 20243 451 10517 8331
2954 21882 27631 6844 17822 13552 26425 966 5 5463 24611 14076 356 8721 16200 5793 16978 29927 28214 27994
23264 28816 5549 5782 13765 6602 19088 5788 18892 20547 6539 7432 29859 26231 10080 19963 28559 2149 22243 4436
23556 18253 9139 25229 27990 11034 19483 19572 27474 22541 2211 26297 5115 16824 28608 23324 14063 26653 5740 8404
1185 16416 6462 22666 3213 23900 3559 19194 19689 3879 12265 22031 14795 22534 12569 5997 6841 16538 6763 65
28472 5172 19656 6251 14000 9888 5090 25884 9679 18486 2827 11791 23148 16576 1118 7570 28550 25642 7545 4935
19383 11697 3467 9 22871 11901 29889 21739 11716 9422 27127 5154 16631 28689 3180 12043 3947 22426 23265 2664
3786 16101 15800 19586 24070 19389 17826 28113 11222 13815 19744 24209 19633 9894 21373 18076 550 16010 12058 28969
24701 2832 26518 27542 16575 5052 9057 2922 16697 20406 16024 22627 26564 2671 22302 9532 29058 19654 3601 16335
24915 28884 15635 11491 24152 2534 21996 6618 17092 19337 8565 4549 25927 25525 17447 23231 13658 2657 8014 11655
15328 2824 11486 21436 25968 20035 25032 25976 12867 1288 9199 2837 5045 24563 15184 5196 485 28162 17378 3083
10983 24515 15463 28821 4263 7450 29837 13117 2514 2231 29102 29119 27837 690 19078 19153 14686 2967 12727 23186
7897 22525 26683 18528 25947 20173 8439 7647 28563 628 12397 26351 4762 17841 15300 20347 2463 1711 4667 3580
12961 2688 13428 22774 19700 24312 19448 4241 29057 6996 19249 5822 18746 7467 14175 24367 9810 23146 15168 15507
24458 424 16266 9585 25066 20868 7502 21859 12190 9557 21090 12038 2406 26665 10261 5860 21431 16825 22041 2022
26198 15577 20547 26464 22976 4324 17216 4099 17146 24546 17668 16677 28190 15531 14424 23139 17547 15593 12468 1015
10683 17457 17997 16954 12741 11356 4866 2022 28213 11805 4322 22373 12155 9206 12648 22728 16184 22706 28867 18814
28275 9113 2633 458 11306 4974 4206 25155 13486 27433 12307 14489 2307 13428 14607 358 17804 22377 564 8988
18406 9230 24552 23239 26070 19093 112 20579 7926 16816 16314 15652 6659 10218 7534 11693 4536 6340 24799 6285
4378 2443 15771 10709 10996 5092 2130 9862 26787 1147 12279 11599 16744 15881 12571 27453 6011 11369 4488 11417
25245 2100 2308 13763 5584 19228 21134 15556 21442 19950 11748 7667 66 19883 2249 25099 5102 3753 10829 6602
7363 5023 22019 16098 18169 14555 25442 1445 20859 26204 24536 7574 18370 1723 17246 19931 20194 17441 7171 6380
17562 17956 8840 808 18937 26967 4079 16128 22166 28518 25743 1670 123 6784 20618 2608 23744 26839 3515 11948
18936 14208 3866 28476 16777 27533 3678 24064 6738 15016 11995 7124 14328 20601 16112 4108 8044 12030 23047 20751
6403 1476 19954 12619 4139 22669 1367 2745 15461 14407 2770 10006 8742 4293 24710 19834 20951 1828 3167 10458
15817 18077 4764 1869 11833 23810 3766 24424 9580 14175 3608 21518 8733 17399 18088 22387 1976 6671 4310 5487
3918 25882 4989 357 28317 12312 23822 24894 19199 21827 11947 29792 5731 5723 28592 28409 3407 13636 6803 18097
9209 14751 19581 25541 20684 22414 15812 6861 21728 26901 26594 11939 9539 26614 10144 14364 22544 1755 10007 17470
12309 1461 4513 19087 4912 5265 8179 23452 20362 9157 24238 12381 8405 9191 29258 20597 28180 2219 12838 1646
2544 7881 8106 15562 1335 18023 18256 26206 5718 25253 8258 8064 545 11157 17252 21322 29280 22001 6579 3725
5552 19779 17617 1512 4266 23475 474 13670 18067 13076 28468 25515 25666 2132 23164 24157 29682 27496 3882 26204
26271 2010 21510 554 15225 28444 1950 5968 15028 36 8393 22771 19767 29433 21628 18080 25293 6622 9015 28953
23272 24620 180 7565 15195 2917 28861 11230 16692 20122 9516 2045 3901 21041 25253 15307 5259 17438 29336 25070
19748 12117 28543 15203 28041 3234 25490 13312 15990 28053 8426 24416 24520 11448 7097 29800 21741 22543 14105 26178
9971 21367 18348 24615 204 8633 9383 18936 16956 25492 29889 21498 7844 5274 548 24295 12830 25321 5697 1423
7625 13439 29756 21482 27720 6477 1782 5712 18145 5256 20785 24778 19807 27599 5567 8638 23787 28453 8306 19917
8187 16747 27025 21745 2556 28480 15600 21787 16374 25184 20541 8668 21166 28223 2082 20831 27501 1708 16545 27508
17552 11825 2496 24597 1813 23825 24421 11393 7957 25247 8002 21683 10727 22454 8073 28462 21891 3814 16212 2033
10252 19320 19767 7696 14839 1034 25774 26254 6481 21479 19896 22276 10785 460 24880 24019 3148 20594 8133 12750
19222 28894 28789 23016 1322 19908 7536 3773 26365 26811 28600 10453 5509 4167 8002 24894 10320 5830 22088 2063
3169 16331 28187 21804 13398 20066 19668 29355 1208 27079 26948 28611 3760 4364 6287 12445 7137 8554 6450 13282
12534 29927 17546 15615 29197 1759 28967 4525 26903 22173 19080 20336 18026 11040 4998 15431 11576 10113 25064 7577
24302 2736 13691 797 22770 22958 18591 7857 6697 18012 28180 907 18168 15272 13909 13560 26720 15713 25199 28412
16428 29009 27625 11424 2127 24059 17795 29431 7027 10251 3334 23270 9987 23775 18368 22385 26734 995 24406 2279
28369 3597 15877 10935 2603 24751 22862 7132 10641 25739 7926 19840 22085 11501 12014 23689 14320 26777 5115 22305
11599 28232 21184 11909 16362 10289 14938 11847 28660 13654 3943 2124 29327 4347 6111 9232 4653 14242 20847 11592
5736 29588 4394 1995 24862 22905 29433 28405 13655 17081 14647 22441 7189 6990 28405 20075 11190 520 4421 3413
9916 2372 631 7779 15366 26965 21088 8080 27502 28077 10399 28624 15878 11012 5235 11539 20550 4798 29000 27263
29140 5978 19894 25692 13654 23965 9160 22597 18219 295 11498 658 18087 11920 4592 18058 20636 3447 11185 23037
12458 6649 23593 26851 17480 10536 8598 24754 10880 28693 26105 29949 2517 5220 23904 4730 4585 28803 20110 1672
1579 1687 19354 685 22001 26901 13866 28194 12596 12293 29257 15136 21076 24753 5788 22546 23669 25528 13021 2447
19002 29740 14241 25915 15280 16306 19720 2255 18807 5990 23452 542 18055 8459 14105 26755 12581 10362 2515 13822
22482 17754 21139 17366 16184 20026 10190 19895 12331 22089 5658 18473 1566 28603 11882 10502 14491 21537 19324 12834
14829 22093 19447 27518 3290 6822 28547 12647 27175 15805 26813 13242 15172 28294 13641 5125 7832 19010 18535 6455
24202 3895 26304 12821 5725 5148 29532 20492 28945 17578 9272 7307 26846 12072 22918 25583 20660 13299 9724 3828
23466 26814 2173 27966 26734 12357 29020 10177 13456 13003 16602 21433 25061 22193 7600 7186 12799 8607 21908 3423
15879 26940 26889 12241 28003 28026 23776 25599 24978 1620 12567 10361 1721 1486 11709 25944 311 15617 29398 22864
13631 17983 3800 29240 9561 29197 22267 11002 11073 25932 10668 25616 23967 442 23551 9076 6961 10106 1481 15806
6746 7887 7306 15790 24382 5630 9404 13155 3106 8896 20671 8365 24419 23703 18632 19208 29834 7786 15324 4271
27908 7891 18153 14717 15976 3123 1351 18569 27703 6208 10655 6234 23938 11314 414 415 24248 24532 21225 15199
16564 51 12909 2453 9889 13849 19104 4378 28616 8944 5443 13858 2075 20779 2761 19135 6739 21641 2376 24932
29365 26877 19946 12128 19220 20714 23064 19375 4462 3896 25380 11471 14855 21485 14791 21281 3149 7190 23638 24502
21717 13413 24842 20971 22161 18801 16335 14507 12129 6020 15493 13786 15736 3116 11457 26043 8139 24421 21171 19295
3486 28782 20181 424 28751 17524 26150 9108 689 21827 4895 2858 8471 4434 4632 26643 18692 7917 5437 7400
11972 26900 11124 17514 20547 14677 21650 7555 29940 1779 28404 3341 3305 17359 24570 2229 20908 26277 19626 9509
16438 16890 4816 1964 7579 23786 22568 5333 29449 6060 29533 1852 29167 382 28468 3662 18178 23567 11148 13734
29925 21584 24574 26098 5795 6372 27414 1916 18095 362 10171 6333 22959 29312 18495 7622 13762 3829 1654 4438
18260 8987 3553 29786 25320 201 14066 2298 14170 29985 228 29258 4994 2275 13695 19890 2883 22441 29261 8477
13453 8023 6069 25050 27713 26400 22767 8162 24329 9898 16678 10384 7051 16031 7320 4543 12759 5159 11232 17924
27616 18788 8907 15479 15915 4323 16963 2931 23582 3234 18234 12157 22789 9319 1671 28704 23404 19504 1421 28501
14222 13226 19937 3176 26238 7685 20306 24078 26418 17261 27089 478 14785 27585 11510 10491 11480 1564 16886 29452
28019 29243 19553 3078 4525 5251 4621 2628 29115 24639 9176 4611 15938 14398 12081 18833 12388 26774 162 27277
9455 22038 15552 20480 24351 8832 7473 29421 23660 7732 24363 26307 15925 16338 13812 19651 16953 23364 8839 19431
22361 23293 6217 27333 21566 1025 12293 24262 4516 26630 28428 10405 27109 13340 15457 29854 5574 8871 18253 1290
9554 29571 5968 14127 24104 29699 12723 18654 9294 28819 28991 14247 29859 5294 27203 18084 28638 17520 16458 277
27413 10720 13426 22293 18683 7616 13986 8733 7627 23671 29175 5135 11337 1096 29150 2116 18002 22195 17419 18725
29219 22891 7786 4691 19266 18759 2513 3617 3392 21881 28794 18704 11089 25171 16358 15988 17363 9299 21946 12609
22758 14056 18828 4348 29963 9538 11352 17640 4834 20009 723 21926 28602 26036 18145 12913 4192 27823 24574 10996
17778 20174 6118 21021 10488 18514 25990 9825 17326 7722 28070 17705 28116 12174 21507 12647 91 28912 13930 11350
18545 8239 22517 26412 29316 4901 7274 13054 28625 23790 16912 2094 10134 24308 15963 7963 29488 29516 8216 29531
2219 9503 24660 3729 28823 15105 5511 8208 20183 27972 4245 8221 29508 23960 12275 5852 10867 11408 7759 4445
28487 19356 9279 23727 15871 21205 14690 4417 9358 7160 7407 9460 15763 5887 26851 2573 26549 12066 9390 3296
28481 317 9748 7348 25571 22638 7910 2361 6071 8332 15993 8494 7665 16575 8157 19655 7795 15808 22172 20043
10244 27982 3997 26832 5907 762 2682 29887 15844 29659 14940 16729 15108 27173 8036 27426 21806 21832 501 18543
21805 15427 14658 8634 12415 8126 20796 15733 28787 26904 28072 11966 12158 12689 17297 4472 15904 21712 24584 4884
10259 3210 10642 8357 8913 13740 20768 17820 24175 4687 22135 21034 12274 21575 16349 22686 14855 24642 7440 21224
20264 4043 19408 14164 27470 17899 23667 17662 29004 28920 3539 19647 23473 6643 3753 12599 15537 6396 23047 25992
16994 13584 7474 27718 28534 23226 21094 21499 2831 9496 22021 13927 25630 21662 11123 6466 6572 10669 8962 22545
1279 23787 10406 3946 10692 106 16811 28264 25828 11253 3229 5142 22299 4131 29418 12961 28743 24594 734 11217
24108 28436 5323 28155 28195 24499 17291 24856 23969 10707 12097 27982 13404 2127 1074 17026 10292 12510 973 22090
11213 28288 29766 9804 16556 8228 7049 11562 12593 8197 19056 8999 9122 27860 13223 19762 19487 8588 27620 12801
4438 26572 14289 5392 28463 5474 28270 17646 25130 25732 20621 24487 9583 12227 24005 2400 9500 14463 27299 26068
16441 12494 937 28617 10042 28167 29867 4800 7401 11622 2483 12092 26490 10778 20346 24685 25647 3992 27182 7443
17330 28454 10553 1657 1687 27937 193 29581 27652 936 9605 26178 3776 4451 23240 16557 11968 29093 10198 19062
27324 10516 518 75 6876 21869 1838 22955 13399 21413 9963 15537 12514 2548 4680 15089 864 10889 26590 22963
14043 18022 29380 29328 18701 24946 27765 3584 15577 27140 12911 16437 25622 5437 14800 19941 28078 344 28812 4040
25531 12260 12863 23023 17999 1585 1571 7498 15314 20500 27653 23700 14885 29613 7001 16172 26966 24615 17619 9744
15000 5903 22133 28319 13010 27554 569 11487 13537 21248 4729 7679 20233 3436 2811 19451 12469 7056 25678 11089
9910 27081 27574 24662 5048 28485 15874 227 8374 12541 27463 14530 26899 27900 8427 10930 3388 18877 9112 26113
22487 19928 16134 6185 28928 73 3995 6768 10869 22954 25381 3483 18682 18109 11611 1986 7325 16458 8316 6443
25048 29407 7429 27114 14495 242 7048 28230 9989 21320 22851 26047 12630 15938 14865 18539 26353 16059 1679 16078
14564 9973 15941 21541 688 20675 25517 6640 23854 22196 21184 3369 4038 27725 27456 5898 11787 1892 8800 4199
12510 29392 27420 208 11561 7312 28823 5679 16991 26925 5457 8436 593 24220 21212 1579 18634 4435 28484 17747
22178 4738 16642 10013 11562 495 27244 12067 8770 2408 20988 21296 12711 8879 22303 17659 5721 19203 3275 8518
14111 18331 26277 7635 4060 3476 23415 24666 21383 8546 6998 29930 27494 24186 16597 15393 7570 13982 23397 17126
9112 11105 18693 11321 3086 25730 29775 20688 3219 621 27304 1110 10269 26312 18547 23687 2533 13326 3187 28013
7742 9134 21451 25869 23219 21317 24163 26874 42 15262 5820 6006 11129 11439 9394 28512 27287 7785 25912 25011
15812 21381 848 28568 23714 22985 24496 13379 7990 3993 5649 16468 24955 196 29861 28217 25129 14513 15356 29939
23449 22329 22560 13292 21540 16317 29655 25264 8416 9896 21152 3602 24101 2231 15661 26455 13672 19735 24585 9588
26198 26912 1205 25154 18967 25822 14506 28998 9396 25727 29166 13172 7510 3463 13741 29889 3669 24848 11905 3738
14668 23933 24642 2253 6168 18231 322 26981 20892 588 6441 17617 12434 23482 26714 27360 601 4876 15664 3094
7860 20621 27388 12742 23939 28285 10354 13993 5525 19466 13007 1392 3974 11161 5923 4007 19695 26644 11136 8486
16624 3338 10353 565 13215 9102 14513 25967 23639 2732 25430 27056 12347 20015 21577 23792 446 15022 20934 3994
22796 19634 22561 19510 14023 29728 23258 25641 16327 17601 16225 1030 16554 16768 8833 12089 23299 12312 25440 11232
20924 20863 16280 14174 9939 1698 5222 2143 11982 22270 27237 17154 18871 24765 19029 21730 25791 1731 27396 4386
18474 28006 16608 26362 27542 14684 29476 23228 8601 21153 4353 376 10573 4635 24285 13366 14311 22451 10250 3233
26743 23268 18688 8553 23271 9731 16900 13483 9843 11384 4907 25382 2832 15639 28264 22104 14146 19419 28248 2949
20410 7278 23385 9656 19175 3675 29828 24657 22956 28780 14161 16824 24502 17666 23428 18378 5847 13347 15707 18752
20422 6961 13418 25296 6305 8348 17372 18588 26161 27495 3209 18476 26437 15381 20492 15488 6604 6401 7132 15526
9493 22115 3633 127 24505 29598 20473 6882 7733 14357 24083 8767 20661 20610 23235 27083 15002 26477 3550 23873
10431 14926 7848 4410 1566 21721 24614 13493 13484 14784 28239 4656 16480 7213 20286 25625 6462 7557 17361 13325
2976 2945 23900 24824 3870 5266 18985 27754 13348 9965 8574 28255 1688 2462 26844 25707 9984 15422 6915 29954
27185 7703 11270 12127 11317 9939 19881 5741 4906 24250 17598 29611 9819 22407 29979 16425 1420 11843 20846 11222
3567 8144 28468 22705 4333 5189 22017 3100 375 23674 13592 27683 8380 2848 676 5473 8197 20419 21925 17324
6529 9816 5237 21082 6290 7029 28219 28358 16161 10244 21375 26540 428 16787 17948 28996 1390 12206 12504 27555
17628 20588 1119 22069 23346 17096 719 13704 19793 18702 500 21517 4295 15510 11344 5729 3221 21276 15388 8846
22512 6505 17480 15911 15007 18732 6471 2715 21632 25146 9187 1920 22602 29943 6779 27618 8400 24775 3398 13044
14456 3109 17656 13496 24403 22268 3670 11924 24193 24928 10667 8655 21751 5425 19987 20329 20563 13056 12591 7777
8893 28093 10037 11476 519 11993 19708 29112 25269 13530 25270 4772 22123 2518 12195 1667 27284 22585 9463 13941
12999 23965 7578 24586 28258 21782 19457 28010 21988 13680 15506 29249 27143 5847 22433 12533 26654 28179 1583 150
1031 9002 17882 1231 8653 1218 6393 6345 23685 28669 8735 17664 20197 3786 20318 23442 19922 7030 9814 10394
9586 19906 13180 3898 25132 5532 1392 3302 7956 495 19369 21066 14282 4301 26877 28049 12295 9245 19795 19712
144 8255 6303 5079 14313 20466 29208 1245 25647 1705 14476 19858 18265 2709 14561 18873 26615 15985 2000 7894
20330 12354 12339 6575 26061 28423 23080 23969 5948 5968 21710 10666 24911 15984 29073 16714 9282 4691 12025 21379
21226 2917 3394 21552 13189 17771 25745 12529 11342 9763 10076 3695 16565 23480 12160 4504 27448 11266 22294 12413
21182 29014 18662 12963 27464 24833 19013 8472 571 18249 16686 25444 1676 16061 16059 7134 28546 28546 17031 6690
22340 13129 23472 22398 899 23709 2147 19495 14378 3092 4689 25215 5223 25794 28742 27263 23427 11393 8126 24089
9541 25746 10025 3333 6094 12609 12658 5177 20072 4487 15648 5571 6247 20747 29464 4661 6814 13771 3074 11668
21481 28853 22922 15991 2158 27912 15185 23534 12227 24989 10845 29046 8768 29818 23837 26610 21725 27377 21064 11872
8348 14573 6930 14175 28592 6556 6610 19830 15316 21628 744 641 7626 54 28250 24887 9570 8420 17061 16420
22164 3112 15069 21129 17639 3045 13666 21434 2161 13974 15837 7479 28318 21203 17239 3535 9182 16673 28228 18538
27902 17415 13835 902 28770 737 15905 22066 1926 29043 27983 21578 8328 6244 1691 5619 28453 2747 1354 12887
6679 24983 27917 4563 11076 10953 21879 11770 8716 27704 2936 12597 28337 5053 14484 4735 11112 24285 18227 18599
7068 15407 7146 17465 111 622 27995 8818 4181 596 22813 7838 9475 11677 16572 17277 10975 14684 10648 16304
1462 1696 25265 11120 23152 24045 13820 21142 23222 18443 6474 26948 11759 3045 16313 2410 26100 23983 22964 21663
12497 5765 21067 6641 2890 10130 12814 19025 891 8681 2471 27390 10199 3454 23066 24150 5912 9433 28253 15706
456 9362 19620 2615 23504 3750 17850 9127 9259 20579 17507 2187 570 27804 411 15318 26985 1776 23620 7355
22958 21677 8661 7571 5301 28877 28422 21378 14960 28893 10459 22174 5723 14214 2318 9238 20763 103 14851 4109
22290 5590 2972 8006 18429 19576 21541 19090 19477 21109 11728 24671 16494 9166 21437 17152 17213 1500 27360 10146
18438 11452 5645 17772 13579 12784 6209 27654 2548 2176 19683 23322 687 24789 25129 5809 28026 21901 18504 7955
22563 21067 7675 18018 28086 1343 10439 16959 1473 29357 18812 24607 22140 10936 12981 6651 14409 29740 7806 15841
9938 23829 1829 9015 5375 17290 25344 19487 26963 17354 17534 18404 3484 27408 29198 2109 4461 5481 24200 12756
1800 27168 13921 4044 14370 28543 2990 9574 19048 26928 13547 4721 29118 17848 24167 4967 28924 12861 16256 10039
697 12203 5246 13908 17097 22456 27526 2093 27397 6521 14855 2122 8396 3499 12826 15446 22648 7826 537 13901
9227 16509 28143 7888 346 534 7420 27872 16336 11703 28355 2333 13625 24888 5357 905 8801 10057 16259 19435
15228 24616 28276 26971 25983 1471 6437 7637 7500 8031 12569 17172 25103 267 15321 23174 14062 23891 9007 5708
14711 8230 17152 14886 17864 461 1582 20602 28493 24758 4643 3468 14491 4454 24380 14766 19049 27876 16808 19729
3282 8602 3869 16593 17497 14621 12837 20 3023 1219 10380 24597 1147 11498 10297 20937 718 20818 13478 17820
24978 9345 24369 8816 27551 25800 18079 6805 22251 24187 6548 26716 23006 1885 17313 8012 25599 4691 20143 13703
23775 131 24006 27112 7640 14486 27978 23406 19213 14601 2384 24326 203 29218 12517 17030 8140 25210 15574 26456
1788 2380 25040 4014 10599 15653 1937 29063 12201 18410 13961 12125 21 29465 25517 3192 27288 29461 11875 28835
20946 28203 10877 24281 16934 16115 8448 14942 18636 24625 29075 25531 24953 3953 11947 7 18609 5596 21298 4086
17217 24966 1319 24013 10032 7768 21072 27387 15565 475 21063 4228 20520 21458 17777 6953 9521 14010 2326 27713
11764 2482 25618 29930 21274 3160 29094 20699 8244 10766 21335 385 21284 21296 22305 7845 19671 19609 14683 13195
16816 1894 12717 6090 3954 2020 6421 18523 3044 14766 14198 22530 16908 10047 20622 11376 12999 18133 25639 19557
27056 27903 10115 15076 1157 2448 4911 21472 402 26596 21313 16981 20832 24886 27602 4750 21440 28113 9257 27755
6255 4665 28666 20478 20564 19045 22144 7828 16968 139 4221 11362 2985 12564 4319 16652 25835 4937 22392 24988
17140 29076 6438 28158 15103 9221 29153 7633 20774 19878 6173 203 21329 3255 3434 17418 22763 6411 22080 26018
14049 21980 7715 26522 10859 3197 22159 8522 17014 12213 9100 7779 22641 10933 27151 4257 18694 23779 9100 10308
28769 11506 29701 21806 4370 3810 24058 519 9572 16139 24567 15527 819 19902 18603 10465 9095 23036 13861 564
26821 23202 19944 28222 27496 14696 1471 12331 7278 18623 20947 6515 25107 20186 23607 17958 26935 17258 28008 1421
13885 18954 11448 18164 25786 9742 23194 12794 24947 2239 7313 14754 8389 20492 22351 12966 24798 21638 6859 16403
10369 3184 1960 4167 1592 3656 23887 5866 3305 11905 12349 336 24278 985 1442 9211 3354 23007 22577 9480
28546 1097 10754 3248 26955 15073 10089 11494 26360 29586 26723 2361 11392 11421 18664 27193 29044 25509 12878 29529
26749 14549 26246 14077 25973 7805 18293 6725 20557 20509 22653 22095 20244 5890 14763 11167 26245 21545 21878 6259
981 4984 20492 22926 10604 17203 16209 17319 17741 26901 3106 2694 21984 2025 21682 15259 25888 11282 10156 29614
18580 1926 16192 25373 19335 5509 13370 13102 4431 3255 18030 3276 27568 11571 28241 1065 18608 572 28580 7260
11294 1246 21698 4580 21968 5421 4902 20374 3061 15767 25817 28923 22908 8498 10534 23374 4347 14556 16185 17496
1299 11599 10975 20611 6062 13076 9661 16006 26395 20736 190 10954 29034 14121 5557 19702 26200 3285 24318 28980
22670 21522 21667 11408 46 11975 13264 5133 23597 29365 20784 24572 21750 8089 2221 10051 25813 22204 24382 21424
19285 25883 2894 15868 7574 28429 6365 7869 2044 12754 66 20533 23959 4825 2698 4837 22456 22411 27010 17429
6373 12130 11659 22533 19571 8247 18802 797 16088 25005 5401 16655 26268 2692 28094 17394 13007 18020 6864 20973
16815 10982 287 3327 29801 18133 23069 28941 17709 3657 1340 14055 10241 1863 28894 13737 25508 24639 4819 4962
3487 21700 26963 18274 28541 10733 17625 28722 60 21703 29917 13484 17056 17104 21359 12508 13848 19200 6901 7284
16352 29078 13416 18348 13043 11210 24308 3449 11252 27601 18190 22579 14481 4979 27648 3293 6054 17027 23217 9883
16240 12920 19463 6773 21868 3506 1970 22905 15645 14731 18441 23733 22040 19757 19151 1374 20252 5605 22218 14179
15434 22807 17354 6567 24060 6753 2438 4682 28462 2664 14955 10232 28234 19192 3322 18541 1343 5743 17779 5724
1911 14101 1257 22731 27547 20186 9760 21981 7579 4644 4670 20137 20742 7419 24382 25442 11027 12325 5524 9584
25055 29325 9311 26884 13662 29920 9582 10247 17414 6205 448 19943 24722 5792 20723 12344 21326 22014 9923 5638
7106 13342 25024 13821 22620 27086 1163 25300 26822 5652 6348 3802 2971 3115 19774 25687 23293 19726 28176 25528
3497 17370 8749 8483 17485 2632 13274 16244 17353 11815 10931 10290 22090 23415 2161 7427 6889 29364 29818 11675
68 724 2819 16037 5511 19054 13141 23914 4109 22837 19930 26705 3988 27389 16054 20426 26058 6682 345 29244
29253 6528 27262 23054 28303 17429 3807 28215 2701 5119 12626 17080 5583 24306 8705 29822 8664 5142 22674 6574
13616 3220 5335 14733 26469 23486 4970 27975 19682 26110 18402 2519 1326 6274 3508 7442 17845 22776 11462 4481
21560 4441 25435 8081 20522 15328 8202 3961 27733 8088 21316 5606 27288 16636 18321 14785 19930 19024 15930 28787
15655 12546 13059 18445 22823 25770 23210 5444 24889 22179 1461 960 3369 25907 20238 7822 16371 15547 13569 24926
12258 20368 16109 7642 19101 2179 12289 12805 18895 22911 4527 21543 19335 11075 6472 1455 28323 10050 18007 13359
14505 8429 22207 25867 449 26956 13779 21236 22291 28995 28311 13370 5837 20948 881 28265 19843 5658 23727 26245
17010 6043 28872 9726 13061 531 6593 13283 12544 13262 27747 6198 13757 6254 7294 2465 21438 22477 23448 22328
13062 17404 10938 6258 4410 9373 1152 4184 21119 6679 15298 9101 11718 2031 29996 21126 10552 8916 10770 10036
18332 25709 10919 29434 13783 21425 29177 15329 27999 27999 15626 24946 12180 5331 11628 21146 12208 25810 28531 11877
23758 21048 12199 23380 20340 15861 19339 15786 18337 13354 8808 764 8058 26541 22874 9562 1205 17995 4529 2612
7401 16976 2540 8755 19287 10412 6396 23797 20583 21731 26553 9817 5099 29528 29225 6992 19813 28413 23867 13292
8387 19889 14338 9226 3358 21823 25120 10680 25117 2428 4958 8413 17080 5357 23102 22760 27637 11346 29466 16433
9852 27645 22765 1089 23341 3775 17428 17093 23502 275 23224 14435 25319 14733 2841 7419 9870 5746 6765 19894
8595 12495 18374 21923 12561 12316 12778 5944 27892 2490 13501 2536 26307 2497 16938 29328 11319 21463 22682 7241
19799 10266 6216 12663 22835 21095 8857 5308 18480 8497 17628 12868 2463 12957 12297 18079 25439 17458 2841 29610
3621 1002 26619 22357 15928 25495 27530 20031 22551 24249 25071 28422 26695 18222 9285 11014 14137 11881 3264 3331
14382 3444 5128 13245 13681 20809 27344 6995 23051 6703 12791 22266 29751 5794 13532 12214 15933 7513 6518 17357
19282 12557 24866 28456 15534 11307 7203 10899 11829 2868 19095 16602 18842 3571 8185 29943 2523 14120 20585 15779
27000 558 22860 8164 13275 26863 19342 15618 10109 21350 14939 19059 5156 22458 5089 2831 11032 24850 23442 5315
6002 13508 21398 28213 14055 29758 27096 26803 3410 14090 15768 8926 26168 9392 13575 15112 11729 5562 29295 15532
23142 2088 24776 24920 20023 3505 18304 18538 25290 28203 14450 560 28205 9453 12146 22336 8563 19184 1506 9707
7925 2396 737 4207 1629 11926 25543 2713 1186 10895 8341 28656 17009 7726 23758 4400 15747 27495 20795 4787
643 9083 2225 1908 14020 15541 28937 9925 12423 15165 23690 21042 12951 24902 18808 17987 28668 10125 5530 23780
22880 10713 18954 27240 12686 16061 6221 12269 3483 27223 7022 8307 18056 3801 24591 15904 22653 1521 10375 12482
3216 19489 18010 23721 10306 1273 17675 18207 17552 16370 26046 14211 6015 24313 15997 14111 1816 17649 8245 7869
13727 4470 3433 2629 19861 13739 11617 12944 100 24135 16478 27239 3079 10201 5660 17018 24523 2250 18311 22181
18336 10513 9219 25622 21378 19406 24040 9773 24541 10216 5449 12243 6071 327 16884 9014 2739 12703 21721 12551
13509 23628 27945 10994 7622 10996 25176 27050 9272 29229 3264 21489 13410 29003 23736 17879 24910 28248 5497 1119
8924 12917 6478 29815 22624 3981 6850 24850 1459 14377 26406 4645 28348 6760 4144 6874 24907 8195 15431 26532
2458 11091 26964 15600 14106 11704 1187 23560 22649 13340 22695 20581 24471 1203 21580 22208 21912 11456 10940 11777
11361 15013 3035 5802 25882 1619 14713 6990 14953 16324 8140 17744 27250 15308 9095 27719 26328 23551 16989 25825
6913 4309 20744 2550 10285 1083 14431 8908 2252 22252 740 24850 20603 25897 5184 243 29566 2805 20508 8448
23853 22582 1502 8652 8356 1525 28305 14477 12291 29405 4155 2720 5101 15624 3891 13560 18523 29521 15869 26611
22527 19826 2093 26232 12852 27864 26661 22324 20060 21649 27869 15186 23904 26090 1098 1858 9565 5580 20271 2876
7320 9958 21521 13214 8123 7376 29344 21695 3211 26986 585 23878 2720 7682 4422 13821 29729 9448 2771 9765
29208 24481 24256 12138 1910 18061 2171 18050 14601 1115 26654 5537 22287 29234 8264 16808 7869 19651 1098 18843
21849 25114 7376 15751 19053 628 3781 28252 29579 12416 15138 25043 19579 15629 4622 28638 16545 25424 17981 25419
18166 4967 5196 11833 4173 19658 9559 28355 17346 17233 25272 27995 21638 10298 812 4446 746 18109 13030 1746
3494 7463 11462 11637 1173 15062 24448 16027 17696 13461 27224 4486 26701 21453 22187 2392 21191 2535 11821 5290
249 29331 22326 6750 16090 3948 5103 3504 17322 12805 3855 25052 17722 13165 5774 17181 10244 20484 26606 15579
12744 14272 20405 19251 12430 23966 19780 20937 7350 12568 24635 12383 19405 26437 25148 11071 21825 6367 21928 1358
6753 23061 24172 21912 11494 3453 24516 3482 19179 11991 23737 14515 25872 21713 15332 17263 17884 13127 21510 21840
13106 25258 3810 16673 28676 13896 18140 3161 15580 26249 24389 9314 21335 6208 18344 29235 4837 28204 3250 26007
12626 6065 28744 10838 28530 2395 21475 13260 8047 2 14419 5707 25587 14773 17716 1925 19568 20730 5461 15349
17522 5765 19058 8206 8273 17475 9565 2575 20387 5585 19780 10326 28754 1382 23784 18336 231 1469 15245 2013
24709 23821 8791 9682 6349 21441 6441 23412 16375 11249 6631 6600 25759 20500 17341 1882 17544 10970 614 18491
17332 9049 28993 20773 1601 24520 11413 10999 4782 17197 28388 19642 18408 23774 6192 14898 3330 22448 13631 22949
4193 4354 18250 19553 23209 28375 5893 3148 14912 2958 29328 6660 20623 27280 5123 5715 22749 29401 7237 14533
8769 26881 17139 15567 8538 10759 12204 24697 3354 15520 25077 3960 19771 29580 8377 9323 25092 20173 28103 28952
4446 5295 17612 23525 13187 22223 8265 7387 14927 23637 893 15105 12235 8591 27489 13886 9337 24797 12618 150
18905 22861 4370 20590 13482 23238 14549 17543 2197 23046 26102 8777 8254 9636 85 24024 19996 24742 966 24573
28745 2808 2766 26913 10501 23365 29493 4075 29364 23497 26787 18800 2195 25737 22199 20972 6606 26450 12679 2222
1424 13014 6582 28236 14228 24547 22125 11004 29753 27878 24711 28671 4919 21522 1932 21831 10416 17563 9747 3860
5315 24225 27432 12428 3771 22891 7373 11205 4112 23320 13856 3190 21162 25832 27057 19271 2692 1806 3350 21334
20445 8993 1912 17732 12684 28331 8605 13778 24959 28181 19760 24685 24282 23946 21027 14897 25488 5808 2916 17098
2339 11615 13569 18063 19670 8229 3215 2304 1561 17821 3904 26453 12405 16365 19694 14010 3624 1464 8715 25995
4228 27135 9675 2815 10503 16195 28582 16414 591 11817 2932 17661 16259 94 26308 19389 16513 24436 21438 9134
7790 14379 26748 13592 23111 19278 24383 15931 26976 17644 17407 3734 10187 15372 26999 24104 7920 29323 1944 1619
11204 22152 11245 8209 27166 4548 2105 14832 11942 3856 11022 17032 11427 227 12149 6638 25081 24808 22821 3869
8575 2067 23842 11332 6111 5299 22499 16812 1813 25156 13942 19691 19958 29488 20865 9151 8954 23063 5976 4806
12142 6875 16301 12053 15960 14887 10754 848 29672 21911 25655 18835 23034 7389 4245 23496 5267 3733 19960 13729
21976 12226 17299 1052 18216 25016 8617 25317 22507 22786 17084 9607 1079 12084 17202 17089 4299 2675 1416 9304
2621 10892 29394 3500 1503 29490 5992 15105 12510 20267 18707 3979 15482 8173 16049 769 25265 10868 10568 9055
5885 5470 11926 25297 29137 19121 17772 3740 4891 28344 14815 28765 27574 25031 19229 24053 5722 14209 25239 12722
17502 22226 21272 7197 29399 405 16492 4102 3332 11344 13315 26548 11720 11421 23881 18515 14141 14103 22883 8422
9348 3254 11722 10525 14475 25391 14194 8860 8079 23569 10696 17697 29424 841 3260 17880 8914 10327 700 16827
2538 16610 21394 27611 5330 24727 8027 9191 17464 8563 13176 26500 19539 23815 15683 14964 10168 8621 18812 23731
26088 11819 29111 19172 10061 16324 19384 6891 19464 26431 25360 11869 20995 28517 11401 28859 11559 118 19971 3178
28088 2500 700 29488 7504 23249 25906 6438 12802 29190 15733 8175 21621 4575 26396 9679 23869 20900 7204 12131
26639 18928 6600 7912 13053 13557 11406 11738 19505 1835 5659 272 3744 3263 6029 5245 224 27497 18341 9907
17753 26653 1080 22519 27939 3912 10923 15941 28741 2505 29311 21632 29095 24364 278 9691 7753 13854 8533 21870
10765 27159 5544 9467 17703 26192 12289 4078 5270 7859 20166 25845 26299 6113 11115 23582 855 26445 12592 4327
23385 25116 1699 10215 16357 18265 3438 1575 1342 8880 11447 10465 5330 2879 24874 20609 13225 20850 24706 5682
19615 13861 3106 24415 25444 13772 8424 6693 17143 6208 4007 12110 17760 7503 9223 14828 25275 20403 3247 454
3835 2292 1989 10458 2321 16827 13089 13283 14524 11863 8847 8888 3255 3268 18764 28576 27820 24845 19087 27285
2296 4805 10802 163 26141 18611 25262 11787 13590 16640 26723 20312 28150 22630 6469 8251 2604 21592 8811 20469
3684 8619 25820 20153 11136 21725 26490 21770 28766 28479 15770 530 21345 1394 19295 3001 25159 5220 19606 25647
1141 28608 23658 11008 1508 26407 18262 386 21584 22286 14036 13423 14614 9549 11062 7078 10986 7885 27448 10057
26992 25246 6687 7428 28644 1012 3434 10278 23385 18678 18497 14347 28252 16031 15390 13086 19420 25796 7775 13473
3459 8789 22737 11775 18768 17018 1730 26776 23746 1270 2095 21583 26177 6022 17157 18452 2055 19306 11301 20153
4825 16402 8878 19351 15999 13203 18238 5181 3675 20085 14036 6816 10499 29216 1538 25273 18404 23987 25533 19666
21041 19852 17570 3320 24665 24582 15464 15408 24057 27539 24808 18525 24498 12458 14042 6205 12579 29461 11413 13105
4868 14925 2549 28387 15153 18594 16116 17707 12376 10144 25528 2480 27437 5650 6149 13542 7909 4866 663 22123
12422 20404 9052 2178 16115 21740 23239 19737 18301 20318 13274 11137 6928 15400 26364 18510 10393 14127 4484 12965
2148 9093 12462 5957 28807 10355 10141 20041 10157 7773 17091 25768 5854 19614 25926 18569 24346 17951 11382 18506
21108 10099 6042 6973 25878 3405 234 17832 23972 15014 21866 22736 13127 575 19376 11172 10364 4925 25669 360
13918 19927 7547 13647 22995 6276 14416 16625 26093 20596 23320 24889 2020 16792 17090 24559 22102 19429 26136 9177
6512 20943 4141 8680 15829 21115 29478 12918 8453 26944 29880 15234 15112 6200 2150 9712 26101 2789 4112 10431
28316 29338 24761 7189 29244 16471 3900 27062 3325 24166 628 20413 12775 9566 24586 21378 9648 24941 6654 26289
1130 438 3397 8359 29449 13882 14162 298 9718 14418 6954 19939 11960 3524 17027 2773 12481 21663 9762 22902
1522 27544 11993 15761 14850 3542 21981 5691 19564 12643 28466 28183 17405 15564 8389 19033 823 12975 23497 26873
12047 8616 14322 3452 23414 19289 5593 5332 8506 19511 10473 22991 807 3422 22759 8442 3495 12188 26610 17085
1209 3535 6768 853 2337 21679 16394 25559 23925 21361 28307 27545 18440 21918 9079 13587 12231 704 21318 1769
10327 13244 4463 15803 26548 29354 19178 5168 13904 23230 21437 12056 7637 15330 19818 16218 14257 6539 3582 11554
1821 17626 26513 14477 16145 23377 17552 21636 16922 26418 14135 21797 9388 29960 21989 10898 16443 24671 1556 27521
218 2335 27534 10616 4732 11089 13921 12585 8312 19849 2214 1179 9891 6127 18503 11526 1264 4738 2378 28081
3554 11098 10158 23002 626 23199 17132 344 24678 19531 14618 892 9084 1260 11019 19321 37 13982 13202 1925
9499 9625 26383 21248 20851 22941 22232 25316 655 15017 28664 29205 20640 15913 29614 12105 18948 11639 10581 1897
18630 19609 13038 4642 26823 17843 25708 20889 9760 11329 3219 1384 2392 7397 26756 6849 4065 28510 24934 3625
21487 25732 28299 8829 4142 22623 26530 23716 1192 19027 8834 11856 21588 6653 3675 11820 23927 23886 2814 22447
2840 16088 7033 72 15611 20703 27715 29437 696 28331 16300 17364 29367 24575 8529 4161 2213 3961 2636 25325
22393 582 18358 27952 28356 20449 28606 29715 17364 27932 21279 13340 21174 1179 8925 7413 26275 24055 26911 5937
15870 26645 13606 11106 22942 5481 5638 25162 14012 25672 10452 440 27541 5589 22662 23377 9705 27826 11201 7691
22896 20300 2221 15499 27661 10373 25655 8821 20718 12011 15442 8501 28564 17323 18112 20077 15446 143 5639 23471
6179 29538 4188 25931 23479 13841 12733 25991 3496 26554 10900 1754 27196 4355 4184 3047 17733 16086 24667 19398
3625 18554 26363 1944 6007 29936 927 872 18428 21407 17228 19535 20584 18524 25878 23627 16575 8163 12173 12768
13005 11674 17185 8073 16148 6105 9687 25562 19146 23930 18836 42 17800 19973 21604 26890 2075 7256 4873 19369
29678 19853 23799 13706 11263 21411 933 15745 19353 24847 26864 5186 18061 4509 17548 25184 10510 2421 16951 14426
29887 6831 9145 26923 25271 2359 21259 23860 5657 12351 23658 12424 22162 20956 8138 1423 13415 10271 29900 5344
19514 18608 11275 19600 3688 13844 19649 28689 10492 8204 14540 597 23264 5456 23081 9146 13834 10205 3988 6903
7188 4983 1352 4126 2709 28258 24695 20219 14990 25093 27946 11873 3027 24534 29817 91 23482 14858 17688 8043
26562 24556 17263 18005 25526 12199 4162 14417 992 26823 14525 11221 843 22364 824 4807 2854 4953 11141 20941
27775 5945 18557 17020 7892 9794 5640 9617 13298 13059 12904 28075 6804 3281 22974 26683 16989 12645 14349 13586
18558 4033 11559 6570 21852 303 29240 447 1499 9799 8754 21927 12343 12004 8303 21457 20601 21356 9314 8212
28676 15525 8704 16388 26211 9076 19006 23125 2054 13205 22139 20691 7060 14500 20017 12042 22231 2269 24384 28956
24857 15287 4695 2128 6466 9061 26895 8746 28269 15994 15988 8236 14830 4665 8562 5385 21230 10798 7127 28718
28943 29183 22988 5858 5894 28683 13576 14102 7236 24174 27148 24956 17514 18486 19228 19335 2493 24058 6281 16560
19246 14667 25182 7329 20547 9210 12379 4863 16925 24614 2836 12227 10549 3104 4494 11324 2690 28589 15747 358
8910 14354 9017 16923 3120 25505 11582 29801 17663 25389 16746 20203 5586 11315 8496 3182 11187 8161 26806 21715
2580 21064 7743 25605 29391 16236 13029 29460 28844 22368 15286 11757 4665 2161 13647 23625 8948 24088 8135 4415
17271 2543 12760 29184 1986 17731 23807 9264 13566 2988 19361 27814 10523 13280 14172 26814 21367 27531 23777 14757
17196 23206 1950 27592 20963 18145 24339 26638 29428 4682 7097 12412 25032 11335 13940 29023 20911 18299 28143 10684
27777 19849 27894 1247 2392 5436 26265 6718 5596 24382 246 28636 27352 2705 23616 1344 13067 13119 8140 17902
27645 4325 4627 6600 12441 14327 28099 22917 11552 14934 10836 12931 23750 2984 7610 3186 18802 15243 2666 24624
4914 27796 19762 28759 24632 10569 2497 350 4197 28649 2329 18830 5236 23833 12138 26902 20365 12240 7159 16337
14918 1194 11832 15058 9367 4333 4396 8946 5618 5554 26268 27531 11825 4835 8165 3419 8048 16296 12202 4685
9978 25249 27280 2331 5464 9168 12322 21600 12462 146 28412 5987 24012 16288 19825 13627 3235 19592 26556 5429
2692 21238 23895 7530 28338 11060 9436 2464 9628 11724 5330 23084 12460 28581 3052 22799 12292 3096 29240 5731
27873 6553 14442 22455 17175 17722 4709 10225 14595 15188 26579 29525 3760 17452 8844 22151 26909 1159 14704 15142
5401 13449 25952 4401 14051 2634 14414 24454 9652 19976 2253 21326 15200 17256 8604 15799 5733 13858 3628 976
10749 388 1223 22624 17332 24183 17960 9084 27542 17908 20276 8669 443 1744 3757 5477 2993
2557
28228 9927 11509 15693 17760 11146 26798 13128 28472 2289 561 16173 18511 27602 21849 8040 13768 21368 6363 14785
19458 25182 21076 23261 2751 7861 28880 1973 16611 25956 3607 18893 26631 8905 13612 26484 5087 6282 12872 10499
29428 27359 10161 13253 16118 2408 20547 4692 10687 6573 9479 16596 20776 13418 21513 10307 28399 17775 17812 1674
229 25313 386 18399 18046 569 14799 19403 8897 7693 17600 20044 1781 24503 24470 4508 3062 6357 23288 12569
1493 18414 25799 27408 18719 28066 20445 28340 9374 27050 12919 22079 15745 16668 24905 8738 10791 2088 2065 7233
28405 9621 989 320 14272 26403 13682 16375 20599 6085 12616 7874 404 10434 6798 13994 20619 20775 17588 1240
7616 8179 7442 239 7685 20273 29632 4531 12842 16575 6568 23194 28200 28930 4550 10217 18957 1105 17172 28489
12079 11650 14604 72 10623 21146 24349 6785 6400 11231 15161 23555 14383 6893 18514 18794 21707 22028 19414 21818
27093 4367 23134 19250 26882 11215 1203 15789 17235 7416 26994 14532 13874 24920 28221 12511 25777 25255 6135 6573
172 15137 29741 11454 26203 23430 7096 17928 21540 25287 20833 23317 8195 9431 18565 19875 1407 18756 15426 14518
26362 7982 27514 9437 7396 9911 12487 27700 24667 27134 25954 16048 16839 4107 11353 8106 45 14654 16541 29475
26862 6349 9530 17935 446 12040 16151 24037 26612 28628 19452 7672 6780 18058 7215 17325 18712 19572 10694 23860
4867 5259 18590 10975 3690 27913 14624 14708 8858 22464 4614 15754 23124 11953 13443 2690 14843 27157 14189 27459
2482 1324 6542 2849 5767 18630 10750 5420 11561 13538 7704 15419 29642 15380 2492 26952 5850 27088 10696 8039
5695 868 7146 2267 1421 18739 17048 5461 2463 10717 25915 8622 3376 13605 2427 22162 21916 24737 17028 10486
10950 15071 3872 10824 29415 12831 16706 6859 2932 29630 9059 20978 3689 18081 7006 91 14581 6419 25147 21572
20450 10737 2999 11874 21141 6175 26624 7622 26825 15089 21302 28560 26776 21288 26028 11138 13412 22673 13155 2280
17009 8720 28165 12101 8909 691 6793 987 25862 6478 28557 2868 29414 13689 3655 23791 18088 22203 22458 4560
23136 779 17796 4399 3895 7207 3637 28238 23399 16121 10056 7507 26969 11353 26402 624 15923 13932 5389 14795
7514 145 8356 15046 5688 23208 26626 6322 15376 8143 4709 15320 27563 477 2623 12806 8712 2332 9286 10000
5471 939 24203 29990 4710 26184 23216 12600 23153 11721 14411 28809 5446 21127 9215 5899 12047 7627 17105 16866
26211 19374 7060 2026 27304 11420 23037 18832 2936 19920 4974 28302 19186 11751 1690 4671 28112 27794 1786 10789
3144 1521 2371 1270 15581 11128 16384 17425 20172 6681 28009 8977 14802 28889 29335 26795 24665 14977 17673 24777
21777 7451 27502 11098 14467 28846 11181 24220 24005 20913 22130 8924 8077 14927 3412 23859 4998 13815 13231 5949
4368 23353 18958 5707 11711 17630 14805 25752 22727 18784 29730 13297 20395 12880 15920 4419 7394 21001 19975 28283
18685 14904 24960 6082 11905 29094 20631 5647 2818 4336 26145 1863 2646 21533 9366 28147 8476 16361 27863 10819
19275 9844 10321 28435 4893 15233 6635 592 1108 14553 4460 19954 23496 24204 4520 25967 2849 6998 15461 29587
25083 5418 8915 24801 28627 12460 25467 26467 14527 27172 9379 17795 26434 3902 12462 26627 8999 6377 1183 18310
19220 15151 22569 26804 1412 16938 25427 28068 8912 18541 21695 12263 5845 20240 23368 19710 16281 10144 8799 2164
11645 4177 17123 24995 17228 17949 27375 7122 28769 3879 28796 10065 4128 13592 26640 3712 4989 6467 9678 25890
9725 13674 18746 16515 26492 7113 18888 1450 9564 20839 14679 24424 671 15216 6332 12679 11500 5957 6435 10333
15649 20303 6163 12493 26596 23212 15792 19939 10625 13342 3474 3220 23820 20543 6054 2251 27995 24214 19078 20140
20253 19137 28363 8022 20126 11462 10983 27204 28247 1479 5540 2299 9932 12074 13481 28126 1275 9162 17809 15048
23119 750 13954 3490 12527 11252 27871 20559 27544 28911 14225 8290 28973 22497 15279 14482 1210 6798 6055 1933
28531 16554 16319 26739 20362 11500 18172 15666 24660 12465 9634 24701 11168 22263 18564 22374 21101 28653 27147 13670
2683 17384 854 21292 5684 7735 355 29729 13067 23900 16313 20408 13105 27484 7420 12777 4292 8759 22759 722
17167 10134 3919 9572 26209 15418 26619 270 17957 28842 1673 3854 23356 24331 29785 26282 15339 3970 21679 17497
22800 13468 11620 17895 6613 6173 6967 11882 19226 21283 5001 18922 23322 3037 8931 8703 8418 25518 8048 24151
11874 3264 29776 3764 6612 25461 9054 25689 22723 24811 18068 5144 30 18606 24408 4848 9429 29826 1746 24343
5833 20809 21998 20547 4544 7819 4541 375 2152 10350 27688 19017 25852 17285 27702 19213 21349 27837 8841 10607
933 14852 19579 21797 435 25738 28550 18474 12063 19110 28999 449 3803 24726 22284 9721 4778 7537 22031 10128
14608 367 6183 4156 28253 22469 15465 5922 26587 17598 13986 4013 7437 598 5635 8356 21833 24597 26138 9473
1736 29400 1860 28287 24824 26030 22971 28794 8083 21744 16342 2494 21908 22351 20385 27391 25935 6752 14613 3867
28766 17330 4840 1042 19848 3888 11205 17283 10748 3942 2131 11668 26673 8188 22901 2692 20571 28325 15097 12387
4659 3078 498 16689 3845 28212 20805 8913 7866 12165 2568 706 28399 29929 19333 14706 4334 10675 16335 6357
2822 25396 15228 27047 6112 19706 29621 11622 9609 2580 10364 8836 11725 27391 25059 15913 18110 29640 24147 22434
17067 11755 1761 795 4086 11741 14983 8851 26544 8685 21305 368 718 8639 26543 22780 29727 6974 9644 3619
29739 5086 6390 11305 6726 23021 20848 19282 3380 25409 21763 18044 2402 14292 2239 3088 28992 22060 17673 832
27669 6159 15281 16845 12656 4736 29383 26717 1400 17780 237 14375 29052 28601 10455 19126 27537 27670 20388 26954
28321 27972 29695 2172 10324 1840 23263 16466 14507 6047 28901 21081 27228 28308 20742 18847 198 7530 23395 29931
16681 25182 28551 21641 23905 1702 13965 1237 16128 28703 15956 26767 13609 8730 21989 13043 9063 13672 7936 22690
2427 14710 13584 24498 21773 19406 3395 8158 29502 18559 23078 14329 15926 3693 10537 6494 4400 17410 22346 12742
23478 27329 3072 14717 8959 12600 21326 14085 23679 15860 13203 11066 11145 13301 19550 26366 5189 13917 11320 20147
29954 5614 530 10941 11416 17524 4485 24446 1266 16162 18312 25048 1581 166 7894 6104 3397 11828 12152 7119
13098 20754 24086 27673 8993 19028 18390 7472 19348 15227 22278 26616 19717 26137 14079 11099 16834 10215 14707 22444
2099 29547 13874 1810 13287 24986 20349 9007 14404 16715 20020 16299 18967 26999 4915 13743 19117 17827 27082 21328
23602 18358 12650 6071 25937 29775 5315 5939 14475 27537 19540 2150 2183 9982 16005 11467 13849 24132 7695 28797
28100 13012 3457 19164 7732 952 18218 9576 19155 14405 7587 19503 18578 27504 13576 5023 19040 27791 29021 3997
29693 22493 21166 16914 27642 19341 27614 5068 4753 25613 29201 16419 25878 4543 1776 20319 1527 10317 602 18432
9404 20918 29276 24244 29253 23251 29062 16088 10081 18170 29654 24843 22958 6216 3668 2184 11197 18100 7321 21179
20526 24331 11343 20877 1737 6090 27195 20943 15396 13160 29125 5352 22918 18944 16231 28019 7085 28332 13240 1651
1602 17565 14717 9234 4560 826 1995 25253 13790 23784 18447 26981 23601 19414 16009 18285 27807 13583 12687 6905
16544 11120 19760 16222 12012 3061 1702 6307 13982 27648 24892 26238 24194 26074 16184 4370 22267 24287 22300 26153
18397 26905 8070 136 18161 7962 15196 24797 28951 16929 513 7366 1115 14009 6122 7 9037 13020 19814 26764
5762 801 5508 1407 9981 26965 20559 28141 5727 1849 17383 19410 23046 20269 14902 19489 19770 26685 4697 13777
29289 12012 23508 4479 444 49 6867 27988 5621 16581 4157 18087 25920 10590 13754 20759 10422 8145 10006 5747
7163 22380 1740 28576 29379 28817 23543 26208 17055 10458 13559 18206 15576 26878 4846 14527 4977 19647 15489 14058
5604 408 566 26900 23239 23168 25808 29957 15439 8770 5628 20567 17914 4840 9448 9637 15168 1873 5326 7387
7504 10281 9082 1943 20597 1571 9762 12723 12317 10644 1164 7494 8425 8177 25119 398 17305 14774 282 7944
5030 742 24637 10748 166 18940 12390 18905 51 19634 24666 28976 9889 7483 5107 14870 4606 13329 16465 24801
5121 5250 6322 1353 29578 25564 17334 2046 4853 3966 9695 14025 24573 5479 21550 19376 16453 29579 18742 17252
11540 23160 2741 21657 23633 28142 26941 10009 11688 22281 17687 21407 20245 427 4432 29009 28200 6601 14456 14970
18160 24193 12775 5331 24162 15729 3894 16140 8249 23071 3817 23327 9766 13498 20983 8112 280 10803 28141 17600
28485 9200 4575 19305 17820 10519 13187 24086 28151 2749 16214 6731 17921 14181 4659 19901 23374 9153 17898 23924
20973 8140 10351 12137 16300 12702 16584 23064 2879 16418 25286 9089 17968 4625 7668 19448 14172 26389 14719 11591
1213 27520 20716 10866 21369 13731 22678 21568 17088 11167 8525 13435 22372 724 11862 22292 23987 10167 8527 21911
4241 1357 2450 26039 29461 20711 8981 25289 12255 439 13231 16259 17662 21309 24808 18106 19838 538 6449 25591
29014 21495 9543 15679 27636 19627 29480 24823 15964 5340 14719 17226 22888 16830 1651 15739 23784 11615 5009 14068
29294 6507 17597 9656 24108 15214 6794 3275 14305 5084 17093 18802 29836 4778 14937 29060 4582 14726 21015 24795
29458 14482 16212 17867 19922 22082 16372 3766 20603 120 20951 14137 8379 7066 18606 10384 2074 14985 12261 21562
10511 9623 16884 14687 29878 23363 17748 309 7674 9829 21287 5831 11925 11725 5062 19364 20989 13266 17328 6383
5622 3031 18740 21033 26577 24828 8087 6344 5843 18665 13964 14740 7238 27358 26775 3209 21902 3668 4480 25423
23614 23594 14997 23445 6161 9870 1481 7172 21295 1838 16022 29454 4647 14407 3385 8013 13417 376 27066 23220
27951 7002 196 22381 13623 68 23407 20513 18536 608 27661 5468 6597 23416 3314 4520 13354 11385 28461 14047
20879 6409 11484 17872 24785 18389 26091 18132 12460 20555 6545 5621 13000 19069 16502 17925 2546 1018 1315 6047
3221 10484 2511 18784 28220 2489 2050 26672 479 24194 16636 26804 25220 18215 604 26053 24330 28947 11560 10784
19745 27599 2604 9123 10824 16028 10599 3382 589 22626 22371 4310 1618 8263 29589 26519 11802 23861 5570 18292
20466 24402 18974 13390 19109 8379 26988 25013 13898 4449 2906 21650 13330 20880 6516 19920 20097 12677 7001 11094
29530 29358 25628 9346 18930 18990 1970 8740 13813 7718 6822 27273 4189 28947 26972 8544 26551 20831 17349 5083
1420 8956 6084 6267 12426 3538 16810 14808 11559 12831 9460 6710 20688 2864 26075 2096 24723 20940 19642 23175
7414 27387 1136 17340 7026 11948 3126 1134 7078 22014 22259 6879 21082 27598 27261 18358 8661 27061 18942 11401
910 16616 3031 19742 11845 20403 8416 20158 24009 13934 9713 22798 7267 23705 17155 8642 28937 678 20041 15003
26569 27126 17484 10 19126 6602 15314 29992 1332 1426 2415 8494 246 8092 11442 11487 28186 25063 4706 28010
17603 24314 18322 27259 10399 3957 7189 1854 29742 27255 16049 18184 1001 10274 6089 19054 23965 6598 16646 18667
10873 16940 10513 23642 5201 4768 16180 23644 8877 3147 27442 18415 27788 21933 23168 28481 3393 16591 4957 5068
21618 25935 24673 21976 3272 27357 22258 15281 12967 11626 22048 24422 21728 28285 10852 1582 11468 6814 8523 7547
21762 23093 9323 2852 15820 908 7669 3181 9339 7405 8613 21919 24595 28916 19435 23075 19016 12267 28318 4088
14621 20853 25806 630 3895 3573 20375 12249 22469 21334 25825 2214 13668 21151 19539 10941 1082 13587 5699 3142
21930 284 8942 9960 27730 5329 15932 10383 25243 7741 14340 24631 25271 27106 14453 18637 16259 21891 22297 14523
26531 14680 15315 7914 7904 3000 8606 4542 15964 10205 21894 4241 15672 26381 22206 96 13605 5557 27686 26807
19808 2607 152 11783 29076 11822 22935 25941 29375 24332 24721 16820 1508 10666 28217 22412 22496 7953 25645 17750
23383 28096 792 10156 17094 23923 6980 11853 27050 6752 19544 25015 577 20987 28365 21286 17619 14987 25255 27732
10568 29795 2348 15905 21037 26586 23867 11159 5687 11772 25522 23565 15307 15161 4821 29673 4740 26741 22865 12234
15912 18572 3531 19985 22489 1431 22197 22172 2976 3366 11603 11946 9506 17346 27818 2082 28126 2851 407 3794
6342 18 765 23363 24266 13924 22462 14978 9428 23164 7222 24161 15630 12280 15674 23658 11270 16102 9080 28507
12089 29391 23527 21589 23749 11583 2814 27989 5302 15466 25749 24921 1516 15197 7428 4057 27844 28769 4905 22463
10331 406 5110 27010 3050 17376 5576 5143 889 27848 17395 10447 23398 24705 24743 26178 10249 29977 25752 15020
16772 5932 23810 22433 26719 11671 3983 12054 9584 9662 783 27389 12351 578 19617 2052 2929 13233 12167 22560
24261 21739 11236 6167 622 18701 1443 11873 21586 16420 12371 10988 11689 24336 29186 13691 18218 20876 29176 16279
904 5384 1366 6159 23273 6423 11808 14112 22676 7571 10820 23555 4663 28475 6398 3548 22154 14326 24004 4557
1693 21843 19700 10950 12338 19058 27870 21947 24459 4032 24503 14570 19477 20403 13492 27776 29232 12692 25612 24998
7844 19126 25290 9392 21310 16671 9684 16759 19941 20201 6279 4716 64 17624 19218 26987 12484 621 10082 5748
9156 5854 15505 10677 5159 15107 20171 28844 28420 21569 3952 19196 15529 15928 12444 11758 11761 11608 20339 3848
6839 19798 5193 25508 23945 26516 11272 28911 20249 10190 13936 23436 1298 11357 1071 6904 24410 28085 12110 17069
28989 25302 11768 27905 9969 25179 2373 8162 13610 6339 10881 13634 26042 26715 28737 1353 9905 363 11704 12737
13182 18145 25346 1650 6247 23457 7825 16414 27509 10144 17501 1862 16227 2646 9810 12553 29514 13095 10173 8804
7439 11834 22244 19507 23951 22574 7116 5318 2323 15881 12800 1125 28056 29955 21081 12198 13041 10621 9050 11392
7684 9304 4577 7516 23351 2139 25835 9953 13996 26870 8487 20227 4254 6736 15987 8405 10249 19506 29051 29743
25674 20638 18768 14013 27227 7509 12618 24756 20613 19686 5046 18512 17892 3444 13725 19422 8368 6169 25812 16803
13704 2925 13148 11353 13507 4833 1203 197 26742 20407 1241 29959 15739 386 24239 16108 3571 17791 22066 25194
5708 24715 14332 12203 9162 22568 7920 14009 8017 22231 28518 7829 15698 14543 13981 29070 14161 12203 8397 23434
15922 3446 7128 24108 14354 25633 15151 14596 16310 4198 21951 5191 9123 12369 560 4761 27701 24033 7327 11420
25551 24213 7751 10280 12182 10612 11676 18155 4623 24108 9085 1155 25783 5948 19840 15152 22341 12430 2521 6807
8603 22611 29355 17243 6302 29385 27665 13722 6711 14750 22747 11673 15324 25208 17295 9941 6301 26096 2663 11161
19724 21286 12667 8559 17977 20997 9731 20132 13028 19660 24411 16794 28874 19264 19518 25690 24239 888 17403 11965
292 1218 28373 29417 8046 9108 21372 15458 15411 23656 24760 4355 6871 19200 20781 13292 24482 24864 25813 9119
6066 11844 14345 9903 6976 6415 1362 13611 4036 29833 3757 5899 29574 7932 14525 12597 23569 10590 10338 14561
6923 10326 19773 17431 11329 16166 3873 1272 26046 26012 22031 22004 28515 26140 22020 5292 19859
6359
12455 25728 17200 7253 4176 2472 17022 29314 24714 2563 11669 14053 3504 12665 12107 10696 13796 20539 26365 14375
12778 24723 13807 29642 11372 23973 25038 4340 6947 14753 20472 7042 23869 7400 16625 20680 25156 23690 4308 27919
24956 28006 25234 25390 6587 25899 14374 17878 28042 9862 77 3855 644 9110 13632 4535 15368 7462 3341 20314
11866 16139 3575 25558 5052 29171 21207 26496 9106 21075 24317 27472 6587 7890 3244 4801 11335 20572 24869 24486
14140 3537 6167 2435 16242 16168 4490 10356 27897 29147 28553 29638 10454 12519 16375 24698 16658 19816 13105 7819
12648 22185 22552 23032 12982 29083 28476 12476 6160 15603 15396 925 29393 15135 4414 23113 27971 11325 15560 16706
28064 9734 7837 11664 28218 63 778 7267 15648 12700 14898 27167 11408 22521 5870 15547 20582 24751 920 7811
8599 17015 22462 8120 24297 25612 12948 10290 15140 3237 13698 5271 14918 16538 20507 19687 24289 22988 13943 15207
2512 16223 18861 23233 25934 27643 20647 21222 27897 15764 25344 20299 18826 8715 22675 27276 13531 28613 21646 18814
16393 12856 16495 26659 25685 29706 16381 1182 9625 13144 14778 24516 28428 23413 14255 3957 6358 21348 554 7371
18186 18109 29082 22927 1796 6276 347 12115 1176 17736 13055 4109 2765 6386 12226 17292 13088 16276 21496 21608
14449 28547 7216 13356 26116 2436 19144 7856 27753 17514 5536 14762 18612 8044 18285 12834 18934 18826 14947 13540
16430 23366 4090 25544 28509 9639 9983 12530 6017 17030 26892 16672 22805 667 15788 3464 21293 17799 6702 5940
22538 10951 11345 9983 10852 13601 1593 14673 26726 1581 1803 10392 5407 26263 21613 27404 8837 27131 22245 19034
2784 27634 19027 1755 22529 11808 4365 13003 11089 24325 15179 17240 20216 3369 7903 14664 4362 16034 27087 27240
11594 13770 679 28083 19652 2934 19131 10452 560 2821 11984 8602 10075 16339 5624 22578 5646 14081 28942 1458
11543 12307 15652 7762 2787 3562 10240 29419 13714 21180 21548 17176 13142 8160 8967 4500 27130 15178 22781 8845
4739 29380 10780 15743 4221 10287 22143 26385 14076 12481 10088 2371 24895 19038 14674 15944 25282 15492 21282 614
9711 17030 16362 10585 13511 14422 16952 3584 28506 8977 2463 4478 7116 26595 22673 27242 17451 17225 21890 14820
10111 21978 19441 11964 28116 3158 23410 18486 1965 17468 22337 1263 745 7730 11706 6462 4567 1029 13811 13468
22885 17277 171 1567 3663 9308 12250 16230 8176 7580 23085 13050 23266 1906 28387 20188 21983 5054 18203 15428
16510 14316 23941 9576 17858 16503 25478 2428 29275 23449 14813 28822 1413 9714 14548 15250 20799 28327 19828 28422
19536 28519 3064 18301 12651 12396 16546 17783 2205 14675 27935 8586 789 8735 1776 1531 10654 3478 6901 17640
18135 499 19737 7757 27713 1323 19826 1516 28962 25420 13994 10486 26867 5640 19807 22235 15182 26771 14678 18257
1808 16696 2456 29257 8902 12675 18913 10919 27926 8034 24257 944 6412 19055 20105 25157 7248 10273 12483 10543
6968 5954 14458 14190 17336 8318 12742 15098 14183 7881 5443 19844 5181 25447 9584 25408 7079 14432 223 21225
16831 3077 8935 17516 2450 2045 15175 16308 21909 17782 7773 18064 17215 14135 9259 22551 17444 1742 3026 7853
6549 22193 24298 20016 21622 3401 19594 22008 26881 7117 17879 4142 1969 8670 25023 4186 3811 26848 24333 7544
14608 16081 333 4613 10965 21582 2684 5110 16830 7005 15156 20822 19670 12524 4516 28621 13223 18556 15863 29322
19215 17996 23046 11125 22990 4682 4948 7645 29689 26185 14757 1580 2486 20411 23062 17695 12537 2577 20223 25000
22878 21672 10279 20892 15100 16013 19053 4963 13972 3491 3328 9481 8022 2971 9849 4228 23614 29553 20756 5301
15857 24719 19548 7352 3351 17815 24461 6093 26357 18095 14333 20939 23761 1547 17842 4287 558 4314 10465 24184
6779 11499 18268 543 29954 25516 13175 16036 17452 28274 23487 15708 22177 28982 19085 5665 13427 7160 19764 3960
7474 28382 4787 12138 6074 10076 27072 1415 28813 2110 7449 15772 29483 25344 5603 7826 18378 18209 14407 29447
4492 24661 10788 10862 19791 23333 14041 4709 4517 1587 507 406 23342 8927 8521 24003 10086 9341 12944 24516
20330 2793 12786 25488 13859 5587 2916 10818 14539 23148 27055 16371 576 22456 4769 20118 13196 19307 3891 24862
25735 29973 16790 17807 20917 1492 20929 22089 14595 28044 11081 7815 2749 22792 22071 11625 20575 9247 18879 18436
15816 29646 23749 18579 24280 21865 29860 6889 20173 20412 6470 6075 15888 23283 7734 19159 13568 7194 3746 10750
17749 7670 29152 29805 16428 23459 14157 25937 2605 9298 5302 17706 18024 27362 22408 19487 26718 12097 13721 20470
23044 24719 17600 14389 5331 29069 20575 16992 4249 17918 25109 1305 11146 28768 92 11005 16194 5665 22900 28658
5762 14147 10669 21198 18816 28323 11228 15008 20048 17001 17522 3499 17461 18166 7931 23092 15121 26613 2376 19914
2537 8788 1144 29969 20063 17263 3382 730 2964 10668 24862 3457 17405 110 21137 6983 15418 2428 28827 10774
27631 12639 7340 12002 15675 15297 22484 10621 6693 26238 21339 27523 12336 12930 16912 27220 23397 50 18249 6064
4255 12504 15610 12833 19423 14254 23009 7577 25563 15514 10041 26668 19488 13793 23341 7189 20454 2427 10208 20389
25673 27958 3568 23906 16620 1094 24885 14095 16237 27191 2290 12084 21497 759 9050 621 8406 28640 14717 15049
14511 3132 18725 8645 22618 6720 625 18489 7587 1639 23011 20766 27132 20428 18462 29923 1375 5535 16946 11388
2443 2635 3463 28595 2817 265 20963 18468 11004 29359 13715 6932 2031 2107 20473 21544 29162 25587 9276 22362
3311 19394 5779 23441 3709 1770 12348 14792 3745 11193 7068 11749 13010 25597 14018 21760 9707 13081 13068 2832
28596 26942 16150 18557 25793 4039 4600 27898 231 172 21492 27226 18484 9114 13031 29406 28323 17957 24938 22146
1818 13017 20770 8057 26983 25329 7447 28784 28348 17688 12 13833 18315 21111 10971 4819 10826 2294 12894 922
20930 23502 24236 7472 17139 27949 2318 12260 10431 18643 5012 12847 22429 9189 13018 18521 15084 28518 24185 3137
4581 20974 17769 15191 19761 21718 1338 27236 2 15098 12408 4322 20058 19398 18504 26622 5380 22859 25782 25688
12155 2346 11751 1319 19585 12483 8510 25139 18366 25081 2919 7149 26205 3505 2154 26617 26999 15700 10731 7586
18419 18128 1346 6462 7992 18684 6593 811 15761 17282 16635 3524 5079 7640 21465 7961 5032 20190 14457 19417
3051 14976 1052 27980 15625 19490 25664 3118 5927 23794 15058 29067 4778 13834 9180 26711 2995 11337 4520 20594
17465 17373 28869 20207 20062 67 2910 6958 25524 4564 8450 15663 9830 9178 230 12045 8451 20258 6025 10690
24105 668 13099 4132 2610 20471 23474 16826 2593 18058 16490 9039 4515 2355 12286 8441 897 22474 20146 2280
13164 9879 29313 18548 26888 16859 8074 20983 5110 24075 24527 11695 8273 14688 27877 24225 3493 3341 28108 6644
17474 2091 29713 29439 29426 17596 22751 19757 638 28331 13903 2019 7731 21583 16737 18070 29936 28524 20583 4266
7143 13113 26559 14110 8868 18027 13314 1035 1231 3522 7758 27713 20677 29429 6421 21708 10873 6567 9771 12995
11559 16492 21156 19542 6269 374 20482 20977 6306 4576 15350 19464 29595 11139 16642 17433 19035 24290 24035 10354
26871 14149 9464 20178 8416 28414 10891 12095 17034 7499 16882 27169 17453 19244 16732 16079 29453 13212 21151 19828
10626 21175 23008 9301 4653 18707 14391 18993 27122 6291 8016 17532 1723 10333 1508 14909 20969 24401 27504 2076
25056 17900 23936 3927 403 16945 28287 28207 13087 23110 2078 17724 5673 23860 14004 22326 12358 15129 21432 4378
27520 12216 20407 5754 11078 2891 19659 25688 4669 25940 3836 12324 24034 10728 8739 10619 25206 26037 1112 9654
15321 8450 19080 14052 26554 26410 13992 5328 12830 6599 21990 13535 15289 25141 27445 25978 16790 706 18275 7228
26275 3374 25748 2033 29117 16918 19766 26137 22705 4255 21268 13724 29454 14220 28136 8335 21050 11890 17958 2120
13029 23849 10278 6335 2344 3591 3411 8637 13394 19732 9096 11075 5163 9146 9799 19846 1282 12187 1205 19285
9629 11454 3941 23880 22764 8662 8706 16006 17946 2520 3737 7519 17337 16264 14521 16685 29192 5148 22046 3453
21610 19833 20302 11164 22634 8528 7777 7400 15424 20870 8175 8698 1814 4033 16123 26558 16902 8906 18281 13364
18297 14331 26954 8291 12506 13859 19807 22553 22324 10504 14582 18723 25394 15573 8081 14340 21725 21931 5724 26889
26318 14602 6734 9210 18590 8199 18844 1655 23861 29486 5436 1615 15619 17362 28620 7845 28186 20960 1547 17264
8078 25587 27324 16863 714 27528 7169 5591 16689 18755 18180 28683 18185 18309 20394 29768 28679 8540 26354 28797
11716 1333 12523 17983 5476 16585 1490 1984 1512 19414 14728 28043 17320 16734 5980 68 10410 27722 23844 5793
11454 22824 23600 11143 5710 11543 27672 20444 6737 10643 11709 1356 12844 20811 1153 12086 8981 10999 26763 11332
7480 25138 16819 339 29351 13387 23477 15436 27837 25446 27714 8521 18598 7454 21173 16421 12030 28448 10354 22263
4725 23124 17707 12974 12382 11791 1956 15532 4926 23163 4332 783 24119 25031 9929 12141 8962 24959 26939 19545
24918 4567 19006 4463 11533 10427 28494 15333 793 4477 11248 15629 4235 1682 442 14239 1801 2476 12727 22079
13618 14906 26785 17625 13443 24719 9322 11046 26368 9816 27857 23906 17775 21293 7729 15589 23424 1553 17762 1263
18911 28766 11649 6056 13847 25770 27438 20370 13031 9899 22570 28 1474 28936 14353 21209 23630 7083 11130 29079
4438 14106 24773 14440 4232 24426 20769 10350 26179 9210 11666 13205 20632 8714 26711 8983 22864 10665 12588 19639
10371 20653 4379 2201 11583 27536 23391 14511 26382 14271 7004 28189 6439 16070 4515 11092 15085 17844 9532 29437
15696 3879 16627 16472 6606 4683 931 7058 15485 9062 13054 11643 5243 10846 4454 17669 15945 20260 1525 16452
26882 11686 8317 25784 3724 21325 891 15412 4526 8046 10600 21948 5520 20211 8895 484 25860 7697 17125 8040
26897 21609 25012 28809 23604 26044 22554 24182 20206 1679 12098 14265 24902 4426 27587 20660 11056 1549 22240 29125
15038 12307 16828 22829 29212 421 14498 20668 29108 2758 6559 9362 11698 18607 26700 20242 1212 12992 23580 28381
3878 25644 2413 15927 15476 22629 22412 17009 21209 9165 1007 5530 11772 4707 23124 11867 4287 18376 14970 17214
19823 28760 16814 1093 1052 22982 13251 25512 7949 2337 4037 5073 11292 11915 17625 122 6062 18477 28713 27781
26072 25809 22459 18496 12379 26057 5353 13536 652 10062 21386 16522 28463 2337 1727 5853 6389 21106 12243 18500
10554 20336 21685 2273 23455 27673 29495 26760 24998 16362 18716 22688 14993 11505 22499 10957 22700 12219 12716 3429
11040 21047 28339 17148 20715 12979 10412 23277 8066 14902 1836 20641 14260 14001 20661 6894 18277 20531 25100 11476
18703 9580 20978 23435 21992 5485 25922 7242 15674 27387 15368 18044 10046 13018 26914 1182 10160 7341 6287 12505
29202 21594 1908 27153 23811 7769 27344 13694 27256 16883 17814 3719 21611 29016 28557 7745 10515 9679 17008 28050
16574 26606 15330 26590 3988 16668 14792 29702 10836 26377 18419 9725 13793 3248 21984 27391 20725 11557 9666 27999
14222 17341 15929 10432 12385 20523 9013 24867 10175 14919 22311 3953 4812 3069 17880 15044 8125 11849 7391 416
20537 14093 12103 9353 6590 20015 20021 14446 5716 8429 4729 24992 22021 24873 25720 5258 8986 10172 12994 23473
26703 18424 8217 15268 24420 18885 16164 17949 19788 10122 7954 18794 12366 21016 7886 26734 9059 1314 11138 8576
25086 7650 15966 9998 21078 4636 17531 4467 26829 12030 8448 18508 6149 24127 5222 14384 8467 16212 18338 25067
21046 9396 7618 28893 9577 9702 10095 3819 19490 17403 19915 1669 27352 5918 8826 14276 22821 27919 7674 18737
28253 23079 11144 5519 26814 15532 9173 8639 10826 22859 21359 5005 23678 18532 7833 14280 22832 15163 16950 1465
6766 22382 15542 22495 5760 27952 8973 27333 877 4399 7031 23472 9001 28165 8154 3734 13340 21869 6638 19806
29025 367 6943 14508 9946 20767 6719 22076 9058 12979 19201 21208 17452 20291 15485 5456 28404 12510 4697 18396
9727 7624 29117 1860 5116 16623 9159 17417 12860 6303 1126 23740 28409 12365 23399 163 22784 29994 8359 15031
17416 3281 18891 27054 8146 1365 16182 21520 3277 2434 28509 7052 13823 1887 5228 24549 7171 26726 4256 19659
26902 8305 8433 12587 7712 27198 26256 8390 1776 24818 26616 24338 23539 19371 29667 8938 3044 3395 3877 16669
4081 19117 27202 11369 17812 25635 14385 8410 20444 22981 8855 22902 28661 11585 11157 3431 7889 16297 5851 19992
17001 875 15897 2520 8384 29598 3451 19316 3094 21911 4613 24179 543 5822 11234 18086 20907 24382 9210 9371
84 21199 26450 1603 710 4177 26328 9326 14113 14054 18040 20915 4940 4288 16759 13433 1478 28999 23552 12843
280 24879 26134 18709 10551 27774 21439 5348 6226 28490 15461 12767 6210 10352 11318 19856 6085 24351 15460 7328
15360 29475 133 2608 26056 5680 26122 15016 4249 20024 4926 9740 24156 4315 18153 7727 11908 29871 24235 3621
6039 8227 26874 13875 374 11449 2011 6328 11987 26589 7225 27016 25550 20980 22427 16023 5894 2602 17327 19731
22465 28368 20143 18238 27084 22299 23711 26070 13811 18846 24515 1677 2902 24318 5459 1903 22197 1056 14873 7786
5129 17644 22208 7376 2108 6270 22440 25952 3642 4569 2739 27579 11227 25909 15457 15110 29715 3702 3458 21046
975 7895 26996 25937 7968 8122 11176 10855 2187 11073 6368 8646 26329 936 14906 2754 27137 5384 7782 12430
3146 14924 5521 18099 26929 2870 11517 19815 2732 6791 28306 19015 17856 17249 9116 8011 20590 26897 5647 19355
32 12653 9472 16869 24636 15519 19811 11304 1330 9149 3395 6240 15301 26284 24770 9670 17099 14673 7952 16955
2592 2405 19453 14982 29483 24258 21176 9840 20645 19997 22388 28162 5452 18713 29258 10504 10441 16387 7635 20170
18596 15795 11800 23789 15344 19741 12424 22877 23454 13776 16361 16075 29511 146 12595 25528 9311 18697 2425 22360
12057 8292 18002 21578 19855 22040 26697 19423 7330 12896 27128 6194 3458 6399 13529 7025 17265 28406 28646 22930
23074 24236 7887 11663 25321 5362 7663 24366 10238 20805 4439 9950 7082 4045 2409 11340 27241 14094 5740 22845
9006 11581 21672 14311 2034 4820 21180 2781 4980 28225 3622 28567 28935 7020 3416 27719 19039 6111 5393 18892
4635 19910 27296 2946 6363 18592 15707 9991 20328 14108 16559 925 22308 9201 11567 2166 21722 4276 12203 26465
6970 4522 24085 9847 21434 3018 29569 5071 24860 1439 23105 19190 15098 14685 5648 18892 16279 22374 25466 2281
25515 19934 26329 21479 29117 20840 26485 22593 9561 4594 23472 17035 8733 29659 28079 14420 7074 15192 1663 29942
4677 5974 21082 25485 29071 21407 6476 8166 6125 29685 28823 13673 11511 8760 23627 4721 11794 29706 12440 344
655 27510 18272 8309 18723 10851 10454 21326 18768 6901 22392 26577 13062 9610 27641 21850 5363 4233 15833 27863
26541 2874 28012 15385 18253 9552 11810 4076 22227 12091 4241 19182 22738 2114 27279 4882 17219 23225 2315 3584
11040 23927 9870 9758 15580 14142 29147 21926 6344 26190 19112 6966 20297 140 16728 28232 556 24784 17329 18558
27768 19603 1737 2592 27561 9661 738 16267 26374 17796 12088 16053 26495 29967 14846 20878 13476 249 27939 9882
5752 9383 18810 14125 10784 24866 22064 22070 14025 15595 19426 3323 9937 23519 1523 9721 12470 7656 20885 23830
11750 28373 29019 9518 12597 21735 13910 12477 22619 29639 2146 21210 29116 29235 14204 20818 28342 16396 29015 23263
1872 6875 23118 27947 12321 1936 29176 24159 10512 27268 10981 246 1711 29700 13795 13438 11780 460 4415 2292
24473 2251 16907 23309 16017 5025 17125 14481 24948 7382 27001 3411 5866 5218 320 28868 7522 22754 29180 6473
5048 2087 3240 14712 8366 1456 14385 23943 4637 15401 12507 7555 1623 20866 3587 3148 2913 24444 13798 24930
8011 16356 3511 23336 25695 29421 12760 11002 26624 21460 12367 4886 11430 28139 4928 28632 26319 10962 12939 3035
8807 18359 7889 21608 22697 9277 16009 18751 595 29112 14993 28021 20017 29128 20527 10171 18642 174 15711 17116
25993 12650 19166 3709 10773 16868 18241 29288 11590 29860 21665 13781 1689 7905 12838 28537 833 26221 29094 14003
807 24999 12820 23035 16960 14347 1702 18571 7789 21622 4465 362 16180 27318 26366 5331 17410 8398 10136 4626
19327 7657 2338 18330 12711 20937 5447 12405 11033 10314 17352 18185 25108 19151 26721 15867 22531 2302 12466 6619
9930 12246 24465 28344 24301 376 4608 20199 17984 9097 23227 5255 21643 29159 6175 1338 21338 16361 8746 2698
8616 2644 14406 12802 5768 29052 10745 12723 24666 15514 29170 2878 21925 28283 24648 19557 14255 28255 22877 18684
9606 9461 1863 17693 24737 1715 16624 2277 26943 15742 7727 22378 3251 1720 6863 21138 13556 2156 27816 13789
25191 25423 4885 16821 20461 272 735 18257 9412 14537 11436 11047 6636 19041 2972 27911 26840 7017 15924 6577
7350 24403 2099 1146 26474 13015 28685 5803 15946 18804 27553 410 11062 21791 9620 21087 342 13331 17704 27112
16248 21870 8687 5425 26567 5060 16519 23176 2765 13486 3332 3319 26464 20773 21335 21670 24379 2153 13735 1978
1805 1129 19469 7 20661 20150 4469 20051 29668 24593 2474 7054 12631 19184 28087 7825 26972 13413 21965 5214
3026 4313 9221 21860 7389 28548 28861 13149 7347 4164 16767 20024 29045 15924 28561 747 13550 24490 25966 17296
5882 20308 19094 22443 29267 15418 17831 26796 11930 1046 29181 12045 18500 9783 12786 3659 6748 24775 5018 26099
12099 5994 27145 26866 28627 20450 22846 24648 12963 13479 12996 8775 16113 28212 24889 3404 2692 19496 14881 15410
29150 19232 22637 29604 1797 13964 10225 15274 26907 3332 1638 22976 1560 27979 9372 27413 19786 19127 8534 3410
12671 2424 15479 12577 14892 27460 28786 17383 146 2406 13204 27892 6589 11382 14692 8627 8457 22180 6024 25379
14984 18843 6697 20240 16029 27450 18550 8458 15560 28528 13885 7888 4118 18573 15102 26192 27392 15745 20137 9814
11826 23711 12755 8637 2206 14456 18646 14624 19012 15331 13587 21026 5796 1125 5303 18468 4900 14355 12674 642
2624 22112 12090 16253 17379 24420 24286 6467 12114 12723 23371 21505 15686 21210 12480 8428 17008 3085 1202 17573
12425 27746 26681 21549 3504 23107 20339 21132 27571 9250 8641 20506 29694 15599 29677 5263 3480 327 8700 20281
13877 462 17972 12201 12092 19551 24700 15978 3697 25543 289 27089 29462 11331 980 27760 10828 23021 12950 26455
26464 25486 20391 27925 23988 212 8183 12533 29543 23684 22300 11577 27575 24808 25495 146 8053 29080 6404 10797
26717 3577 19856 16668 12607 28293 22476 29864 17098 18183 26503 27831 2746 14922 7751 22508 21732 670 15027 17848
9392 24260 1957 12339 5561 5125 617 15407 5187 1038 1876 16122 21787 24377 1757 10820 1971 3118 2940 27020
19131 27709 21539 6947 2953 1899 28068 22151 890 11504 8310 7106 8899 25692 14635 27759 6532 20954 23195 2079
25128 28503 2092 27022 19998 8109 678 13217 7271 4129 13512 2746 6918 6067 29991 1191 17170 20465 19688 10729
13656 29083 1823 26316 19637 29459 1067 15992 29833 23257 21161 8236 25957 6408 22586 10851 22672 980 10703 12110
23513 9086 24479 15193 8169 23015 7392 27691 13660 7485 12362 5960 8183 19218 12985 25745 9525 17244 5485 1179
11715 29355 6836 3955 16827 18541 23664 29507 2959 17794 25239 26516 14749 18220 4866 18026 3340 24238 22904 8075
29297 28118 26396 24331 12691 3162 16039 20814 7930 6891 21342 10602 25439 14368 2158 7558 11168 20930 1175 12403
21229 13637 4500 16490 14327 4924 11130 8144 24536 29893 10138 19810 10589 9959 3642 28441 5945 14614 4838 12839
13211 17349 1427 6617 15815 14470 17188 16488 27414 19187 23238 18878 2970 28533 18877 4427 17819 16320 6279 9450
29655 27345 27572 9559 26605 20488 24895 15712 21441 1881 27592 20530 20259 6744 13422 27263 22105 18412 4998 10090
26975 3395 17059 26289 8342 9 28926 6088 4687 28625 14892 21446 11467 5755 21390 19350 14971 21768 23128 13908
12973 18803 7185 11044 7130 9599 27219 25189 5704 27337 22095 594 27396 20333 23507 11446 16152 27904 999 22398
6935 11480 20788 895 2461 3594 17022 23388 19254 7084 11646 27156 5172 15484 16299 10670 2626 3502 23558 1759
4268 22266 25917 193 6744 12915 16771 14133 29021 10991 28666 13654 9557 23288 18284 3041 4218 29775 27887 3318
19687 29346 15724 15257 12032 9627 23876 14384 4821 6432 20863 25780 339 2284 1886 21599 20629 20854 13687 29211
2339 18968 12931 3543 19326 17700 13281 13379 28707 15690 23253 26270 15725 243 2322 13588 22616 16315 17123 20346
17319 23688 26611 2173 12899 15592 8650 20631 16341 12902 5774 23073 29978 25578 16811 25857 15224 14345 22461 7881
15256 5679 20968 20757 20111 17500 8377 15309 13989 15183 1264 20911 8780 5471 5347 28340 27863 12229 5582 558
18405 18174 8525 14974 388 17694 2411 16941 2342 18205 7477 1873 11710 12120 3923 10569 10360 9678 23894 14041
24337 12335 21215 24450 28592 22154 27599 6958 10792 8391 24778 12696 20442 26172 7725 7692 21937 623 27902 17610
5704 1274 29960 5800 18186 29026 26484 29628 10328 24169 2628 2044 8116 25610 27000 10569 23483 16328 12967 13819
24345 2054 1357 792 5771 8054 3461 6152 21333 19189 6862 13718 12457 4526 21500 12002 16928 4716 12849 2760
19383 23905 795 24448 15250 22779 21578 9298 4225 4343 6327 4830 15689 22972 12760 3644 19152 27392 17799 23999
21366 12671 10330 27790 2197 4088 18824 455 17187 21653 26708 11243 18943 3939 17182 26729 14928 22786 1791 22470
11302 14745 8397 23006 17781 18967 10963 5613 10528 19998 21945 11719 25916 20911 4421 7471 9844 8401 14688 1968
6198 13342 7768 17319 14724 13238 9280 7940 2998 21725 1628 23835 19628 26685 16439 28249 15126 24968 15269 3171
10432 19665 22558 20050 1259 11921 16120 12982 7298 23281 16665 621 26847 15499 11850 18538 1403 2859 12423 15986
23545 28006 29138 27050 29862 27688 18970 10942 17640 19922 25815 2739 26974 29448 25611 10364 28655 23662 9018 20681
9208 14644 641 24546 26924 18008 2371 28489 1653 29034 26528 9578 11784 6245 24057 4313 10185 15478 14572 5523
9468 7545 29506 6421 27087 14076 7800 4969 13287 21817 18665 11438 1690 19292 10347 21300 6548 28212 8785 17632
24901 20215 17942 15132 23918 14309 20367 14476 5016 11434 3184 24851 17287 11430 4103 25710 15253 5294 18300 2971
21931 27912 9795 25797 4701 24545 28536 6803 19943 11330 7284 13007 29646 5799 28046 15354 29382 9932 8779 20978
8788 21942 21073 2157 13848 16106 19851 1654 18676 5752 19243 28568 28650 22689 18655 25767 13817 12454 22390 21850
14145 4679 21198 6751 12184 13273 27149 1804 27237 5627 10458 5635 16430 21771 27518 16748 16081 4857 9952 26296
29123 14078 19896 12113 22070 1302 6334 28483 8258 15739 12024 10447 24910 24118 17152 22579 2982 15302 24167 11141
22010 10779 656 3732 14583 8361 29391 991 27463 6607 9001 11212 25688 23737 3423 6682 10933 26505 26211 20059
9798 1135 28559 11048 1737 6893 14659 12808 28681 949 3049 14094 25158 5370 14109 20862 20280 3042 3010 17168
18872 5588 1915 11068 27864 626 22557 24366 18216 23119 11286 11993 21829 4478 10211 1663 6655 25027 6011 18230
8039 753 29140 3252 19084 19108 7029 2411 25403 23440 8232 18648 6333 12464 15568 9076 14176 21162 9072 13011
14008 6414 22282 327 16341 26516 22063 14798 12284 18042 17871 10028 1440 9573 12343 20345 18475 16078 25947 4076
5716 28078 1642 12061 4095 25634 11864 3903 13910 16486 20485 4786 24726 28340 28170 29014 12384 12917 8368 14668
29101 6919 25875 17113 28889 17122 28670 23465 23579 17330 20514 14939 24056 18985 26688 27715 17062 15532 28150 24776
24583 22544 3559 15157 3262 15862 6245 13036 18516 12739 9043 18601 2736 1340 19901 5849 29846 26555 16864 244
13019 27242 9060 8637 3446 1993 9465 22828 2506 9105 8169 28727 23567 13649 29996 1828 19678 6844 23759 20836
7295 15245 11063 13588 24043 13367 6788 15916 23961 21517 5079 8274 10359 9367 25485 1875 17432 26775 14067 22855
22718 1455 9235 22491 26845 17024 21393 14674 20780 22931 22235 576 4469 6470 23297 19573 2835 18324 7555 27670
15767 26760 11290 16335 19246 26374 27885 22672 26203 21700 7219 4261 2888 24877 27879 23360 25494 21034 9716 769
5927 17189 15113 8107 10279 27640 6782 17197 20724 13816 8680 3372 9532 2660 14024 24328 21595 29744 13455 11927
22782 11768 9393 1186 27356 9211 2064 29777 9595 27203 29161 5916 29964 28983 2975 28014 729 16460 6062 1475
22551 11549 5611 24149 11321 16504 20395 25501 6200 491 6194 19800 10806 6493 24396 4031 349 18767 20840 1011
19785 3970 19141 10508 18883 16402 724 4385 12051 27621 25742 2755 26305 26784 27067 8350 25739 18589 10410 8275
28878 700 28852 25158 17088 5538 6368 20266 12814 23228 22583 15306 16698 14787 29201 12074 7522 8013 17944 2229
12195 8927 13868 13474 16984 12672 2538 29657 7800 18024 7498 29956 12313 25610 20656 29420 4291 26993 20008 25491
23630 6255 25580 576 2230 5447 14167 12123 21241 25086 23298 560 22136 17480 19164 10151 25598 22109 23409 9356
10411 19226 24728 4511 5918 27679 5115 21310 20112 2325 972 19641 5661 29882 22450 24328 14144 22341 17324 29833
27565 7812 13047 20593 24525 21406 4430 1447 19035 29664 29410 24372 29519 26559 19787 18302 28913 23738 5079 26959
28125 14694 24254 17096 1086 5090 22156 12339 23355 20618 18720 28140 15076 4388 11622 12022 21575 14159 5824 25865
27703 7521 14165 1165 15857 28057 26491 17276 23875 12593 12919 24634 28762 7256 28060 12839 11185 10934 15787 22380
24372 27451 17464 14558 4706 16277 8968 16200 2722 11328 24071 20833 15532 4471 15535 28959 9737 9453 7617 2272
24383 11312 13885 20604 2932 11072 23576 13507 10020 11903 14164 26552 6584 3610 20833 28384 350 5584 4529 15724
28325 8584 24754 18204 23516 22794 29630 15760 16483 20120 28548 16142 15894 10752 5743 1257 6792 24563 28595 18527
13805 18385 4419 16881 25555 14773 19406 25143 27135 19061 18200 28469 21776 18800 11968 7342 15783 4159 24205 2447
19684 15776 27575 5563 22808 29934 14796 20855 27492 15506 22928 569 29168 17899 18401 19859 26096 24450 24271 24080
24575 4975 3911 6653 26209 10847 14165 24007 19752 27377 15630 6200 2844 3628 1112 26346 24750 18955 22119 3038
9517 26601 25623 23346 13069 17630 10464 8527 18096 6802 19279 5641 4762 16515 17678 25796 18389 4827 3818 6907
8050 14023 26141 1487 22438 19396 9997 4776 2757 3318 23745 15107 12428 4668 16974 26118 5165 21555 26180 11511
19888 21419 29354 10678 20413 6193 22591 19710 12786 2058 3483 10003 1321 14080 11894 10153 7451 11520 20783 4287
5788 6699 18498 16379 21873 19481 4226 29223 10858 20587 22004 16560 17646 4623 18108 3724 28851 26218 19557 21315
14636 23297 27351 21925 3202 5773 13780 20478 7300 11272 27331 9331 21740 847 8093 29908 15063 9648 22288 12679
12313 18356 16620 12260 9684 4902 17553 27995 22636 5742 21938 5879 13498 872 12182 16305 17371 16617 25667 28275
23295 15372 5703 13253 3137 880 2999 28795 12103 28517 18096 2562 21961 18105 9632 14187 6100 3317 4899 6860
21436 29948 27529 29183 4657 12310 5218 4517 15559 22685 19860 18881 22789 16229 18966 17969 6057 7865 8627 18035
16751 25888 6134 24799 21664 26808 11790 5078 12597 12191 11291 7186 13008 10918 21400 19837 26027 27536 8782 5274
16294 5990 10838 28887 9442 11322 27816 13012 29718 2531 21095 15430 12181 23189 19753 16317 11928 11143 18105 15518
9309 3927 27592 29721 451 5625 11948 4847 28801 282 1870 14846 12595 7059 8451 11100 5730 5244 5072 26263
3114 16940 13408 2252 20623 21379 24651 25999 17759 16571 29223 23892 29513 5848 14540 10088 4167 25278 25290 19264
24186 5696 21534 19009 21151 7412 1210 4996 6408 22106 5788 9883 29236 23469 15433 3925 15068 28857 25120 16342
1369 9379 10416 15777 13537 11823 11755 10508 29708 17699 25135 22343 28865 24442 18343 17581 7926 23702 27451 17301
16327 28411 16048 12674 21082 20869 5612 17799 14124 18549 17883 16418 26010 11094 3133 28006 25434 12728 5063 28988
21503 9867 15502 23671 5220 8300 8578 19502 28485 25065 15479 14892 24492 7960 26739 48 17801 26985 18071 18659
3923 23230 16689 19100 12011 10134 7424 25405 21476 22453 26036 24186 28315 18116 7706 19192 1103 1125 21066 3457
6586 8282 11790 29837 15436 6424 3467 21871 20988 21485 9047 8287 13610 17372 2917 9354 7526 12530 9908 2349
9711 869 14396 4911 24279 10219 29020 14650 1238 25485 19879 25884 24957 5000 24117 10777 3653 10762 22774 27162
17046 24323 4466 15121 13096 29904 21998 17215 16419 21601 8083 29874 139 16587 14099 16375 11851 22068 2762 18191
5340 17412 13965 14477 26315 2389 2718 12947 16856 26195 28728 19669 283 29016 16330 25356 3733 27747 21246 8329
23426 6599 7528 12364 3442 26730 21973 3490 19319 25682 10177 13154 13837 5064 9988 8347 24599 29826 8993 23640
5660 28852 18237 9258 1308 15337 13382 9782 24051 23428 23231 16683 2699 9733 27184 4017 10794 9977 13386 16305
12899 27333 23559 3357 21471 28249 8236 16608 21907 17524 21767 1814 17324 21615 29028 24940 8656 6253 24010 12881
12028 29001 5934 7583 26814 17306 8512 25865 6371 21134 29442 7791 15805 3586 6165 8948 9962 17608 13862 15726
22166 2660 20547 29730 15173 5903 16457 16877 25084 7492 5132 23702 2973 8314 21139 8743 397 20382 12506 13261
15357 10381 20230 16027 9740 20331 19495 29751 5826 3636 13763 16122 27130 21337 20765 2892 20210 26972 11455 8748
14056 3005 307 2161 19261 4319 25358 17296 23746 21731 25889 17959 6934 22148 28881 17418 24064 3184 24908 14333
11828 6156 1868 11283 23524 25674 7382 17933 19453 2960 25537 20374 26010 10179 24175 27234 8092 26392 7007 8197
130 16559 15680 14055 5524 6607 5475 21948 19403 14755 20041 25522 25474 8563 25433 24120 22649 16625 5566 707
13451 28729 3547 8515 26651 3974 610 14420 1874 23858 2844 13799 27620 9474 25098 8729 20968 17140 4243 13289
29495 23783 3605 3457 27328 6102 13603 22664 11575 7708 26996 11183 28347 20186 13759 4206 26529 12945 22091 18975
17618 8986 24214 26400 21971 21384 4132 7260 18377 16367 27527 778 15363 5041 11626 7736 14509 29937 24770 2909
24593 3875 12466 23552 9170 7142 22895 17350 20850 15503 27752 4574 1435 6502 5871 337 11958 2886 2125 3013
25965 4685 1063 282 14323 12467 20328 1304 25073 19128 19975 12685 28397 9721 13219 9799 7762 18204 20042 4433
8115 7679 17149 439 25153 67 18040 2926 28501 772 14022 14342 11382 4020 18609 9032 5865 18153 25388 553
13834 21612 25339 7709 11369 25607 2686 26004 10867 7016 6249 3744 26152 4790 7742 25163 22823 14815 10943 10299
566 5702 23592 898 24267 6904 27239 26574 8912 3753 23794 19022 3937 12044 19606 15697 16126 2128 9884 27457
12804 8376 4146 15486 1248 29347 4488 19792 17449 2907 10847 16924 25609 18894 1317 21091 7649 15634 25015 21763
366 22932 5796 13942 20724 13435 4887 13431 21274 8946 24703 8163 10148 608 9465 10321 26057 26137 15580 14019
27066 9381 21075 14537 25613 26305 24645 2722 10900 15474 26572 1662 28149 9766 7596 22164 358 17017 4956 16207
18274 1142 4397 18390 22660 28961 9482 857 374 7956 28309 28306 18848 8077 15970 25742 15363 4526 4770 8352
6370 19621 2693 14122 10018 8712 3760 23065 20076 4348 17642 7581 531 545 48 28830 28872 25002 21319 15224
10830 24038 29748 10399 8765 4448 10141 25612 20689 8746 19317 23434 26151 2478 26570 16163 29353 21110 29593 19770
16553 6574 27233 24580 6058 23625 17816 20232 12493 13895 19795 22335 19985 7502 18675 5154 13605 20188 14816 14387
14860 11391 15120 7719 21150 28642 27663 3132 18968 11414 9806 4899 11488 9764 28012 15273 18375 26365 18157 6009
18035 10660 5537 8389 10416 28025 21628 28137 17740 14283 24531 10945 2518 19285 898 1227 18938 28858 24171 13838
22344 22268 27585 19898 14260 4039 16803 6639 17608 10644 23937 16303 27205 22357 15573 20975 2381 18038 28884 13818
22979 10638 28556 1754 25454 8359 26396 18874 2019 4148 23006 21533 5979 19526 17952 29798 9524 7539 6378 24401
12651 21895 2818 10973 20360 1799 13881 19037 19190 23066 17637 9054 18379 5793 3190 7197 26670 29458 13491 29116
21378 19712 27619 8605 19156 19220 6391 1403 7639 3696 18745 20744 26313 18688 25159 23466 3264 18592 24550 4367
15672 12481 10657 12200 27146 26501 20194 16738 28504 8274 25054 2331 28161 330 5562 8953 11858 13155 4489 12397
364 22414 7107 17703 6564 22704 12271 13088 24987 5011 2921 15318 10148 1077 19347 13381 25133 22059 7555 5149
12831 7357 28559 20613 26965 27072 8623 14638 20766 16583 26011 13972 20241 2801 19222 2485 3451 3000 7758 10202
19209 5892 24347 27259 13727 6419 21788 9166 4562 29117 29499 13928 9745 2591 4939 12151 21157 2876 29338 16985
25873 10945 21239 17438 20271 13171 3295 16456 24257 22162 12182 15527 20793 10337 21445 11294 29436 18557 8676 13727
22842 13225 23539 18720 26331 8586 17506 10997 28517 7624 12142 2470 17626 26681 8084 17535 23003 10593 22412 23166
17407 19491 26463 8456 28832 4207 15492 29955 17648 14965 1657 18162 669 8094 24576 4536 27390 5625 26552 13400
14205 20279 7596 21724 1087 23 649 26172 5900 27803 17611 21611 15753 18831 8136 7989 22552 5642 2351 24826
12951 25915 25344 2885 14953 19935 5890 24038 9794 2794 22711 12890 1169 14248 13757 27247 22230 22601 23453 2973
20641 16887 19043 14137 17651 10782 11895 2854 2120 21751 15312 13836 1537 21998 10836 1075 17502 7679 20806 15565
1896 26326 8684 20567 14972 28948 8881 8533 6936 14603 26692 1170 27178 10366 25169 19286 5187 4788 1744 8901
21737 5300 4396 5637 28575 29149 19821 2487 22146 15398 22851 15389 9490 11474 935 15657 15256 2942 24529 3663
12001 18374 13734 8912 13229 8234 29549 7780 29930 24531 27529 1815 17337 25050 28101 17523 17718 18740 5488 12984
11726 14235 3617 15072 3243 891 13497 12453 26158 14015 5229 18657 1063 17846 20621 19091 3863 11538 10350 20916
12576 5602 12958 18380 5349 1929 18640 5652 20793 7706 1566 27964 12663 24837 23187 14319 3315 6953 9755 5503
10094 23908 29042 14200 29585 2956 12744 22435 22115 12288 12091 18566 9181 17976 1991 12705 14265 21831 25823 23768
16929 8628 21447 21932 13902 1675 17968 20081 15018 804 13441 6375 27692 6013 9056 19845 12094 17657 7421 16347
9296 4092 16442 19661 10083 914 6229 7109 9372 14021 10627 12209 14405 10330 23978 24902 17716 8599 5762 29504
13373 16969 25805 10446 16949 12302 17805 8498 21220 27854 4167 22701 19616 7133 14917 22417 738 15587 9087 4825
2189 23761 19566 6232 20697 24107 8457 9941 6697 2455 3043 22886 11104 20873 19664 5864 22573 11307 6875 14463
2483 19422 18181 28182 29359 5240 20773 4830 20218 14223 28063 19266 24404 6763 14490 17463 17806 7544 19507 24732
12933 26719 12339 20483 19577 4231 29823 2499 24943 9168 25280 13403 27770 27238 28117 6447 11038 12314 25541 26522
14589 26360 2104 20345 19037 15097 4744 25850 19303 22518 15983 17052 4014 19961 7804 2128 23987 11221 12261 26978
27444 17639 3768 1789 11916 22170 17012 26305 26095 18339 24259 11183 593 19680 18814 16137 28452 28643 8891 7255
18468 13092 25782 14458 7038 10784 17283 15420 29768 16506 8466 15939 4445 2387 3764 17619 10598 28216 15488 491
24934 6327 11065 24708 7457 1759 2524 7877 29863 20198 11275 9133 977 123 14449 29897 4447 26712 23210 19815
20442 25363 13234 18924 19315 8204 2357 26831 22523 19427 7150 23792 7026 10636 2292 17195 1422 19512 25555 4713
6681 14811 2289 23301 15102 23515 7373 27245 25294 473 20993 18815 16926 2274 27469 28743 18188 4121 23368 24712
11011 28055 3123 23612 1081 3416 2475 16737 74 10802 23652 29880 25323 835 25975 18408 17846 27069 3625 16812
19379 3409 8217 18007 11081 27449 15099 24934 10602 1385 16620 12003 11338 21972 25927 24083 19605 22012 22922 8665
5347 24391 25727 12725 18426 14575 20626 1671 12021 25182 11987 29123 27939 20392 9127 13061 29679 5723 12566 11143
19478 28396 4698 17910 2320 22561 24475 11988 14957 1493 15100 15536 8780 6239 7324 2296 24815 3527 4568 9372
7844 1795 5888 14464 960 10595 24470 10495 12228 9937 13578 23561 434 16100 2401 16081 25368 9952 18421 2864
24102 6243 389 12487 13122 7976 19968 13623 29760 13590 10581 27305 21732 8946 9326 10806 1154 18908 25102 21495
308 7086 29882 3705 16772 1076 5908 7361 11639 23231 1029 22513 11778 18389 18683 11258 21173 6105 2274 24174
12742 22042 20266 19236 29919 1176 20328 15189 25454 11784 21862 6627 13963 23316 21248 24796 5941 8692 25856 28444
10220 2720 2825 24389 29592 10452 22112 11366 28113 463 8779 22706 17917 29098 20517 8959 18228 17880 24853 19569
19904 22864 18457 25506 22685 2475 4626 6874 29730 10476 19157 16370 10878 9986 9173 18965 26016 21133 18533 26065
277 15621 3326 5842 20915 20541 2367 28682 6515 18562 5962 26785 28523 15927 5380 21105 14953 29796 1571 6417
10959 1670 21766 12233 15585 21512 9968 21890 21205 20795 1425 28820 3955 16011 12542 24238 18022 26352 12831 5758
21050 16357 28873 10577 8710 21061 9709 10420 21971 6345 20392 15455 22139 11589 28258 16903 19596 9799 14310 1995
28367 21219 17858 10695 3523 23907 1646 24176 13432 27749 711 13909 26409 29648 2741 24413 19446 14899 14101 3530
3361 17105 13424 4628 7493 9956 29226 24016 792 19088 27029 15076 20936 14166 6963 26478 17520 28256 15949 29846
27511 16408 19842 18604 4915 29770 28055 12656 6414 22761 8486 15821 17652 7891 26339 14914 16682 14107 7752 22244
15863 21641 10606 9042 20118 8214 17998 18011 9787 17099 29465 20377 22027 12237 16972 15294 10114 7139 6545
