50
171132687 171132687
534835353 534835353
335896284 335896284
-89800560 -89800560
536927325 536927325
995476705 995476705
3992430 3992430
941052816 941052816
-411184211 -411184211
-774665327 -774665327
990635104 990635104
670939638 670939638
-538690280 -538690280
-219190962 -219190962
-616681340 -616681340
-786182316 -786182316
379830659 379830659
142750208 142750208
660653767 660653767
-42976954 -42976954
984416835 984416835
853039185 853039185
-205646226 -205646226
-496706554 -496706554
-573680971 -573680971
603475720 603475720
-881669512 -881669512
938084934 938084934
982144195 982144195
-270833427 -270833427
334190892 334190892
-373645951 -373645951
977686276 977686276
22899150 22899150
131384805 131384805
532265136 532265136
-45037181 -45037181
-73752173 -73752173
699572013 699572013
-729007129 -729007129
-86301361 -86301361
-691627112 -691627112
-263840232 -263840232
-862880640 -862880640
-40431759 -40431759
532116691 532116691
-363047604 -363047604
-286291569 -286291569
855012683 855012683
-695612748 -695612748
