50
-45470 40531
-93057 92848
-8801 7301
-85795 -16210
-72167 -21199
77855 84760
-85344 97468
-11954 85604
-31581 -13283
-95245 -93310
36538 90866
-61483 32959
53584 95292
-48073 18340
4315 32687
22356 75418
-21482 10777
-89231 33563
-46811 88832
-90255 67410
-73170 -51844
-93176 3292
-25254 55463
28647 55449
-77912 26270
-39149 -36402
-32208 4525
-26025 9584
45950 61063
63799 89696
-36336 -11587
-86036 46224
-37273 92424
-71255 -30815
-4076 94731
-65112 89800
-30340 -17340
-56662 38089
-68822 1886
-69365 91723
-16190 40732
-98393 66344
-89362 -85904
-95502 74147
-68862 -5079
51801 87265
-63394 1185
-84499 -67285
-89523 22083
-67564 55353
