200
-757198 304760
-742015 493613
-422404 998941
-722429 492073
287996 724108
-286296 795230
169667 606691
-558984 14038
-947244 175993
-78921 756346
-332373 -39934
-722337 -505130
-36073 -23443
-8142 199867
-147887 -55523
518620 541814
337011 838567
-791950 -470079
-435346 254389
833049 925233
-914426 -766400
347328 492943
-429998 509450
308984 540540
-962559 -641852
-556398 -66791
-680647 117244
23753 672416
-586637 -270982
-467207 -328378
-631083 -134319
-542274 985988
-598488 191569
-285587 861405
-503628 655017
-786826 639320
-171379 275256
-241215 245515
131100 952495
-630302 -158603
-628495 87056
-350397 -36360
-608653 -129547
-326537 471478
335579 675536
-557331 380121
-949033 994502
-980123 -181895
-430949 881882
-711438 588808
-671484 -589110
-665077 -81404
-263211 774085
-876828 993409
-433654 173724
-946431 -571030
-580429 520183
-963224 -207610
458412 906372
317588 370745
552063 998597
-396552 -212257
79866 505517
357614 552470
-503323 -289130
-567960 -129470
-948671 78786
557544 727346
-789303 493277
362512 571762
-314470 -28549
-776265 514278
579750 786554
333219 743674
648243 709968
-676361 49856
-171792 429877
-831022 375341
-506471 96891
-91812 913875
-597666 114632
-791681 208442
-973605 -764472
-595692 813854
-423207 697983
-151965 153762
53571 346576
179469 869104
580568 761794
-446332 938051
-710591 95699
234488 641262
-659965 -10189
-249204 822323
33981 716382
-937126 -685504
-269975 729960
-77848 998502
634149 682136
-861666 92924
-225299 968105
356514 753643
-939893 -930418
-475971 529288
-580734 593143
-852226 399211
-592976 -533675
-581243 452422
-828622 -729410
-907737 486582
209802 235143
-126747 733898
387633 804811
-756250 895542
-75612 463897
-128612 928375
97612 449937
-379084 509209
-917142 -377965
16214 536614
-547658 -380692
-702817 303671
88416 723965
-941803 -79536
29795 915112
-299858 24554
-899017 372229
-727720 -205095
566579 834969
207050 825526
71265 267909
-751007 674297
-591380 -463699
-145867 414591
-775596 -55595
-285503 662142
-627165 -518926
88238 922556
-727876 -171279
-875212 531117
-896852 -847988
-407488 481686
-622771 943074
-654842 766748
-724724 -690896
-925288 587757
-383834 815878
-75550 746512
22036 900464
-168356 7375
-323963 885153
556181 596124
121668 147369
-931565 -468904
-957658 999038
-384207 790915
-478542 -308327
-138010 956253
-453085 703010
-450727 161637
-881762 217538
-724590 -290788
-81339 561090
-629846 -504282
54291 913651
-832076 -377139
-242987 658771
-766752 719013
216948 821515
-390842 880652
-941708 714121
-947255 -875120
558134 997456
-909499 -698284
-905116 457259
-913281 997432
-399629 -287889
-442411 450732
281207 466674
-699825 883058
-764381 329932
356723 619290
579571 753830
-418552 765164
-888477 228043
-167462 742877
483191 594077
-651887 348196
-285510 246059
-83127 687053
90659 191449
-508743 -235460
-486567 317359
-374519 837517
-567660 572697
-833063 -612453
-618716 184145
-500688 125873
-399444 370973
675144 747759
