1000
4537949 9439998
-5094659 4249086
-8785839 8526305
-5310421 7301094
-8413166 -2432893
-3204490 2184055
-6682221 7570727
-2530705 5949443
-6301888 -5104423
343342 6455284
-7773927 5902673
-5034405 -2883052
-4291491 5526489
-2006944 -1763614
-3678614 7247145
-1293865 3359882
-4379953 -3103162
-3799638 9568344
4891562 7760524
-4150083 4642987
-7359734 375869
-6758578 8998118
-7099189 -122969
-2386228 4072019
-513734 9788336
364129 1409720
-9210640 8469630
-5997467 -3473079
-9071852 -1505263
-2646741 -739822
1592216 8055919
-9847292 -1816769
-1947693 1126350
-9577305 2566475
-2042390 -1792811
-8722813 7828382
-8375006 2124736
4432546 5912170
4447773 4703346
-4709658 -2703747
-7952105 816457
-9154030 342480
-8901251 -3520118
-7431327 8709429
1504090 6320499
-17064 7600652
-1023780 1716714
-3762915 2136150
-9861246 9275638
761060 5094858
1275620 4151273
-320998 2668051
-3464898 4931284
-3439018 4280014
-627813 1209755
-4029201 -2370552
2011795 3929105
-6464365 -550300
-15428 2136925
-5799966 -4897865
-7482128 -7010623
-3488108 7769792
-908678 7367691
-7276008 8971361
4070865 7309249
-2994191 5351456
-4662072 8113453
-7342663 4162346
-8208326 2771539
2715591 5357560
-4341385 9362467
-8686246 8814986
2081218 3058102
-6333032 1105967
-5174817 3158075
-6885451 -1954526
-5027268 3595974
-1403158 -538246
-1387908 5513682
-7807054 2685892
-1135885 4457387
-3110944 946058
-8331166 5504120
-4296382 9291001
2956774 9753463
438181 4149698
-765179 2977164
-115137 688281
-1131993 6870348
-9674116 -5762880
-2830946 224522
2591889 4331111
2036642 2803410
-3947713 -1695200
4129029 5393231
-6274609 8300802
112354 7998275
1131667 7966439
1723226 5471570
-2076084 4461150
9091149 9900164
-1580764 8148787
-1008605 367329
-8557658 -6791465
-9497167 5650035
-9063748 -7031876
-9664241 7988780
-3703696 7926164
-9223523 1863031
-6311497 7248881
-7385117 6731668
-8816649 6706344
-55232 7087072
5416808 8078394
-7243673 2347427
592824 6247177
-1312481 1671410
-5897959 6291602
4973779 8502789
-2419620 9296768
1438246 5048695
-3596712 3965911
-328347 4090112
1753623 4630438
-5927758 2519961
231970 3247438
-3972097 8977404
-8011431 8775644
-223243 6247014
-1593965 8598174
-7429820 4671711
-2411055 2754428
-9931046 -4732089
-4437276 -2607266
-3191019 1798637
-1099702 2520348
2366099 8630987
-8355180 -6181476
-5932783 3514866
-9532443 -5749781
-5494184 -2401107
7114717 8388721
-8967199 2212195
-9657159 654478
4851708 9347191
-3706734 6088268
-8165151 -1035160
-6433821 -227309
-282166 4515699
3127379 5327467
-9981556 -9784007
1207716 1507171
-8762983 4936517
1279324 4287896
-2325885 9384086
-9500652 2918926
233142 3629839
-6711635 -3396444
1550640 4949541
-4859722 8637250
-4942172 9462330
-7924818 -6270959
-3630921 7887430
-6754633 9300704
366195 1758705
-9219847 1296976
-8445110 -7933509
1018043 8647472
7001598 9472715
-6097774 6981725
-7086943 -4124396
-5111140 4673696
-8594909 4921174
-2320047 1981585
-2863023 6669390
-7087844 4089340
-7282434 -4233039
-2708202 4677866
3407227 7365637
-9247999 7215850
973696 6286432
-8256197 6322580
449312 2593467
-3614156 6267921
-5094472 9383274
-8433548 6472676
-4326875 9151241
-8860056 -6712955
-170908 1564279
-7589958 3077418
-7568452 -5329779
6843284 8600953
-8332406 9809745
-6145397 -1223098
5722733 7305576
-4187426 6696757
-2216775 -311616
-9155331 6228176
-6662817 -2948906
1879289 8916598
-8700766 6267672
-9959298 -4327216
7119152 8258596
-1162742 824085
-8158637 -6346599
2218635 7089273
-1019987 7919527
-6702855 7937906
5329407 6832513
-4812544 -1845341
-1410464 921888
8336428 9171689
-5843084 -4487076
-1276257 2693589
-5177755 182818
-4760045 3911951
3632105 5117842
5441904 9605470
-7796688 4289323
-5182218 3432304
-9394203 -7524698
-8991739 -1991637
-8351645 -2877669
-246807 7762068
5755265 6811958
8495346 9522811
-490967 593688
2800916 6624514
-9314414 967537
-2000291 2553454
-573379 7655001
-8750080 586761
-2261779 4248348
-6020181 9864646
503369 1908608
4387549 9409145
6874931 8017688
-5929489 5210898
-3216608 -2906190
1545367 4911551
-7923704 -7110180
-8167427 8585753
-8371616 -2265057
-8525909 -8312392
4151457 6159903
-7077816 -3590209
4902297 7952454
-9940254 1700106
413974 610835
-6620499 -2985335
-9009464 6439066
1912504 2864783
1141312 7609165
-6528570 2077773
-1242842 8790726
-2028145 2253549
-7574206 -5112933
3444393 4300908
-8967558 572896
-5298374 9485986
-3865754 2500793
406293 2497799
-6333068 8005078
-7216812 -213097
-9437389 -8184325
-2902257 6992735
-6985340 2438757
6437714 7296420
-6184300 3968730
-9593310 5559855
-2325909 1636939
778900 8658342
-9649610 941654
-3922002 -1265116
-2073064 5317797
1257345 6619809
-1459280 2436815
-6791809 7248332
-5547663 9709932
-6657954 -928606
-8751726 -7581572
-9765364 -7903063
-5906082 9911645
3140012 7843675
-5624230 -2785918
6443824 9217860
-9892511 -1073054
-6886728 -2662601
-7034872 1170692
-1106210 9832588
-992499 9192985
-6262733 2928000
-4770314 -120797
-8670145 -6784822
2195978 6982684
-4397123 2723523
-3119309 1533587
-8608713 -295280
-9128828 -869830
532189 4053317
4360223 5861939
-6682521 -1661029
-9599852 -6221003
-2277665 1198773
-1161585 -96325
435236 2582102
-7026778 5592033
-275539 122334
-9232277 9246060
-4141626 1687990
-2292695 8630053
-7029925 4070293
-9550194 8959359
7865534 8633082
-8121588 5900737
-5025861 -267351
-9894810 -2261760
-5230777 -1905129
1165100 3228944
-8551687 6186496
-476252 3903566
176359 6466941
5573832 8234634
8481822 9140103
-2783531 7758404
-3391712 3396970
3477303 7408513
775986 4627352
-8862752 -7873514
6283857 9120753
-5795711 -2637439
-8803819 199661
3749523 5996003
-9653674 -5128068
-8176063 8809038
-36977 6855725
-8719057 -8175365
4703781 9643175
-9620305 -6797406
-4226655 7128426
-404796 -108029
-3461836 1824499
-4443715 1560388
-9611964 2841648
-2879843 5249642
6708591 9029257
3856166 4394441
-4650503 8313652
1306834 9620880
-7996736 4777881
-2998614 3592950
-4562604 6158239
984526 6342608
8342007 8654000
-8871551 -8868621
-4299893 2043392
2234529 9876623
-5057506 -2211813
225916 974221
-6130653 7140242
-9560332 -9171874
-629335 7187746
-9403726 2798937
-4794321 2542479
-3566095 2333242
-7329130 3504277
-2827877 9389246
-3497605 1512766
8074346 9090447
-8855151 -8509772
4488309 8891566
-9643127 -7601475
988254 6358348
638837 6037599
990895 3338421
-2849482 7290760
-7467086 5418939
-7682622 567368
-9165137 -4673255
161249 5245725
1811879 3322427
-2729195 4893580
-136034 4689165
-7664620 -6293917
-9343726 -7011868
-4469655 7456945
529307 4043702
-6397698 -36432
7688979 8128805
-9510910 9096933
-4308352 4153327
-8848893 -2534793
-7240451 -3995986
-7569644 -7215875
-1706693 -871912
-4131435 -2086168
-5729766 4558618
-2826837 254314
-7289788 -2903153
1777405 5135335
-9181582 4700810
-7842212 8419212
-4579385 1604317
-6790734 2177743
-7962322 -1527280
-8010061 -7687613
-2975103 3505176
-6685475 -1705711
-5611946 7602111
61735 859431
-4446086 2641501
-6555789 6523359
-7069473 -3919952
-9880186 6348397
-9750016 9339150
3902207 9148225
-1866800 -1642004
-3801580 1911423
-874303 6662639
2655254 3244107
-8391353 -5364428
-7621675 8536549
153750 8771810
-6829439 -255465
-3015894 9654211
-7679242 6523756
1627958 2671374
-470996 8258526
1775238 9476208
-5613762 -2363701
-7486072 9487505
-9704919 2514121
-4211640 3900130
-2957009 9715384
-3482554 2275398
-1861313 -1856655
-2950984 2218033
-2900016 6804540
3844222 7556230
-7844303 -2936538
-9103275 7808071
-8778856 4503323
-6392308 7207231
5440501 9800052
-7079078 9895993
-7620167 3575495
-9651424 8899904
-6631873 -1034021
1549076 5601611
-7839869 1392431
-476795 6806465
867840 5339889
1013292 2139130
-5317288 3110046
-9953116 -9812505
6391582 9492608
-8185201 6853552
6058268 8214554
8476661 9429550
-5907351 4922128
-9007223 -6848413
-8272757 -4153431
-5350481 6851756
-9537498 -7902220
3036543 8364871
-2745217 6915210
-9086188 6655865
-5464348 1584771
5166820 6170785
1307259 4142491
-9111900 602265
2897682 7955709
-6443986 2201671
-7113999 806497
-8244612 -503246
-483678 -386235
-1139640 1912588
-7581179 -1665658
2568123 7085610
-902263 3851884
-9014350 -348380
1673117 5429589
-7848788 -2458602
-5580622 8346511
-8711986 37617
-8769484 789910
-6766335 -5966052
-432258 4609725
-7926335 -416097
706594 6748709
1518656 3504054
-3693066 5026323
-9314240 -8691127
-8422773 -2149087
-5298022 8043914
2622456 5149987
-7405019 -4684833
-5667354 1213337
-7367786 1869674
-1490834 7562452
-1632291 9024423
7209098 7621904
1250330 1682399
-8545964 -6089197
-7187202 -7159462
-4483214 -1716305
-8407788 -1715427
-7306749 8659020
-5626905 7380526
-7402537 730274
-1218840 6338212
1403424 5297654
-4470128 5760225
-7812955 3338014
-9034761 -2948218
4232074 6551594
-5928281 -955472
-8163298 -5073613
-3656292 -1380100
-9055383 7132296
-7759610 9518877
-8690465 4735420
2663452 9691725
8511979 9833984
-2674097 9292099
-2937184 4346378
-8322050 4971623
2266595 9729937
699070 9420650
445568 7751035
-9813590 -1216980
-2942718 5685700
-7614035 -6560651
-4038875 1371257
-2425228 1986241
-5507919 3303640
-2848697 3291246
1454616 9523863
1386906 8219820
-3153863 301069
-5174809 221932
4562898 9342047
-9971300 -5937044
-8467464 -5054476
-7474410 181733
-4451358 7539357
-9342102 6648690
-1153041 1950906
4347919 5352471
3696196 6166119
985219 6785342
-8786291 2877964
-9809557 71553
-4266993 -1205600
4591269 7698708
-3066625 5042797
-20176 9208684
-9553429 9338289
-3441450 8106535
960637 8759628
8166719 9499563
-9525895 -1122639
7054167 7064412
-3329315 639395
-6889016 479555
-7765025 8874064
-953641 2450957
1916786 5865650
40159 3585979
-5569499 3489333
-7401326 2988266
-4866001 8997705
-7637029 707718
-9650105 -1552541
-1373667 6884843
-4337921 -2790436
-2862285 8932623
-7175339 2568123
-5971425 -434622
-1933674 9903234
-3240707 -1759117
4478372 6580817
-3209028 5558197
-5655635 6445267
-8235174 5610015
618223 9517927
-8573032 3267274
-4648743 -1805870
1282741 2291419
-9621685 8494855
-231798 8415521
1179068 9423480
9263650 9590917
-341555 1772184
1206891 9647375
-4925726 -2687221
-4245585 4233069
-9134808 5399279
-8538035 7357330
3492643 6397415
-1943438 3680759
4060527 9107537
3549577 8185675
-5873959 8341473
-3720721 6440211
-9642518 5204796
-8594607 9967419
-1709559 -1000444
1500085 3970993
2111881 2347702
-3931552 5843233
2997598 4323233
-6357036 7822333
-7406260 -2675610
656359 7308484
-4728038 -871973
5637779 7981072
-8363978 -5467506
-3129670 7055252
-3708653 564739
-3059208 9539176
-3098466 -1479872
-3976412 8643064
-4783477 9631808
21978 6549983
-1576374 4643804
-9922114 -9582461
-6611661 1880393
-1443494 -1308474
-8976296 7130931
-481838 9157552
2312826 5403330
-1345761 9119706
-7737193 7097632
-1236381 9461144
-5996347 -2681939
6694290 6828143
-7426431 195093
4042382 7880229
-469497 3136762
-4739509 9871673
-8208916 7900927
-1506262 2348622
-5018149 2528790
-6833985 -6472191
1973403 7392843
5271442 6116686
1468097 2428884
-9652875 3111973
1237298 4980756
-7469836 -3328030
2142934 7963293
-3847191 4143931
-6723490 124045
-9121634 -7457857
-8653856 8463055
1942995 6206067
7463344 9300603
-2435739 5800804
400932 2693652
-6360008 5919309
-2890512 4449755
-4230684 600670
343790 3582405
-7199286 -4582292
-194993 2951012
4908152 9470665
2168636 7682744
-3690177 9652150
2825765 6220100
-6749149 4809677
-9912705 -9230618
1808989 9585183
2063566 8202059
190199 978733
1571038 7600622
419873 6856316
-8258603 6462593
-1453718 5028839
5336703 8546081
-9085978 8283524
-4133064 -80166
1185454 3978838
-5539461 7205074
-1919059 9507375
-3697372 9255351
-4358849 9448082
-8681227 4506562
-1839401 1746361
-8428544 -3978655
538971 3590253
-9854584 1862330
-6501813 -5259282
-3909215 7630963
-9029385 9505816
5591516 7588456
1915415 9966757
5392556 8669002
-1196575 263655
-4851557 9745002
-7273422 -6271871
-1943762 6963098
-7843619 2411402
-3451373 783594
-5998464 1022221
-1498685 5864757
-7310456 -774941
264767 1769394
-3167744 -2606878
-1055931 7608483
-3539942 5466640
-5213827 5306960
-7209703 -1125962
-1508154 3889975
-3868149 1746505
-5586190 -260296
-7152084 5976642
-4383025 9243366
-6197202 -1205484
-4393976 7728781
-701536 3967130
9973903 9986537
-5903382 6021034
-5148917 6517418
-6392852 2718010
2634063 3693630
-1862585 -721311
-4916145 3466163
-5997587 -79445
-1264062 8075674
-8662656 -581232
-3733909 6621145
-9229376 3765088
-7567288 2534201
738381 3001443
-5721229 7950926
-7481766 -680107
-8488455 4123606
-1231918 4493110
-8805184 5026621
-5870143 -611103
-4533359 -382152
-7708758 -1935490
760481 4774458
1080925 6343949
3748074 7646542
-9430081 -2891067
-9893138 -318033
-543685 8222144
-7914721 -7681221
-4781406 257827
-7879549 4762270
-5161340 8838522
-5233802 9934294
-6337929 -4812314
-8471572 7449457
-1163028 8682228
-5515964 2802922
-1720051 4653348
-6544287 4782425
-6563450 -1469048
3657762 5177807
-3574276 680706
8408796 9388947
-3384856 7993502
-1374432 7829258
417367 7383195
-9448943 8860232
-217864 8138688
-3365361 7409392
-9691227 1705072
1691080 2135912
667618 9592575
661441 8115310
-6401879 -6256502
-8452162 5092706
-7683101 -5140910
2393386 7676989
-1040812 5900722
-8645722 8140759
-9608345 2839869
-125499 2137641
-7557634 8547476
3592912 6896635
1363099 8854371
-1503705 9698632
-632172 8931380
1696284 3986378
2758269 8499394
-8514762 -8355389
-8234519 -2490018
-6157109 -3281872
1068738 8549708
-1886134 7641080
-7801820 -1718643
-656077 1552460
-7952119 -1618983
-4540240 1321169
-6432570 6852257
-8903625 -1792146
6003717 7219615
-2225140 1335799
-636748 579161
7373321 8834056
-2671682 1619227
-6903585 2698061
7194923 8763340
-7652641 6558774
-7958801 8881688
-7229066 1677389
-2843887 3566018
-2126529 8933407
-4124020 7357582
-2860026 -801082
-576578 517091
-1948577 -1689111
-90488 3090083
-9957728 507758
-1885579 4559784
-4467188 7926562
-8619070 235474
-4460351 7490728
-7285303 7438374
-5891199 4703952
6488213 6782413
-8470811 792634
-3278888 8860811
-797313 5934662
-8407391 -2934405
-8045514 -1629222
-9703702 5223403
-1346493 969270
-9131073 -296453
-5486751 7112495
-3022513 8761387
-7278124 8610470
-9136716 6865483
6746253 7231877
-5337159 4549022
-1923738 2095066
4211947 6586297
-4264061 -990399
477181 7728099
-6177232 -2141241
3860784 5578344
3973197 4601970
6028458 8184975
6957049 7291854
4562408 7942810
-7125146 -4672141
-4710080 6187254
-1914078 8074744
-7200229 6361685
-4290910 8373291
-3829521 7025619
-1598464 7664103
-2318480 8560458
-5919315 2436915
-6161289 -886442
-5070924 667985
-8575163 4043436
-314394 2786813
-340895 7968156
-4259167 789864
-6048588 -5506582
247049 5163339
3348710 9480871
-497167 5552539
-5413723 8231000
-2519439 6928428
-9396304 -481916
8412903 8548225
-9945937 1349674
5729176 8705754
-7660267 -991119
-7460189 9576969
-4492611 7635338
-4749391 5275875
-7728159 -6492888
-9498851 -2042526
7421874 7587793
-1741626 988883
1310636 2985556
-5792115 9284659
1698233 7942605
-2763300 8176390
-7871591 -6559566
-7965389 5864070
-246997 6078613
-5270273 -5053582
540058 5855449
-1605562 2415384
-8657942 -2569902
-884136 6128152
-8194933 -2196153
4253605 6976949
356386 568646
-7445400 2677201
268322 5371404
-4332902 -1756265
-4077532 6271048
-2040177 2161030
-7341730 202874
-8095816 -912776
4810198 8982555
-8290782 -4865794
-9133335 -7794955
-4710143 8509231
1195793 9890729
-1718701 744829
4514492 7861234
-3458601 8380580
-1229692 6568320
-1351511 -955108
-7542279 -5205420
-9128831 1940514
-6310346 -3105837
-4046902 -3078114
-3070580 5970161
-5184518 2418140
-5733594 -1367801
-8836818 -3503057
1692478 2958790
-7213061 -5101235
-9790138 542217
575251 9300163
-2579568 6607704
-4344955 -2611530
-1325217 -923912
-289152 -176339
-4493743 9631114
-9018962 8051527
-2363802 4341390
-9071875 2876649
-4417305 4980552
302010 783427
6174739 7282916
-3124526 1797971
-3135714 -2476989
-9846860 9625913
3716897 8317360
-2901666 7140493
-2618251 7652821
7000349 9926329
1023219 9874053
-6945142 4396384
8928899 9426699
-1007670 6130834
1262903 6729129
-7622006 453919
-8507397 8746457
-9859449 -3142080
-4010009 5104307
-3245374 -2064915
1370846 9489924
2413567 4048652
-8809966 -150212
-8536716 8864127
-9121388 1105412
-7266077 9208101
-9658246 6266207
-7356020 -5581643
2865634 2982244
82433 9534144
-5774406 5213182
-7905480 9078165
290442 4930255
6121473 8178758
-4911185 8481966
-1209141 2914614
-5854228 4468069
243785 2563927
5051462 8920715
-9491180 4763768
-8610863 -168289
-8714911 -6586150
1355530 3512809
697128 9725654
-9259533 -4671462
-816815 4197360
-6942838 -5546230
-7167519 -2313599
-3250225 7476524
-9319613 -8876237
2728853 4752033
-6320261 -2989265
-5155984 -2860335
-5928564 -4329879
-9962208 -1903884
-2459906 1460232
6621772 6867328
4452193 5841692
-4723058 -2038104
-407622 8993692
-8503268 1319879
-5538320 4583913
-2745945 9060216
-6069116 927781
-5098035 6232239
-1383352 781590
