3000
39469337 96773033
-55249859 39021763
-16356947 20125449
-21642112 50599846
43666620 45442936
-64936250 -46116703
82641692 96217703
30108426 85953589
-42049315 10266171
-56084193 45173004
-27633283 -25235618
-94555334 -44617663
32422237 46002741
-95703139 -6630847
-79196373 41379870
-50869847 -31363383
-16545198 57032996
-67418673 48906499
26919452 38519229
15490021 64949938
55994179 75732938
-67535617 65621685
-83075534 36111380
40235464 53642164
-35822164 122663
-15792496 13445879
-21324949 -18475678
-40065873 1697265
-47465148 -42904050
-90455854 93583545
-72209612 -694575
-42959341 96895721
-95714768 -587975
-44105638 80504581
-60296140 59531130
6858601 36919323
-56172447 15748114
14742850 32580054
72948370 91465544
-92613172 -89619649
28679770 44286879
-197093 70639026
-12551556 5037673
47310274 66443839
-20823387 3507745
-84230892 72145013
-94877738 74461836
-77007403 67791363
-37876892 82213116
-27926695 60850110
88496215 96974721
58470383 63711542
-61457243 68996160
-57530289 -54315760
-48594834 -40119915
-66654986 38464266
-88527184 18898527
-59283177 45316434
-78439830 -69432628
-91538504 -75011128
-58306155 -29692589
-65098847 25388810
14511024 77023392
-36956924 93976444
46885113 72969298
-56238737 -35945587
28468807 32605436
68753985 98923206
-18019292 -1274222
-33860219 -29768973
-71373904 -55093111
15679864 15852751
-11047084 -2798405
13804315 48192906
23848741 94218584
-42521451 20922220
-29961402 21613925
-8990197 35356802
-91650582 -21625416
-82077916 -37819999
-51014945 9694586
-2209468 46497309
52449180 61300089
44393592 99778725
-72047859 49563788
1906511 89580978
-80739133 -15464026
12621519 55408079
-11792637 92238249
-98433715 67404031
12211571 55111378
-70607948 62323610
-71521923 876509
-96965816 19269075
-41144410 98233570
-95354911 36911262
-88938115 -35990408
15316340 23632670
4468623 55794399
-14338611 -3112096
-32713105 48195149
-73346224 -1237117
-4484137 -3492930
5078940 67238112
75387522 93736096
-48704424 59155791
-96814641 31786034
9644939 98503171
46894240 82848129
-96259364 11895544
-80425886 29584765
38191826 40570999
-48539235 -1842123
-16283584 5646371
-9567913 74346779
-74031536 12556481
-76971272 -9132245
-63251706 78520671
-23443284 78516650
-6708076 20332332
-80693882 12815554
44920934 64242782
-46252535 61346674
32472447 85752618
-8454495 98492969
-34945065 -34731996
-33314795 60658736
-47262025 -15002793
-52247127 -2054352
-31245094 32068091
46196388 60359715
87793080 95014758
-71397616 -30714971
-73445084 70151984
68872552 70553577
-65546781 -12771146
-73819684 -44590695
-81060940 43937559
-44493836 12212399
13912285 50988105
19222743 63974279
-90841398 -35494084
-54747839 55826237
-82973784 59970447
-73932890 -40487138
28144191 64467883
-26840637 14533523
28831545 92892201
75951652 83080026
-28114281 85652146
42548709 56455357
-42141788 34944404
26954874 33962795
-57706326 29780417
3162142 5099881
-57993342 25210778
-66522602 32501779
-55297314 -42363970
-82309831 18242911
-59774340 97480102
-33881326 1748399
-41607815 45142177
-62724758 721211
23002289 52819149
21521003 56607506
-7025479 79870253
-63435246 -21708205
-65534350 -14512256
-47158360 75551073
-79172573 71700417
-40356850 70934501
-294722 76278156
-93324510 -46585784
-21291411 36585790
-98168229 -47608823
23537748 84318611
-31277066 81026893
-94889326 85310595
-1750650 29412574
-78766024 42201837
-25919400 82026904
-22800955 -17755031
-54356907 89899947
-73898889 23071076
12525793 38313322
-79740150 -24364184
-75120591 37365343
-96349239 -88189508
48608565 94131932
-87475998 97023566
14043706 80963527
-83529313 93687511
-46918744 55319558
-63950342 17908706
-68686057 94037044
-37422383 -16503855
-12640581 3093988
-95157478 -93968313
-49155595 94662607
-64356157 2136960
44721988 47064249
-93404910 55413657
-50310593 -32993288
-75551684 55141146
10270199 64694189
-43318737 3394528
-38992166 -18325261
-33299929 96611542
-50828811 61864969
-41368393 78832319
-57459542 -31989921
-31960428 37181861
-68337109 -18930402
-74081979 6045430
38541432 59473870
-91611252 -23390421
-95430622 -33233792
14490181 29078146
-50747110 9427110
-29275884 -8752173
-32927219 86905786
-57482756 -32379267
5689928 31924712
-76376535 -19659934
-88655900 66814594
-56678723 32412002
-96772536 540324
38925629 73872157
-22694948 75161175
-78820536 77634885
-91201149 10984850
-89073827 -57929835
19810189 61494640
-46238870 28287948
-60724849 77996922
-59098889 49213252
46901974 51138343
36871346 40675625
7769565 86643765
-71151318 -60077627
-51054858 76721597
-60174286 -5489141
-35984405 24636935
-12027583 24179303
-87223214 60805093
-87970667 82142251
55346212 80514865
35749500 53018687
-66539793 50593256
-41538724 30022292
-95664162 -29355245
-73466273 -69854307
-85470933 40083093
-32079294 41752514
-20621088 27699430
-34302030 58008115
-85889533 55768366
-39054990 34478286
-48513720 -14828781
-84661591 -41783255
8213683 52976499
42612958 59068716
89235117 98729548
-61334544 15164420
-82438431 31576531
-73054447 757573
-20631870 -18335313
46848730 76559442
-16801192 86442396
-91186621 22801119
-15015559 11520974
-53791036 18470613
20526456 93875800
63720300 96496809
-38094269 49113690
12184623 30801216
-99259595 -8441901
-38725605 87053119
91399027 93044592
34521151 35831946
-81815792 44607231
285974 82723017
-95029664 83489337
-76146006 -13981224
-11853087 67691327
-66150619 47752739
-46089653 54053243
-32499195 48448018
-87252283 -19227947
-67014953 -65444443
-83036799 48219160
-11902550 -9862608
48699888 78430901
-12175065 9418134
23005764 83015991
-13241801 35048744
-75941314 24333453
3579929 45848621
-63984300 11299222
24429567 88852344
-96350602 -22761414
-50175337 -43242931
-93066862 23714764
-62735653 28405434
-60083275 93619638
-73992655 38812398
-43972418 19506667
-84525595 -48614495
42235649 77554584
-36850876 -36429897
-30142947 169440
27688542 59180459
16921980 63606843
22451961 58216653
-70063526 92047484
-58495481 -36201655
-95687134 -90940497
-71424700 -33493024
-83057337 99901470
-65157821 -15942730
25237621 61468653
-70471289 97258789
43227132 50324016
-8975180 39112329
-46411376 23021179
-57954883 22481475
-96900902 -62416306
-35472494 58361964
-63875300 -63482686
-18595560 97900798
-76641711 95253885
-25753498 -20403670
-48840695 -1672564
-34112348 3033492
-88662173 -44323894
2556710 92900471
-99043405 -35604882
31041592 56608921
57873721 63480496
-25030033 -542442
-55448446 54751811
-65192937 24220284
68278022 89148928
-54359362 -32295657
-64847675 60535257
-89724349 72423324
-81244156 -53234338
-63988578 -23846942
-32867540 56155530
-99337900 -12487690
-71560153 -26677493
-57405457 -43702038
-64192191 -49856021
1786970 88221652
281750 49020366
-85143496 -29415574
-42764791 67966329
-25418104 20664295
-86334950 -24069505
31379903 47357263
-97412481 17552017
80302018 83927027
-82563620 45527976
-96947237 -86399938
-12549517 22476484
-99974673 -743893
-22902848 52418427
-90391024 54625706
-76863774 97508519
-8975443 61065770
-18729432 47207530
-98175842 23243468
-98253577 70399390
-96374317 -18619912
-54671906 11378472
-40676548 14248000
-5841457 49091334
-78978295 73367019
-26500971 -8261062
51188939 90363793
-96394086 -46932609
-45386025 4833470
-47121102 -44519456
-31221785 69607445
-71709047 50922936
-47399338 48337746
-39670467 41089161
-64878251 56117825
48538806 60486995
-19081170 35106870
-98789129 -63635626
-95915188 30531907
-45537707 -11938344
41536860 90297096
-88791264 -83178566
74805248 86598121
62149882 89313875
-23942674 15157176
-32289905 75364352
56275645 71167320
-40684585 -8283739
12323574 73156199
40068482 85355357
29166396 95852917
68471193 75103779
-57987566 55071619
-33215778 -10408530
-98553110 -25022963
-28716523 2352181
-83898911 64653412
-18620020 32231693
-21559057 84019355
21619686 71071492
-83214183 45805547
-39434663 33196520
-67458956 77588197
31801549 47462132
-48868374 71305841
-85282000 9313961
-43537032 59081228
-87591422 82742536
-89294371 -66315833
-94431385 29578008
-21844526 91231375
-22374058 -19132174
-75339131 15972393
18954080 31276050
32642132 45783669
-61836366 -10992282
-43801625 1823622
-95843238 44555363
-66198928 26773689
2749248 24092114
-50941614 -6746503
-83539538 64849845
17219862 99911107
26527768 70223812
-4918999 16213497
29119119 47429346
-35845489 -25946727
-79595420 61846102
-47117534 8974732
-93334138 -63257866
23112264 25149334
-36021482 79038306
-66522965 -1501196
-90012605 -19725168
-44962096 -40986431
-92225488 8467711
-38094737 23846517
-32307998 70462302
-31645429 46334097
-63761040 -27595569
-18593556 -3072224
-91954847 -54050932
-55839197 14500184
46014819 56373519
-86888692 29195957
2347092 54271369
40094597 67957536
-49760496 -31567293
-80081800 -27976903
-86585464 -20710313
-92122893 85167178
-94792095 -38255991
-43954086 -32661709
-93650930 62844692
-71771733 -51781288
-36177910 59824574
48744929 91194672
-30505816 31571607
41094921 91958851
-30040132 19056780
-95089589 -19331312
-20189717 92739802
69689714 94969430
-30233836 46344632
2442433 12298260
-87735445 -1615895
-54556560 -52469454
8799512 65049365
-52937858 99089113
-82507306 -35390569
-54321884 -35472008
-88900603 -55196224
-85685429 31578258
-74103577 -11866137
-72213017 91883076
-92156700 41519067
-94068605 33411827
-87574255 71574814
-88994450 98634666
-68059770 -49448978
-55868001 57572882
-78911574 -5983470
-85895433 -65900565
-44803181 -33471190
-20851712 7634648
-84534937 78966811
-99268646 -37653568
-34420814 778537
-90668088 75113545
-30925239 65487456
-63186481 83005431
79822196 94348930
-58936095 -16824903
-26985128 62082659
-14564530 3673329
-12756578 -4060132
-48554483 29264092
-85003290 32661814
77024230 99039954
-56167587 88921349
-96825220 6617693
-84470462 46730068
-26136627 80136019
-6611837 22322672
-90552669 -10619838
-34433204 72824706
-87448200 -10671669
914938 41047923
-67309021 -60871419
31352952 53672945
-67268621 -24804977
-81133706 -25311374
-57825369 12439807
-83220636 -37354969
-84054896 -33379734
-25538572 87703699
-19932003 97624452
-30041335 45505914
-85628881 60530841
-37284388 -23269004
-93785923 15242103
-96848961 -75449059
-62283373 36828230
-31154402 95877672
-86819962 26307356
-30347500 4893249
73496747 96341708
-16037868 -2608970
7045070 73840001
-28361192 -17358204
-80005330 -70628417
-76559461 -51149302
-68131861 -65690106
-41017445 -35147196
7786073 56652262
49233560 81348067
67511635 79744029
-99980708 -66729782
-64815391 73079549
45074587 76635705
-63440247 86141282
68629248 77849961
-99601058 74122577
-54773107 47382903
-71886506 -43374811
-83998436 -40252705
-57859191 53375594
-72649502 -13736234
-2884398 8936432
-96398248 63306594
-4072564 34671082
-19687206 19450273
-59745647 82188790
-2236386 69741076
13779904 78230903
-40663333 -7531359
-72341001 27769721
-21378383 87913548
-57119138 -33211756
3226043 74787960
-68293536 28413706
-92839208 -24653462
10390811 90079121
13141525 25061725
-97570770 -15961705
-42601765 52198355
-48636783 -28127862
-15230609 2939074
-89797689 53059221
-74252854 -4298679
-43450999 89548511
44783000 50948888
-30248839 99866136
-18024610 83869796
-58709394 -38481500
66423476 81737319
-58826552 71259916
-66068216 43944003
-96493212 -51715043
-43067733 96369841
-61602857 90235054
-80819758 -29266745
-44682163 -36111232
26904074 32452255
-23411611 18878424
-76491341 96931396
-90786634 -19126778
-22875521 24543466
44070754 76406812
61746824 66425469
-98953384 -13597314
-58558111 -13642261
-83681623 92051780
-98318527 -15743041
-88296934 -75225150
-69076102 21734044
-4891464 83445250
-94712294 -11103676
-79652115 97728881
-45469410 -10202551
50119697 62826683
-49938305 -30704991
-78347721 -76173443
-12052375 5769739
2585759 13344778
-56996039 -14730657
-29084009 -19352020
-57585593 -43758478
-67230499 11591276
-44056108 87219678
-95616412 90418763
-11199906 32997772
-98202968 30875115
-46800203 -980816
41935909 51215765
-49876856 43922086
13828718 51855142
-36944514 54246126
-66683909 70906087
-90120981 74979371
-75359616 -71773591
53457008 78581528
-17569525 1655808
-46406687 7696701
-4215973 32408535
-42693773 28266863
-99536627 -69470869
-2930 86373934
5815742 42641873
-85010389 -58974985
-47994024 64552517
-11361559 83018569
-21157686 -13531705
-56661530 73363660
-32245737 51416833
-90523930 -41654863
-125600 7140321
-22184234 74461527
20352507 60039827
-95586887 -6519778
-46607832 33130140
-37920515 59378570
-7520892 63678503
67037662 94455464
-51226965 61206508
-16281768 19832335
-73223562 25311098
-89735772 -88706867
-52947975 79966817
-74193498 -3719654
-37862058 85272724
-34247582 25991892
-77671079 61810622
-79280208 41181397
-6282800 94429546
21019819 36969697
30944906 40286964
22415726 56404132
-96956781 51857989
-64616308 -44391132
6893821 16269408
2812003 23953840
-88063521 9869229
-20685974 -14523525
-8075535 42785699
10537688 52087338
47725376 95479552
-49840992 -37188531
-14390577 49210284
-59581701 -31160394
-31025842 9797814
-53324008 36115649
-80921546 46780717
-33348965 -3026275
-96606850 -31703572
-3488374 43798469
-98534208 39742815
24442016 78562776
-48092516 62430641
-65844819 24409387
-60450714 87579206
-97606775 59884638
-72295705 40145814
43147669 71910391
-26931877 59206039
-89656351 64847794
-8852624 39112104
-50023318 93644561
-95593217 84584198
-33664680 61250498
-36118315 82799303
-75813140 -55969678
-76912689 -75486199
-92887667 14659966
-65729194 80353113
15057263 84103789
-80986580 62057103
-15441453 50329381
-48526245 9656760
-48556527 16062055
3241487 59538320
-36110037 5544462
-98961015 83305761
31855432 49401654
-27594683 -26085986
71314866 83620399
-72882189 -33329264
-46476072 49022143
-98313404 -20498626
-70127695 60118056
-46227566 -5516638
20250796 89204012
-10716307 29430638
-63214837 -43894207
5280678 85875285
-43019319 52063911
-89004488 -32961138
-78603441 -9711049
33734606 68891975
-89141334 35756808
-75832595 -28064335
20125411 31203169
-45968812 78922369
-86792159 75962152
82587055 89616939
-91681520 44267577
-56947821 54921883
-97516886 62053128
-65882430 -65094183
-41574763 -754637
-29764363 78321687
-93251240 75648504
-44226320 42701971
-70360390 -3288679
40755490 52691264
-35121237 63299455
-89720208 66872102
-13275012 -4397863
86967246 90753562
-58668876 12649868
-53391098 47191699
-89444969 93502640
-80559593 -47384831
-61171528 29307372
38673376 64613637
-43410663 10968801
-91122898 89116592
-65120517 29808048
-55603285 -11299215
-46264312 -32938049
-73747219 32607819
86936255 97227949
7982085 16152754
-82371569 61392440
-13119469 79407386
-94055454 86488838
14252919 96747385
-65594705 -50967101
-54385288 19828908
-7074014 14579346
30230234 94350307
-97636228 -5874671
-73864150 -50124211
11198450 33669433
12776010 67467365
6603846 14081289
46916695 65598957
-81176231 -51705713
-30766483 -24542172
-98205394 72407721
-80759473 48298379
-77858934 39601888
-24319061 50366598
-66354233 76800899
40725132 52368906
-77727846 -36244761
-9732799 -2139348
-71134404 93540000
-94079474 -18254657
19096547 63341328
-13641985 54309616
-80514460 73656302
-17985244 60355689
-73796108 51698912
-15799213 68670093
-64229827 -35929956
-40998851 4653317
-7664369 31212791
-93948691 19105017
-72725536 13347898
-81455419 83937773
-31311398 11431399
-70724442 -53927066
-94650388 -51062740
-60204811 -44387813
-77853285 -9300580
-40565794 99482824
17034012 34680783
71976833 72664474
71572317 72254041
30147016 72552129
-64162852 -59380794
28424080 50984595
-83426516 -39106933
-74046596 15510499
-66064033 28163002
46107096 60501598
-9627692 30901926
-95907343 43642195
-41546639 81448653
-46074750 45959254
70448603 83851751
35730766 79670102
-58180929 16743454
-5626874 18253024
-56332536 82670138
-80450066 84239462
-5912452 7719860
-60250275 -36042347
-96176931 28347912
-90716073 -48708564
-42167297 54325701
-68621214 41892394
-87575946 -55225446
-81034567 94481735
30392435 81709185
-45923046 53373965
25148167 62740842
-73367511 -47397047
-54451062 -49709044
-54500514 -33644581
-83815990 57896984
-56641561 2878858
-51154819 75154324
-11102224 -10385785
13944234 56974998
-50193400 68312807
-14909428 70501463
-94539320 -8128999
-68795051 82343537
44883949 54144652
4082809 51454039
-17085222 82759460
-17980886 77784760
22808153 73833160
-92106856 -94172
-46863898 15681512
-13096484 29624094
-28772705 60196400
19951316 91520779
-38309170 27984829
-46008256 -17097952
74911910 91467214
-97672451 -36448079
29255002 87295439
-82064115 -379960
-89332317 85624597
6311820 81102883
-95578743 -52410996
-52903622 14805461
-87967699 -27879984
-58759871 52862972
-60160120 16311983
-70618212 -17095321
-89894872 -22946866
-25502617 57822925
-46235622 63327294
48511341 65590566
-52628905 9801776
18357796 25536067
37751532 44812032
-492613 27894755
-97212524 -63032732
-67162108 59235686
-50897452 -10844043
-92020996 20024929
-66199739 59252077
24498079 99754862
-50718719 32955480
-53337866 22416276
15575685 78788590
-79099007 -41399033
62888641 66048179
-59650127 -19955127
-86598019 84275164
-36851686 76495097
-47667690 -27810632
63445268 88652214
55555404 75744162
-40019814 -19759324
-53590760 21963021
-82443965 49622684
-45974626 -44161703
78121994 92616816
-42633477 -1663338
28123125 37164069
35768895 60959534
-20222727 95961900
-59433904 69387953
-66488665 6057981
-3193330 10723924
-88313881 -11917123
-26644255 9409965
4784500 82258443
51250243 54017140
-93129015 95220603
-47707933 -1990255
-74492917 1763027
-36524548 50235888
-36309729 66678181
-48372253 -33863099
18382389 49781688
-69963119 -14086608
-93746431 -4540632
24661933 29395954
-45428254 89282849
-37736637 74877914
-61444419 55263781
-73848265 13419715
50763258 94507157
18293860 29452412
8209271 66855273
42966716 93988025
-53285658 -42261587
24518048 52974038
-37322727 4120864
-90475965 64386750
-70166158 65167186
-19011188 -12479734
-91430125 3375381
2744341 34514172
-67272385 99798517
-99392298 82126192
-17825152 40348627
-92150236 72099854
-66180840 7217959
-10686661 20247451
-45670173 96095665
-83879043 75654817
13693692 54386317
-95766852 -47902737
-25555563 78929206
-63788390 -40725278
17470616 33257974
-59858587 -30814638
-64873830 -51120586
-13890244 24508530
-41641790 32062691
15888561 78352918
-8629722 37790099
-61141078 46660290
-65714824 59437469
-27363211 73637474
-66431601 70124920
-35755510 98049365
18265501 95116119
-13680343 1073353
-24753176 54350148
-29628342 80492317
-95931774 1500228
-60883990 20764434
-60095998 -41340284
-75265313 -46522861
59825790 68163185
-85482132 -36136297
3439805 51674260
-29600020 8676370
-62328896 -14332010
-19657747 -18602351
-11184085 30210694
-31844416 21989220
-92330562 -61968790
-65144599 80610793
20076842 37794438
-94927069 12278369
71513424 93637221
51429673 94758112
12213179 82019357
-85297506 93329649
-64335781 -58525835
-76090805 64997860
-41045141 82226590
-9569041 70893047
1347358 32722009
-38731295 84786639
-89255563 73690193
-63604322 -28033481
-46183322 16922571
25169697 38657764
-10567967 78100544
-95470496 20753365
-70916528 5430559
-87092238 -68282955
-67230738 99796988
-21827940 83251075
81408956 84357090
42942769 97372486
90317477 96733988
-95000217 91360844
-91341729 -18031978
20222266 56985715
-42261987 77943533
-56366171 48705244
-23853190 49832735
-6291407 8671276
-99264008 82453605
-96032303 -62903595
-19642012 98789190
4671740 37227656
-63420353 -420764
-76334213 81858213
-58481185 56306200
-54660029 -8331504
4832073 89531915
-76081770 -20604889
-50655495 -13792970
-46135616 52517814
-93824946 -82869745
-64399987 -44478275
-8299948 81587068
-48192985 82610673
-9651114 25196619
21093286 39899319
-2520620 31127631
7728608 58841248
696950 59014092
7184109 58684042
-48324814 10632199
-55874724 40047005
-96477635 63096449
-88774829 24852829
-99712422 94353882
15915375 44686116
-22610001 22812613
-11783714 96988534
-97470621 -10581652
-57942845 -46041343
-93559999 63303979
-1883586 43433682
-60536955 24808417
-96813246 -19496695
-59007509 9334438
24088098 85460885
37889435 89588542
25291417 76695113
-55822941 40274917
-61893163 -22244022
-24862649 -18040675
3024249 39947699
39127580 73690301
32250062 51739826
-26116198 83121729
-50074491 -39443597
-92045905 -8867003
-46768014 39678207
-83717750 -47389100
-81486086 -19879825
35167992 72699377
-19938937 27465994
-96558418 -3884689
-67257493 -60526041
-11787731 14200876
-34802182 -7858651
-752468 7274365
-63718744 -14620018
7606729 72094358
-18868605 23936693
-8528378 -4058864
-56227937 85572142
-49755886 -12659478
48959730 79651013
-79884468 73909212
-57718933 54293279
-61866978 56975675
441257 89633227
-64767679 -16929129
27446800 92825656
-14345635 75149285
-23795581 -7398517
-40146244 85858737
26572918 43041447
-91234421 -76790217
15438708 50301128
-14604302 16884496
-56513559 90304050
12664470 73645762
40907088 91021883
-44436374 -18111552
-68337649 -32436471
-39766322 2178565
14047793 22665104
-86620833 98831906
-86912887 65977344
13141084 61637944
-58989041 21550212
-51983736 87852752
-87436009 -4367559
-78329101 -74715049
-91041352 43499592
26853185 92420465
-51123848 75341319
-58851204 -53417837
-93694846 80154830
30926632 69985996
-75670838 54536814
-45878447 45066294
-36655281 51044829
-45357462 52283080
8179719 45902455
-22828634 20688581
-75198060 27923415
-14352104 31882387
-8328074 5000648
-61243531 58570081
-99331380 -31803611
-22509388 41597918
18133183 18191456
41175695 95959684
6737727 88814954
-87031546 -81694229
-73987345 3220317
-29395291 43662368
-68185717 33574479
-45745896 53336911
-80041737 33721201
-61010479 67977320
-39153741 -31429924
35999305 83066946
-79995663 48811723
-73997937 92144066
-93815126 -11449774
7970096 79923981
-65467677 -626095
63918784 85844671
20493799 80638326
-69098680 63481956
-97547718 -2564866
-80557127 63682751
-96584783 -82549791
-90437765 -45537883
-93085108 -42845798
-44240199 53560838
-12396211 11696358
-54853539 -22903087
-76177356 -45304886
-61269340 35679721
-12409912 40366100
65016026 71396603
-30939625 -14752671
33381125 79527028
4174391 74220774
47670436 51301608
32947942 66819142
70876252 76732996
-75155948 2927804
-68670614 71919104
-79763888 98067191
-2937456 53243134
38152685 92636526
12468583 47602855
-46779139 38973289
-36849293 61244210
-52305270 7362303
-57473325 -6252243
-83241847 -3035797
6867573 54127632
8195570 11589227
-76376220 -47348492
-45318054 8420226
-80840719 20786625
-54118553 50422082
-65938246 -42469341
-13320148 45730171
81417573 84484486
-63570507 -38737352
-59031743 -22247172
-41811750 86383648
-52442343 -47947285
-57429467 59083891
-78444854 -72000107
-72447078 7700803
-39446329 47068500
48225819 75902542
-83836306 31096916
-73244966 -37223292
-25746277 -22156050
-55893944 58320141
-49259688 32282556
-19650019 -18895142
13518143 39883092
-88820308 -70020157
-94938725 76696606
-51188860 30300024
-99879345 65490451
-80561827 91094516
-93965216 14196940
-54026964 -52560611
60413394 78370244
-56379861 -11494130
-68078853 9909221
-36989198 80340100
-70652575 -34196111
44416208 47973099
-29300068 -23809991
-39726551 73136503
-61457650 76351418
51461173 66532378
-81128094 -65882379
654285 34297244
-87296544 -21211644
28912511 45705150
1371159 6720308
-30754609 56705848
38098068 44197887
-25688966 60503554
1406063 38575252
-21374451 13135303
25218429 73107001
-86096594 -65034394
-71102859 -4912486
-41074110 18473582
-63760342 -17181131
-64334172 70671217
-98244985 16253859
19666287 97324292
-29703669 -19731299
10850673 90507443
-99643463 22377592
-46940835 -11842974
-38990012 5064590
-80812340 39482682
-85914512 -27729384
-48240995 -37829480
-44244234 43876287
35261095 95372676
49231828 52727820
-78850348 -41011729
-43836920 -18319711
-4779362 90694558
31557315 44971989
19307967 56492176
-92420463 -61313454
-39047413 4396194
-48372175 -3476308
-82478593 69876675
-77554962 11315383
82839203 99528414
-25078138 91719789
-73860997 -30218114
47887033 70375904
16408194 37385799
60289862 90375426
-63638803 -11696551
-68065748 -17660591
-33436860 88925536
-67482637 2224717
-82294128 8317539
-31130127 53445825
-86816433 32698592
-53851137 -23445172
-95812458 -28075408
-47873009 -12995145
-62766124 12957501
-40733893 55747616
-50540758 -16097545
-78184224 14169372
54258117 89747223
39227345 71761414
-73685305 -20001807
39648142 40270081
13917083 33913566
61332046 96489346
37626455 65944553
-85300714 57003699
16694390 98192174
14873 32617623
63731231 88341578
41307098 82699355
-99110808 -57130442
-77857561 37415829
-12029090 -1930590
76011150 85075956
-78302321 80323753
-21113401 88592794
13797024 25293041
-81310014 51132273
25804916 42160727
-78851951 -62129522
-95072511 95286883
-63307645 7351581
40912930 43384195
-54190711 -36977083
-41687747 35574948
-70056978 -4751792
-52167755 7140394
-90314585 -88874089
509290 29706840
-93764297 75451657
-86752141 53098738
-75007772 26606703
2416037 71426212
-52944043 -19422588
-87150945 75057237
-66773291 -63705475
-69326046 -67663201
50214102 51078236
-98955566 -53216746
-69972853 40485863
-75858139 -326589
-70495751 -24689756
-41009000 -33143621
9768776 66576874
-1290442 89907086
-24018475 -18603560
-54721911 61293152
-9235931 6400640
406291 9874020
-18873140 82554033
-1065373 32226851
58816798 80090693
-55334708 42373877
-45713678 20487057
-3291566 42937723
20011330 72920490
20146006 59647592
-60278240 30963726
-50649511 65260075
-91117129 -3201178
-65471688 49186949
-92168689 26644750
18427288 62521617
-58245531 -46817752
-11663631 21231366
-14633443 91324411
-57465562 -27704916
-79517586 -54388038
-26869152 95678957
-20916916 44070309
-89164852 92425366
-83245044 30305781
-23147249 84053195
-24328055 -21569030
-60510797 15506869
-91589381 -85616088
-26891426 84243517
-6622512 87425239
-44455605 -9147172
-62556636 -2334033
-36619180 75870786
-96059530 14826185
-4046171 17507145
-76540353 24654378
-11218439 -2224373
24021951 50700056
-37955055 -10643380
60797073 91063359
-8072272 96569997
-23687317 23052198
-5464094 28695134
52330082 58408091
-16517619 60852750
-80048070 -56113880
-77258557 -17160267
-46136505 71686146
65709514 91261441
-80856867 77670224
-77126151 -60424158
-48598586 -7117706
31082535 31591558
-4582449 75766230
-28739600 53516591
-60474909 89169638
-99983504 -45827607
10280205 56278139
-55696976 6391117
49281930 58328140
-28210656 5314354
7125194 8345509
-20894746 96386794
-90093333 -66604931
6985844 36817243
-70157264 -24709
-80588628 -67817284
-86626664 23512171
-26788546 21002075
-46408816 47340170
-74005155 51973652
31424795 77061720
-90561367 88886142
-33137948 92825460
-81413437 82342363
-76165196 47626914
-73634758 82639581
-91960533 -75694375
32162153 77463344
-73958127 97831281
10766733 52149068
-65999473 72355571
5095502 84374108
-60969022 -41992709
34734741 50526657
5343974 53244843
-68766447 1145442
46387940 92321374
-76244661 38876639
-36498637 -29852521
-77826689 64181512
-7934704 59271305
-84672221 -44219788
408466 77768097
18321251 92773140
-48216540 45328364
-98202380 -77909939
9468762 30464879
-79697562 12184741
-54278131 -41608527
-67190269 43721157
12453845 73807784
-92377856 59890422
-95742419 -21264966
-84389644 -30841353
-60627952 -41685727
-88444583 28213627
-20312280 5738673
-98188566 -96785466
-9034761 -8196855
-73032749 94947622
7165171 70547791
-79144889 95614924
64426446 68039575
-87186548 59681403
-17040234 5634538
-7152911 41856252
19304913 59963163
-57974946 25823662
-97985090 -44932680
-68628462 11590476
-33574522 23388163
-50702029 -42876636
-80350601 -47268457
-96606806 18690176
-15145461 75755875
-94668261 -15726367
-53070309 -35015565
-69759984 -11743080
69460517 88485982
-87517933 -32362686
-68709536 20485905
46461945 81933221
2064354 65635775
-67182834 -23791603
-94100543 56396290
22349378 64208926
-81439595 26301109
-44214831 69798968
-72481355 -59291469
-14388686 69068780
-36646654 32728143
-67554477 33365516
-16096543 49833262
56325007 77398564
-65937885 53650667
27713726 65985819
-95447880 98154629
-50613288 79990210
-24517694 74318097
-49807058 9038179
22472329 67695332
-1790558 54589357
50882651 91183500
31214257 74144595
-89049078 29074233
-25471154 -6322437
-56139717 65351218
-41100081 69404918
3954823 63832071
-69893744 44203061
-60336012 -10951712
-61738146 2265457
-81507082 52875583
44204933 65754327
-95831413 50891591
22841008 43623194
4535145 76154501
-60496052 51554479
21339363 51990342
-18067814 36589220
-15820431 23135171
-13788716 11748983
34043152 44627348
33734828 53170038
-44271522 82499173
-7308318 89697497
9726626 87736316
-5972203 96939112
-5731993 9232574
-41847596 46305709
12602128 90034384
-2068426 60814921
-85689639 10314101
-15688475 -14576223
1070814 71440266
-77392109 -40416768
-33268140 9314122
-142733 98866779
13324523 67521956
-75013857 -43816369
-18429974 -8657072
-36906687 -12844154
-68003622 25136047
12447531 69331705
70169153 77192875
-66047990 50276108
-41871540 -2638811
-65294497 91489650
-67089998 -61951021
22668935 64953092
324719 60843651
37137056 86797478
-96389042 12383977
46891739 71937543
-18746787 -16172799
-49112338 98103861
-74912971 -49223054
14450300 76634901
28031666 88679284
-85394330 51820242
-67825777 -19291830
-23567137 42017860
-67639827 99120240
91306145 95594486
33238398 87182455
-6754793 49025414
-95260941 12420938
66003399 83347289
-21078302 52919868
-81249718 -13820618
31222110 60429726
-19355134 44361380
34321820 98809144
-25328825 7786981
-68140777 -45552336
-89998985 -85831751
29835276 84408499
-99278764 78895417
-2842896 5589998
-7840325 94084248
43352357 80674006
10247319 57576570
-62009440 16303222
-97043002 88843611
-8459297 -1197564
-32270371 -13770650
25139065 36008624
-95780517 962555
-28564821 15770843
-43952938 21711395
-50538878 2030207
38804929 67717254
-71804204 66718873
-11976120 95515744
-68906566 59602407
47423435 82198758
44688786 67591104
1971730 88228423
-73637112 81323221
-75805895 -20769634
56827759 62090320
35082297 40317945
-35869571 74467692
-79257065 53941624
-80546229 52070755
-68158647 -2247212
-15020403 19702448
-63353262 29325743
-49156059 -13188150
-72175564 67980295
13014033 20676533
6488783 57911904
-99704921 -50941508
-50398537 13910497
-96778436 32240240
-30712530 74695455
-1313442 30793256
-89515741 14130913
-43762555 43064342
-27092573 53943170
-42856812 -13675335
-37650470 63938823
-36238983 54929049
-73619045 63618016
-55887469 -39046881
-88215971 -21617398
22665908 50462575
-65740593 87423513
-37599920 70157640
44353848 72742954
38378340 71284703
-72636835 -9597643
-72268403 -64487360
-53804639 68675257
-66784672 -19097504
-7167205 3507474
-85699333 79828619
42178929 69847375
-24596537 18133070
-87927007 -73452070
-22188406 2931203
-39209238 7561023
-91685798 -6435720
-90013024 24386263
-78301464 82418570
-58126247 -3037269
29478151 80348690
65465942 76179884
-59618228 80059554
-76893678 -75606809
-79294001 51279618
39272989 43129040
-15714864 18353180
-32163167 39693217
-91487321 -73706304
40037241 54277821
-12436690 48744815
-73159215 -47369808
14839287 61686259
-41000355 -16245224
12798434 37359734
24585740 40217901
-54775902 -13762828
-25997712 18624278
-89319655 49465388
-79369134 81566298
-39891629 49494608
-79343820 55793721
24016775 38018375
-40972362 -3177950
22451123 28556055
38323100 54371380
7424595 13771780
-94448301 30000826
-18821182 18397692
42038090 75058604
29214779 82316596
-73878807 74024474
-2642352 86496049
2919647 29855258
-99135992 92794613
-73954714 55522148
-23733177 67566489
9654660 72595024
-42520955 14080112
-74338313 -58026583
31693266 55954539
-90961825 5002474
-99289067 57525348
-16613607 42715738
-8471821 18339279
3277669 64758141
-74301394 79482774
-35915445 392445
-99562703 43326283
9111419 23585413
-81377900 -52401103
-91996402 23951207
-35653499 -21181725
-88741998 30295000
-9749929 42509050
-47178819 -24247948
8316780 25126360
-68424494 -22791008
25609555 84938921
13618152 42232173
-76208922 21137306
-94275853 53438860
-54161234 -16858983
-64855215 3785935
-10242275 95639018
-96221235 -39463763
-3564145 96936788
-43089507 87884338
-35530719 27795980
-8744701 68367188
-99455884 22582971
-77312415 -55844904
-32600194 -22775547
35218494 65042999
-55708163 15354576
6492384 45145971
90938885 96956377
14135949 63527322
-4982516 91657368
6373747 25076985
-2957762 64054640
18066558 34902301
29227111 60279260
1742234 57768705
10052024 79580902
44890405 89813879
-18620736 94001418
-71804613 -57203426
-11944173 76680128
4334318 29150497
-88318634 3462849
-28364995 59042775
1696803 97840102
-96032557 -43831383
-16558704 30370395
-89721279 -43259421
-55585165 74746462
-53010581 79088097
-77656722 90609280
-93299245 -36865088
48072032 52374220
-98257352 31332442
-45720994 26864949
-62070135 14466096
-86399248 -63392952
-31828551 82653536
-38860418 49756953
-57702851 35469371
-23804815 25439044
-22204810 -8833396
-21928636 63188428
-45819566 31482385
25537885 64121885
59831430 65337276
-83922453 -11496496
-60430400 71572268
25979793 78440195
-65772174 74493951
16959424 82920573
-87854229 63526066
-74918873 -33669500
-67589221 -65718343
-41677505 -25449665
24511370 85906349
-12217113 91548808
-18798784 65447662
-69263418 -33047281
-14107073 -13048720
-18394147 82238936
-42901145 70393168
-46398773 31425151
-16352161 -5437489
-19262484 80804036
-97170004 91082704
-35518592 98599352
-98361339 14703211
-64766030 59193466
-50331829 68646321
-34544229 46820087
1835622 84156241
-74926196 67656417
-51804082 -48752433
-24861759 83276838
-56847017 95824732
91137175 93006374
41547303 95701775
-76714898 -9137721
17817675 69054473
12815173 28271807
-12751823 72471720
-95448219 60386919
-57015607 -16982335
-43618845 72101641
-16303878 32624016
7424831 94447265
-47436971 9168439
-18183782 67840809
-60240568 66939113
-34406365 94880099
-54084033 38225929
-95006556 39855000
-29508162 40695580
-91544267 -45187777
-68964143 -63404328
-32599156 96305960
-79477319 10457379
80587061 97634466
-94563497 17391949
-28430761 46329006
-75005028 1748226
11681722 96845792
-17690876 7228663
-909945 73453092
13764554 94483717
-43423808 88758732
-68923206 58128448
-81704250 -45135418
-56932613 54352115
-43383967 -28840416
-69700986 17679983
-26532451 33962826
-33122847 -5936163
-34409150 67357493
-69568578 11743728
-94938412 18079376
-94178049 -53495835
21856053 43232623
39879704 68164795
-31230616 -22444566
-59065823 43539645
-39969349 82412775
86214950 88983567
-46920163 -8087615
-84782724 -13872705
-20781837 -5013744
-53787274 96322087
-91827567 2217375
-77496740 51759231
-30155655 29019198
-95617363 8177099
623276 75185388
-99422073 29881597
8420008 79937839
-84194508 57238024
-33559499 -11181908
-54174451 77567617
-74640531 32383417
-74036804 22440027
-44493217 12438878
8301284 63248254
-43269716 1445457
12296353 14765070
-49142950 20715845
13430632 87444853
41020728 95861324
-27686581 73494215
-75247796 -71066608
1330555 18224071
-78292549 75071137
-90867631 30514414
-29225880 79161956
-95683439 93056003
26111868 37166671
-84643366 54497969
-16747745 86453003
-83204911 97950388
-91328637 79292005
-95091133 -73548830
-71283610 97962170
-23277186 4046842
-17534749 34236801
-33444624 70053072
-85212718 79515571
9383755 73078865
-64591211 38969835
-26509161 82939881
-98776971 56544117
-15296989 73268437
-55134860 16187411
-16848274 51789336
-95243412 -40298803
7661696 8620251
-76293145 75128233
-60343789 13240146
16594447 26924498
-84453218 90580002
12439495 96451047
-99616845 82256951
-11386111 38939662
-23819080 10882937
-94715013 -47714616
-69781466 -5847356
-56994215 28160386
22612732 59264389
-59324350 32597970
2703781 93151600
-70106046 -17263202
68448778 92199223
5999527 45294392
26473736 53797882
-60578078 55234579
-23186240 -16448071
-77961457 -30423276
-35658658 97531982
-48082820 96414910
-14316845 11049336
-10575110 496721
-83209349 3258937
-83649484 -35804393
-55075170 50359342
-61002851 9295384
-63187666 -10866793
-35844455 -18361181
-9077756 65929339
-92270020 99989952
50588588 51403122
-89596603 64824391
20437310 23012032
-6106095 71021720
-23117754 85876491
-34719843 34633305
74444189 80937034
-31744829 6775556
-74274253 37488578
32945871 76700978
-99575656 48046745
-49212466 637540
-71184634 17716310
-89832904 -42265453
-55739801 16535641
-77079933 -14866569
-42749650 78961960
-98693607 30152087
52685349 93402579
-24890140 72011956
-9971758 85918985
-87442064 -77720914
-40867748 56306759
48923477 84076810
-9960107 -1983883
-99375931 -9494651
-60881461 -24146624
-46809266 54002778
-85960537 84556117
-48546349 86915599
-84650386 37523410
-93760339 -51038353
23595274 31324852
-65764423 9619035
-36686620 -7980993
87248207 99565267
-78292402 44615716
-63303752 -24293077
-18066255 76969275
-51167199 -21656524
-44442039 -814798
-30079590 18280487
-71090910 -60585850
-97018331 31629019
18438768 24584768
-95613153 46140976
-74085650 75744604
26613630 51891354
-90877420 -67535003
-76282847 -20919246
-93502913 -6437935
78698098 93688978
-56044035 -45906907
-83976913 -69467600
-70611330 -7417224
27914255 74496048
-81752362 41700565
-69092174 58478015
29090795 49397951
-53663487 13097945
17932020 33965394
-88858095 99622526
-46815456 -7409112
-10171892 46160975
19265187 32211348
-60714710 45593401
-57123564 42811693
15658587 40312059
-35045786 95122001
-44022323 67581195
-17898782 90735202
-8771476 93220043
-30008204 7500977
-69770615 81414267
-72938735 -36475685
-69143439 91402957
-56566321 -24703614
-43655408 -21187968
-76617831 58644781
-74277813 62765415
-74928128 -50535477
-95474429 -91266357
-71364220 70988899
-35665189 -4439603
-91909123 -16734836
9093388 75751730
-97495396 70177131
-31293598 -27100045
-82526339 99525035
-68755209 76313682
36862815 66355509
-74146367 84520216
38737897 98300458
-2764647 88097618
-53214189 61415415
-7537573 17369060
-94840596 -52766441
-78206942 46908256
-34876103 -10166351
50642425 79204575
-4931453 48035762
62407586 86480201
-53581612 75586430
-35194441 67957604
-97233307 87394342
-50693330 41775400
-69235509 38125300
-96501344 13939193
-98766024 -56924276
-18265555 44574425
-46548448 98304392
-2322111 29909997
47196870 65416721
25353312 70445132
11268879 82102536
-95381786 -7143448
-18264876 79185458
-78881211 43526347
-51292137 -784513
51493524 59278519
-68088456 -58827536
-96554458 29857686
-55601416 -12669965
59520828 69217265
75123462 76941855
-89047265 -8698751
-99333365 -45365095
-32023291 -11178033
-92758344 64621149
-1835569 30878048
-11621211 92957166
-29034706 61488866
-33261641 -22951213
16291967 21008727
20365524 55372239
-93557206 32675353
7029805 91591979
-35436863 72350520
19949812 94451876
20214740 32104352
-70463689 79364758
-3268278 74285655
-88045896 91198532
-41382685 33330703
-73541182 19708700
10304685 73113839
-47719362 21660640
-84232992 10569959
-38032236 -29542233
-88868094 -16321194
-82717450 -18952031
47018978 99974320
-722697 36109253
70698789 79767977
-58444132 -23643198
-79641318 -23618905
-53428312 -11908902
-48549579 55051086
-89843159 -64858442
-75803276 80748204
-53963276 42939621
69539510 82793001
-81075733 -80385735
-86829677 -54641922
39020479 51659812
-47333050 -9055554
-95654714 5198411
44431526 93503840
-73535408 26601047
-58408586 -31103482
-6377330 95266817
-32580185 79734469
-56571267 16633150
-90676583 -84437530
-13293880 97276835
-82867547 4603001
-34188879 67923737
-41939933 12580647
-60310352 -29882338
-88331095 28590392
-51984993 -34088888
-8967951 38384540
-91475763 28777571
-53388735 32662928
-53626220 -25570454
80588595 85128172
26372935 63696493
-53478719 -31895684
12673311 35677665
-497398 56874964
-59508346 -45532467
-13944674 94320367
-80791627 -41532541
-8884314 23779999
-88171013 -48703468
-60431543 32524069
-15799834 67205011
-26729437 4359974
-88163716 78520435
-44404962 518491
7182198 95866393
-80650785 -25879383
-8689711 57075659
-18979917 -12821995
-55119319 93065988
-12670727 -11180528
-8646011 -8157799
-20920045 48678161
-59963575 90121434
-1347622 86029496
-70203867 68603902
418434 84187065
-17736311 -10601403
-32227439 57658364
-37844681 -20243432
-51130633 -26004733
-89609363 -45334980
-65824299 -29845785
61086833 72870075
-92901237 -5453512
23538693 43644561
2556511 81816240
-87105040 87586571
43057269 98047402
2587450 77261499
-65620683 56521719
-11789508 11875877
-94207215 -58300345
25815210 43049295
-27709040 79762294
-73240214 -56364474
-55181642 -22891316
27959974 52458166
-15686957 78063857
-81718728 36968082
13375875 13817657
43762544 95669055
-30127669 94538715
32386971 55285666
79020945 95754816
-55613664 80719627
-97304476 -61871390
-83564585 29845379
-98208140 96191216
-8015098 10285304
54622844 93509073
-52872183 56467494
-97838890 95112918
-2761102 7388611
-50375766 20896341
-71462550 11976106
-9026698 -4267306
-83678794 -79180433
-98878465 35725310
-97019682 -56270910
25076763 39812357
-42173715 54214339
-17322713 36957524
-8940340 22108696
-65279480 54521985
-55722834 22453232
-35694733 58666990
-36431110 71927866
-57020953 69574121
85047709 87393804
-81321590 73000615
-81612510 62816803
29216081 93885598
1012854 67627666
-68281886 -34231470
-48072856 41443832
-3303820 51031485
-61929015 28902074
-40171099 64414657
9501893 88742302
-98557608 -27968363
61702823 72243629
-46171459 63026134
-51766665 61980824
-61207098 93546152
77055515 89992770
15512254 21117373
-10412587 62110489
-13861616 64983427
-50037690 -33351922
-5273893 96401452
-68943992 36128615
-24411030 98569549
-34916537 99990965
-59760448 -5151064
25208991 88325360
-34869798 -16117507
-82592060 -68435638
-9687557 35441326
-96355145 -54562870
-99377931 -6325707
8273915 39015654
-80306991 67080032
-46279027 2855014
-51903236 7373160
-98863919 -27323040
17101062 33106887
-41919507 66933178
-93809424 -25088118
-76766619 -25100470
-21644462 59787142
66922877 75627367
-72107285 31026643
24716213 35286336
-6932763 2236880
-61581618 66633491
-89394656 50892147
-6865753 93398805
-94033123 -8055669
-98622476 20737143
-7960125 20401335
-70321216 -40875172
-41434515 -7222181
-77771768 92784746
-35089623 3592013
-98267477 79532539
56680166 84277988
-94787804 27936924
-36342345 73051263
68881650 80347427
-7825268 70982943
-51950891 82941840
-80854433 23982538
-2920419 48702436
-77667032 9528371
78033066 87609392
-24358329 27048432
-46010711 -25008208
-80339829 13964335
4336729 78724359
58872987 74679657
-31370046 92523781
40167712 97343787
-86718333 14272231
-47036984 34599097
-17299956 69702164
-34766412 41446133
8856429 47188137
-95895348 70248663
-18100565 39931949
-51616882 60096943
-85770189 -49871988
-69482261 78611177
-98786360 39276055
39599851 98816176
-9069010 93705834
-94666844 -18470586
-92082041 -37800257
-8500051 99168860
-80522942 35620469
-84266670 -25830595
-84030388 43476485
-71814226 87519764
7153721 87796181
-11445955 39463820
-47931449 66645847
-99937994 60031560
18641760 28416098
-41527239 -8415189
-30905318 -13479430
84382938 87932683
-77181281 50266593
-76785118 60644426
-42339892 -40669811
-17348528 -4517113
80002199 99433796
-95863684 -37561482
-74830114 -63042260
-99542212 -19223308
-72706337 66073114
-64660486 26780652
-97302593 92755955
-88872081 -72036232
-32306695 -17024603
-84217843 74117773
-54561349 -18857667
-21294405 64919673
-69931105 10293335
25808388 40276075
-8998456 24493466
-74741228 -73435790
-2329599 72795992
-93624729 59662265
6811683 42246527
-19917965 53569248
-89574860 -57648639
7358484 59121838
-46340221 -20348206
-47554358 -36469754
-95265283 82679711
5289066 93846549
20526102 58012406
-75577054 74567919
-61237146 -32477067
-79023310 37787920
-73277945 56254873
50234546 97407583
-15749556 62065496
-67199353 76565966
67960631 96736689
15868288 75206899
-40728000 60859711
-10417457 72761100
71011993 86438411
4958852 25225263
74479108 95600111
-76205455 57864877
7294916 49664996
-71060158 -53250465
-24693711 58612942
-36512811 17554832
16647531 51819444
-4875594 55960241
-88306465 -53325300
-66584007 -11578183
-99700680 -28101546
60349048 80895370
-73803466 45992381
-96456917 64928340
-52149433 -34130034
74441657 85773816
-27922585 29532216
-73993510 -61440402
38940983 95212562
-21046434 99666731
-89131828 48915725
-33855398 28147608
-90492773 67376224
-53119999 11445912
-28128861 31269877
-11727019 41113563
-44260036 4698212
44101578 48493694
-56426090 -47804573
-98339423 -48282002
7071916 61068538
-29949294 10989062
-87827000 -67326798
64440932 69662969
-89080562 40967037
-26503183 -4177004
-20009242 57553610
-86777090 52014094
-30132928 42441514
-78301898 69165910
-67921156 34305678
-40067606 17933258
-86094936 -82170160
-34580510 65169836
342358 46265520
47079416 69422860
69727891 91986092
-82769798 60276333
-22705394 31070425
-71953485 -7226535
79978682 99698291
-56585694 -33450291
50184063 72611137
-43913767 -13803381
26051453 54803228
-59611318 -22905253
-72494701 74613596
-64728601 49495574
53401756 66045180
5434239 18390547
-77610335 95185448
-54704161 -19032107
70934594 89356347
-85817478 50983591
-50845233 -14710154
-47034756 38561851
44905915 94585116
-32690538 86811809
-89783890 -89484232
-69114030 -68479618
-44283843 77122993
-60596282 -32317807
-50689971 -2881058
-67684383 -9832870
-99595862 -59144889
-98496944 -11533659
-51356343 19902548
40990769 67750238
58685665 62895942
-27848393 65822858
-63153279 -12840276
1516919 88004665
-17314893 49248927
14090719 19166194
10338567 26072823
-39437418 73238913
-95784379 47552436
47755231 94940480
-74194854 -34455693
52109828 97979234
-41550658 93501031
-82729561 -47755596
85954218 99881217
17752908 99712950
-99541998 3299774
44175188 53574080
-2198401 42042184
-95286243 -35400065
-72669473 99905919
-75431211 94606219
63794141 91815237
-42030166 77808291
-30259115 -16487055
70043967 72818536
-96798011 97058003
-81619077 77640538
41568881 48214358
-21557570 84947347
-74520166 57864702
-77256835 -62306412
-1311935 82413439
48038315 88424033
-79647335 14126509
-16480316 51559433
-95304521 -80042916
10706412 30702945
-17304150 76555725
-25665404 60687648
-12589842 20937743
-5450201 97157856
77413078 90833167
-78482964 -72094445
-47756637 41583143
35892869 57176407
-32526336 -27647013
-31799202 22348854
23500046 87751989
7642259 96174893
-66814437 -54661893
-36684601 97920976
23551753 43019230
-50587043 79387070
-65314518 56392086
-67505426 49368053
-192115 55138282
-12812296 37522510
36567370 85368098
-40590733 61815896
-10055552 76864225
-8204551 57416592
-4599530 95289965
-88737071 -10998330
-11913437 10715286
-31267493 9568931
17589661 84897269
-79856319 64525191
-60908234 82236054
-60965881 -4255757
-91430615 96769111
-54746768 -39597312
-60407913 79347995
-69764309 -65544872
16463160 62754257
-70218620 -16950240
29287268 31559712
-21474606 92667880
-18435321 -9347616
-91967184 -42975316
-79364011 46631168
-63649505 92263739
-56431276 -50033863
-39360572 98918999
-65449702 -11556264
-74528152 48240584
-47543787 97857703
21370732 34024901
-44075151 27536651
-52961614 96997405
-73601201 -10324875
-64649642 22048840
-99582079 -84806995
-69696580 -43922082
-53392985 -37979119
-81213207 -45063953
-50183667 -19767861
-13578352 91080864
-9284046 51228709
-72056157 -10271274
-18932926 53699915
20135206 35121157
-82241361 60623052
-89268901 -31508332
24550114 41626750
-11527947 27203913
34213210 55583283
-8874771 10254205
-86375005 -7280979
-89162401 2746690
-13803311 51882617
-90308091 40681374
-89485650 -85938057
-83175961 -3730705
-29470799 10197857
-26380319 60300569
-47724864 65989485
76935235 85814213
-89181101 77950012
-32236952 58521101
-48904930 -24246272
-13665474 88910095
-74488027 -14040695
-53501062 24302783
-83310700 -30355058
-95566763 17475913
-78074166 64238578
78611634 81018342
6797692 6868252
-95274779 -4953127
-81472485 14243349
23819717 29859682
-12042591 50458810
11085935 13502225
-82818509 41807584
21613142 50110236
-14718149 9339929
-32044911 -20518846
-31925095 86680507
-84288477 51854679
-24837048 8624160
29308746 79962081
4404184 78924931
-87677105 34026058
-74501582 -61371861
-76417668 -31971294
-39626647 62093534
-46177606 70740883
-91502096 -90986377
1941500 19229962
-44563261 82200683
-33773347 78617761
-95295302 95692162
-80871937 50207406
22273724 30082307
-31840943 91384126
59141689 96759786
-78585588 -77998198
-4805250 81467499
-47382927 82668623
-64409730 -18438508
24469705 64402195
-90339845 -86188866
-86386092 64211618
-74922314 35368552
-63844600 29658775
24261289 95102466
-23446977 53620940
-81898187 90809527
-86804670 -73459074
-17443318 89128019
-9552035 41085420
85285154 96585501
-98556513 76941919
-27841247 27619389
-91782735 99749599
6153594 39190044
27831910 34069933
-51648805 54288521
-78376445 17800122
-44178850 7854078
12790305 69336163
-85686024 82878801
-28361015 21810193
-81315585 -37347689
-79178770 47950944
-4197912 58272007
-74781692 16434924
-15089014 24717492
-90192696 -69388122
-6286889 59225613
-49292247 49502643
24429556 34873401
-5013046 32878
-89710298 -33348378
-93612857 -75041424
78265041 82523017
26025896 63865349
-91041929 -79548727
87936316 99342203
-19584891 4847835
-53102849 66986353
-68177896 85427590
-18616554 65809086
37125963 66336433
-96268490 -45564735
-69665339 85874457
-44174679 58097449
-66634080 -22272712
-64032148 -40347801
2025931 59543997
-82527627 40788933
33055269 35115117
-90799115 81473548
-67026477 22378865
-91524882 20257716
-52919019 74599670
-93765406 -52437046
15454131 82308602
-89841906 1929137
-84793235 29760923
-96751844 -50387764
-23879505 90408746
14924485 53613119
-20434587 -5408809
-35210748 67870502
12734196 79017709
-81288324 96196588
-98884493 97068196
-21983562 40134503
-99741750 -33508768
75501550 78532250
-90467330 61325255
-73953660 20353337
-72591928 82804095
-65727522 39780575
9848104 90005738
-48335410 74523231
-41400572 81501108
38215695 76206101
41488509 66062060
-53812679 -21224796
-94827445 -62007955
-40476913 18545249
-43265002 54258199
80908496 87523444
-83622835 -17486983
-50262893 -31781491
2635899 41160624
-27943641 94498052
-9693912 49507396
-42092264 90123099
-83066108 -59809896
79236250 90480546
-67199581 29239813
-61982514 97060925
-66955179 -15430918
-24439784 1555269
1112656 25875057
-55410457 53667937
-22379914 46275506
44898212 80628744
-95602016 12087168
13328152 47287096
-97160162 46808742
-90381956 69390491
-92089475 -3578645
-31547154 62596357
-88228280 95568374
-41441209 66076864
-61950186 80986926
-33975295 49150228
19035624 86063788
-69878787 -67569275
-25743294 80664894
-60327636 78558787
-72432440 19071726
27433264 34953063
-96996492 -29889413
-80309079 -44462978
45876178 84201696
-54378027 18811671
-9657369 76164181
-99971169 -93564554
-63586439 64071976
-97627853 -6162318
-41865531 7996914
-61385375 13185507
88089406 99508182
55092728 86625284
-63009561 92101170
-61458788 -8239379
-55990862 27250566
-61414980 25943029
-56406900 36978244
-50454916 99058574
-32806229 74868139
33085910 90392135
-85678691 48283571
-70431242 57036564
-39075539 21681017
68191140 86597993
-26446299 29884017
30479364 83156879
-85260481 50271854
-65905139 75306736
12155659 90718780
-6247805 55492999
-61734665 77680033
-92104827 -43974672
-56921771 9435444
-78584467 51105145
-76276532 59329442
27955726 31254596
-74143458 -18238858
-1372723 46867480
-16209651 50224525
-60024913 -54396070
-54919320 10253125
-99572089 89811388
-65523587 31033367
-58331935 -6670936
-66069992 -34083717
-35478832 72553962
-81157892 23237606
-21394047 54316376
-92546792 10505509
-49534705 90329056
-49705680 70942495
-67104928 29219932
-76888395 -22025924
-99944714 52467967
-20666102 99256700
-21896922 44922176
-37191683 80846221
-65646002 10872310
-78801368 91255622
-73690926 -19717429
49503143 55096041
-82245230 -74762444
5330120 7335920
30568665 60460645
18837462 29256751
-25187473 87418207
-7904621 31623003
30886583 61386703
-34041361 42485638
-96336511 20502421
-19619390 6729629
64672404 93120547
-81120318 76783151
10496639 83612704
-66326230 -39620119
-80526595 11307518
6822522 36036927
50843672 77092709
-82195252 48678007
-36458066 93716785
-75999047 31021739
8899563 66094185
4232675 92559883
-23397232 61011873
-83110788 46639490
-55885406 13940913
-42902326 28909330
-69674801 72845227
16310719 70162071
-8951912 54869832
-82292928 -46573346
-22301516 2184741
-81174661 -23429038
42900816 73113978
33565710 66878216
-14223343 73169029
-91419378 -38678287
-81089608 -66368881
1222627 63747389
-96772096 -65360945
-79450558 87743358
-26780832 63432409
3080883 92139592
-71586184 -50339448
-12553736 98912511
-85127934 -83242948
94011698 94120597
-95400399 85579050
27183485 27685247
-80225453 -2096261
-15156070 54573261
-47355869 50161565
23517163 77881495
34486430 72979208
-49024365 -43743207
-95814933 90414542
-17356792 75666818
-68257648 18937966
1999161 35641402
-88593578 -83585142
-76136710 -68890043
-82081232 -13593624
-10482897 51824997
31330216 62073344
-71731750 29647453
-53361773 93712031
-61192878 28323099
-50223458 24972411
-5506654 62441341
-34603342 54303290
1116869 3374269
-97177191 63051242
-36104203 8435993
39117086 67105059
-49992498 45723267
-36288036 -18739185
-19747600 40594500
-83961079 77765947
-31593398 42872291
12165638 46937603
-86521095 74650410
3844652 36976420
53171932 76422176
-71178852 14767536
-72676073 14303836
17786278 63637119
11175602 87927018
-3844795 3539400
16978007 54259567
-16886327 3948445
-93237770 -28786365
16375224 19978578
-15064771 13021156
-67562114 -24295173
-86525588 88081151
-71191071 -21301460
-18972825 49148668
-38628848 -15683443
7888278 51514920
51370479 92443877
25422786 88499968
-82448387 -39247203
-96949092 -24630768
-71965754 -66840734
-10094534 67694106
-17955897 82884267
-84620936 -3409822
-10482547 -2620186
-97618932 18687554
-96243196 49179712
-40080770 22700530
-38472287 63674370
54924116 73794581
-99259211 27285431
-47162549 37189928
8758582 12100810
-55607897 4343366
-49778612 -31882102
-69764798 -22050083
-57738845 65321385
-70816645 -58104324
-83714182 5136970
-28611614 -26699239
-85802044 -66055926
-34256984 78579382
-92356235 -18142387
-22677000 11620838
-16197100 5872265
-59927336 83014319
-70080798 -24208587
-23888487 68293792
-86001409 -84616375
-62776375 -8251693
28181095 40891931
3705280 42940768
-21682005 32995353
-99564926 -48890934
32551586 67322418
-74982178 -65990042
-55988286 -27806846
-66518512 -50915110
7317281 46791772
-2966964 21120880
-90373290 69607737
39056690 74689419
-49513111 63569583
-88519221 22463179
14973006 32867060
16267859 34624748
-57469840 -52193634
-41069917 17074554
-94613834 26246516
-72812129 79775964
7515878 47770981
71617238 90116137
-99185925 -88871575
-54774855 37447998
-82618628 58291056
-76572570 78923307
-5285382 26239359
11845790 89838562
-75485168 83552602
-55081443 60423174
-20039022 100744
-52511746 -4480477
7409232 37337733
-72619330 -46376260
-19804705 53644883
-57315978 38333929
-90161968 33022302
-72410808 -15877283
-90889958 51121867
-81706518 3069372
-81538181 -3958877
-41722634 -33294697
-71381646 64730876
32222836 39672834
-87817903 -78890952
-30281312 5445827
-68243413 20507506
-87541918 -21118862
-74898801 58731253
-36133884 62824384
-75949338 -5505862
-41786089 43450660
15989272 20583373
-86827090 49244857
-71267131 -55530748
-73886375 -63423349
-97620684 -66742260
-17920702 88775465
58810458 65953340
27989545 45511861
-20359233 98613144
-61848472 -61798706
89389230 90610447
-77289909 -9095914
-54653259 20642901
-38612783 -1664967
30538522 70271560
37892630 49424090
-54266534 5409276
44852557 79334643
-20408518 77288431
-36409396 77421718
-32379707 -4246618
-88300039 50291084
-33291121 16466593
-90265514 -17941811
-69916042 27241117
-67254175 -64903557
-45478347 56342234
-38959873 35741024
-38731141 61583295
37312957 95049189
-85211468 87866308
-89030339 -14413584
-83042860 -47461257
-45962909 3744083
-91104031 20148801
21703563 74704106
-61883573 68349051
-46241153 -44951697
-96371374 -25622917
15010591 42140556
46669523 95198920
-75168535 -56143410
-62988719 31856899
-89920021 17443811
-71563832 56496105
-96843644 -8867295
-12832349 20443672
70094202 89781963
-85787569 71104820
54421048 61043692
83301167 97879980
-74125092 74686844
-86603118 75137270
-96310772 43395587
1499957 89622202
-87004967 -60214510
-99765819 180858
-44049892 51800786
31774916 96214899
20530637 44182398
-55854540 68614818
-39904856 93017303
55143104 64128266
-98804006 -49567414
-80559657 1298174
-25139154 92402599
11279462 34145685
-86372402 -36560198
-73994423 40269911
2046198 68348115
-64944750 16249961
67131825 95569717
-19223059 31647838
1349268 90281681
-78442484 86934856
-11256981 69932889
6598198 87017712
-43832168 62770227
-23684553 63460100
-52688634 98662468
44938581 50283514
-5968949 74515830
-33529810 42444221
22318199 64097368
-98645500 -42449522
-37453112 26240000
13034516 69945404
43313577 99259458
