5000
7566 7787
7059 -6280
6807 4915
-6990 3778
8465 6304
-5819 -3229
1335 -9526
7167 -4998
-1619 -5247
148 7540
2654 3533
-2387 -9669
681 -8591
-8628 6019
9528 2307
-7114 6401
-5433 9569
6453 -6390
9422 1601
-9974 -579
-7102 9515
1878 210
-3854 7828
-2631 1266
5956 -101
-45 -3221
-3876 -243
-3089 6323
-6345 906
8812 -5509
4684 9080
3858 6895
5322 -6326
-1866 4553
1076 5705
-7825 -1352
-9173 3847
9499 -5081
-7253 3347
-3172 4010
-7668 -8669
-9932 -4028
-3950 6698
-7014 7218
4677 32
9465 -5241
7831 30
7737 5204
-2801 7974
2915 4156
-3082 5630
-3771 -4187
-7979 7032
-3566 4408
-4789 535
1649 5175
8932 7232
-6426 -1019
1922 -3739
-2451 387
-8993 4501
-9616 5561
990 -9082
-6428 1731
6215 5238
-5257 -3040
-1760 -2413
9793 -501
-3391 -8751
7562 3264
7921 -9575
6330 3149
-8389 5748
-7659 8761
7833 843
-9490 7300
-6643 3881
-6195 916
-8685 9825
-6843 -3788
1443 440
-825 9191
458 -1374
8617 -2032
9108 -628
-776 -2213
-7687 6773
-6701 7597
-454 -5550
-7757 4614
3155 8996
-3502 9420
-1088 -4954
-5721 1397
950 6285
-9971 9250
-627 -1558
-4298 5126
-2260 7186
-2218 -8782
3184 -144
-5345 -2857
-2620 -3714
-7509 8934
2348 -7342
-3414 -1104
-8953 -374
1521 -4502
-3041 -1993
6823 -3182
-2437 -1892
-1275 5310
3828 -7360
5831 -1298
8485 4720
2140 -3561
6322 -3636
4732 8946
-7370 2015
7311 -4775
-7976 -1231
-3010 3099
-2472 880
-5391 -909
6349 4568
-9014 -6245
-2914 -6872
1900 7806
2477 -5718
-2610 8678
-7985 -8100
416 -4548
-7920 -4737
-2797 -8700
-5917 3251
5916 30
7564 -5837
-9120 -8269
-377 7764
-6843 -5309
6723 -3283
-3714 4842
6706 -3206
5923 -2422
6271 -2452
3885 4637
1056 -8812
-7797 -6928
-4478 -4312
-8248 4930
-41 -9461
6571 1953
-8677 1844
9326 -5318
7659 -345
2988 -4629
7008 471
7673 2037
8312 783
-1793 4706
7278 322
-3751 1223
6210 -180
3088 5963
-1908 -8167
8666 4057
3274 -5221
-2358 6215
3418 9749
5364 6059
-8525 1402
2720 8978
8928 9993
-6344 -7758
7115 8402
-9413 -9381
-9342 -2934
6618 9472
-2011 6256
-6414 -3844
9205 1928
-56 2744
-8254 897
-9041 8648
-995 -1280
-8470 6376
3626 9087
8460 2581
6586 5643
-2664 5556
-4755 8840
3109 4427
-7856 5443
-7028 -2424
-6138 5263
9535 -3350
-1096 6067
-3948 4857
-8052 4858
-1452 8965
9642 -2135
7920 9355
-2519 3410
1726 4785
3376 -1618
538 414
9562 -700
-7728 4084
4369 7021
8908 3238
-6133 1890
8638 3501
9155 7031
9979 8814
322 -3007
6445 -7496
3943 9307
462 -623
-550 8971
-1324 -3702
3950 6593
9777 -983
-110 -4931
7253 4887
3667 1385
-7174 3394
-4764 -4668
4746 -4512
-1188 4532
4907 -2806
9077 2669
-4287 -729
-2611 -6395
-4958 2996
168 4974
-1160 -4469
-4401 7736
439 -9067
35 6884
-8715 -6244
-9359 1634
3911 -91
2109 5349
3268 5960
-9986 3031
-8310 -9323
-6442 -5566
8318 5934
-1562 -2406
8189 -9149
7197 -5503
9691 3271
6759 -7735
-7990 -7359
-5610 786
-9982 320
5615 5526
453 9788
-8159 8362
-266 -1956
-1799 -7051
5 4622
-6249 2434
-5886 2928
6147 -7910
-7203 7916
-9990 -1911
-936 -2392
-9520 9466
-2132 -2774
-1622 5950
1583 -2963
-4464 501
6293 1621
-8255 6932
1210 -7962
8818 -5123
-6079 -668
9589 9380
941 6381
8983 1210
7401 -2618
6284 6953
3914 -372
-8555 2346
-7793 -761
-2160 1891
-4014 142
7690 9033
-935 8382
7554 8455
1689 8853
9097 -2225
-2595 -8571
7779 -8860
-6458 -449
3549 -3147
3904 2674
9942 9425
7776 -6572
-6604 2986
-1874 4434
7394 357
-6935 -5173
-9990 -4983
5590 -1908
-2939 -7523
3142 9727
9920 -9050
9182 -9888
7355 481
5948 475
-8518 -2817
-9684 -9896
8430 -34
-1231 -1804
-1087 -3254
-3668 -1603
7709 -8242
7510 -2473
-1137 5055
-3352 -2821
-8288 -9090
350 3447
3855 2330
-1876 9872
-545 6934
2337 -266
-535 -4799
-743 8242
6156 4918
4035 -9492
-1870 -762
-1100 9874
5760 -8673
1930 -322
2729 -6576
8669 5532
-9940 -3656
-1881 -9660
-1430 8801
-8019 2609
7326 -2257
4199 6650
-2669 1506
-8673 3955
-445 7135
9638 2663
2912 7385
-744 6234
1773 -3898
7353 7453
7367 4176
2715 7088
8403 4738
9223 4378
2935 -1652
-9171 -3370
-3103 -5948
8192 -8245
-3579 6907
5364 -8804
9328 7642
-170 -2866
5952 4915
6941 4881
8340 6644
-8779 4362
8125 8023
8397 -7990
-421 6687
8583 9464
4514 -8489
9694 -633
247 -9252
1312 -7266
-617 -8921
8660 -5826
3241 7506
1361 7349
-8398 5192
350 -7421
1642 4267
-4583 177
846 -8314
3967 -7984
526 -9515
1459 9623
6068 -6244
8763 -8182
3373 -244
3505 4227
3357 -8551
-8435 9738
392 -4981
3852 1165
-4017 -1609
-2747 -9962
-8773 7317
874 9737
8107 9958
2336 -7120
6819 -7891
2713 -6076
7344 9903
159 -88
-4991 6663
-4820 6481
7076 -4306
5080 2214
4487 -9146
-7063 -973
3156 2591
-7179 9885
789 7968
8324 -8271
4659 -4221
7378 -2909
-6169 -7532
1822 -7817
4531 -7142
-9409 -1737
-6608 7233
4900 464
6925 -9267
-6115 7378
-6509 1160
-1298 1074
-6612 -8353
8298 -1926
3238 -80
-4734 6145
9313 -6487
2176 3047
-3875 -6664
4906 -5848
7877 -988
-480 9123
-8403 563
8654 -4414
-4024 -4715
9682 5246
-1464 6227
9769 4690
-7304 7832
-534 -5499
-2237 3961
-9478 7365
6411 -702
-8421 -1357
1827 1747
-4241 -1397
3 -9582
-3020 -3599
2181 8930
-2197 -1487
5596 3834
1352 8933
-9981 -8128
-1310 4702
3167 1181
-9658 5612
-7291 -5024
-8189 7220
7058 5768
3237 -2616
-2735 -3061
9108 -7041
2878 6203
-3654 -254
3457 1412
-5350 466
4429 -6130
8612 6334
9270 -461
-5899 -5056
4733 -8429
8833 3352
-3438 8788
4950 -7202
5652 6809
-4261 -4414
8893 -4783
-2854 -1807
3700 7793
-9900 6667
-9863 4614
-5412 4662
9201 -7785
5435 -1879
6344 3457
4831 5719
8471 -8612
5390 6927
1255 -9053
-2041 1245
4909 -832
8244 1445
6950 9643
-5284 3318
-9437 -2289
-1891 2812
9723 7489
-8656 -5769
6939 -6951
9180 -4519
-9485 4853
-9406 -7587
-4226 9832
3330 -6518
9218 5777
-1689 -6388
-7243 -8294
-6506 454
-3418 2367
6070 -6740
1147 -396
-6845 -5218
1204 2030
-1847 2934
9919 8375
21 -1582
-2696 -4920
-854 -4977
3814 -8426
5408 1055
-9367 -2150
980 -6483
7373 -2074
-8945 -8822
-9508 3605
3319 8132
7732 -2384
-4718 8879
-516 9452
3330 -6084
1748 2180
1897 4356
3273 4193
3486 -3615
5380 -2016
-5647 115
-5969 8988
-9555 4096
6471 -368
8187 8330
4894 -3446
-2348 9474
8143 787
4993 8665
293 -6210
-2885 2285
7695 -5887
-4992 -5363
7999 8645
-6684 -3875
1914 -1991
-185 -7215
-2761 -9882
2937 8907
5139 -4998
9331 -7722
9974 3808
-939 -8757
4953 -2724
3868 1551
-1074 -7713
6391 5315
5173 -1961
-1776 5871
-322 9505
5639 -9839
-6195 -2693
-8174 1089
-1417 -4839
-8843 -2758
3627 4046
1971 4332
-6779 -1734
-4106 6720
-9509 6656
3687 -2902
-9305 -5891
9950 1405
878 -6115
5768 -3524
-4323 8520
9164 -6147
167 4370
-2561 1528
6246 6987
7814 -8892
-3565 3206
704 -5956
-7881 -7528
-4717 4248
5414 1103
6324 -4888
-6921 -6848
1083 1030
3250 -3708
-1461 776
9871 -5984
-5596 -994
6952 7732
-5824 1299
9772 5656
5371 -7267
-2832 7811
-5501 -6365
5175 3935
7637 3374
4657 -4244
-9003 2145
-5060 -2853
8884 8487
6449 -7491
-7886 7405
1190 6141
2804 -4095
1845 -8612
2294 -9963
-8463 4615
5844 -8153
9048 -8761
444 3545
7645 6067
-980 1210
5644 -4474
-9113 -1493
1877 4355
7769 -5222
-2380 -3488
-1199 36
7747 -8724
6252 1977
-8668 -1494
2242 5926
-7503 4253
2931 911
-5861 -5159
488 -6163
6637 -7682
-5414 -7742
9377 -9363
4889 -2412
-2936 -6187
-6811 9892
2369 1066
-9799 820
1719 6796
8463 3828
3009 1596
310 2916
3278 6606
-8189 -7796
-5717 1198
-2361 -2168
1082 -1535
4386 3146
-4905 8553
-2591 8095
2406 4778
-1853 4468
-868 1950
361 -8085
9996 -3892
-1502 6447
-3957 1639
1339 2137
-6465 -2306
2735 9588
7862 -7803
9377 -9673
9465 2849
4404 108
3526 -239
-8447 -8945
-5722 -4900
2493 9345
2750 -2839
6965 -4599
-6813 1379
1785 9327
6476 447
-9279 2770
6481 -7405
20 3398
8383 -7886
-6895 1145
-8932 5701
-3355 -1634
8749 3346
-5727 -8435
-298 2062
8744 -3323
-1317 9820
7793 6946
-135 -2890
-6136 -7760
-9284 6504
-8140 -6519
-41 8224
7834 -5948
74 8427
5654 4774
3215 -2420
513 -5429
-8198 -5427
2325 -3018
-6490 -3313
5941 703
-6248 8230
7015 -4263
-3619 -3170
-4741 -4439
-6667 6065
-5341 -1539
-8143 4983
-5531 -4699
-2929 -7763
-4846 -505
-5240 -5393
8438 3917
-5284 5388
9481 -4913
-643 311
1608 3719
2353 779
5925 5416
9602 -3161
-3020 -5048
-7413 877
-1505 746
-8378 -7800
5443 3321
5929 -7577
1160 -9444
-6610 7097
-9212 -2123
-3594 -3471
8383 6357
-2362 -9282
5988 -6440
-2966 -2507
-3466 7569
8922 4829
-8190 -7809
9214 -2433
-4929 -4776
2355 4661
-1213 5575
-6472 5993
3069 -3520
4605 -8714
8600 -8643
135 -335
3626 8772
3918 1881
9861 8405
-8955 2204
7953 -2831
3827 2918
-8065 534
9355 -457
5766 -2857
777 -1421
6317 -8039
258 6724
6118 -1439
-1842 3352
2704 -1927
-6649 -6484
-1034 -8221
-2383 -513
-3582 928
6439 6064
526 -2886
2977 -6587
-657 102
1827 6982
9345 958
5941 4596
-3048 5742
2171 4815
-7733 8855
-2411 -8488
-4837 -770
-1685 -4851
-5768 -6963
5082 -9898
4716 -3493
2165 6048
-3959 3167
-4827 8788
-1857 -6315
-540 4418
5664 -6672
7994 -8972
-2063 -4740
8151 4804
3092 -290
-498 6781
9143 -3907
-1452 4403
2281 9020
-8601 -4494
-2238 -2111
-9368 6035
-3571 492
-1797 -7836
-663 3227
8477 7281
9972 7350
-3027 3336
-9531 -8652
-88 -8922
-185 -4417
-1040 -8395
-1370 2085
366 8053
-4477 1644
-6972 7479
3616 -2160
7315 -620
5353 -6464
-8132 8203
8198 2100
8086 -9116
1795 -8702
-9633 -784
7260 6957
-2253 -1793
-986 -5045
6990 6771
-9228 4376
-5006 -7060
7013 5039
8574 -7638
8985 3099
-8654 3331
-7179 4247
865 -3362
-624 517
-14 5293
9388 8042
6303 -9761
-7668 -2089
7452 5587
9340 -7749
-661 3397
1424 -9984
-2190 -41
-3909 8087
-9326 -2632
3927 8242
3565 -6129
6550 -2826
7056 -4000
8019 7862
3772 4109
1015 9186
7502 -8021
-2787 -9200
-9847 5321
2962 -8669
1609 211
5495 -3410
3993 212
867 2715
9235 -7584
-7389 2619
6462 -5399
6531 -8409
-3765 -2276
-1015 -5195
6203 8258
9917 -8518
1514 5596
1320 -4287
-2603 -1091
4383 929
8891 9160
-1429 8528
-1312 -6087
8595 -952
-6992 1290
-8509 9853
6589 7105
1816 -5440
-3908 3850
-5561 1541
1989 -3722
337 5532
1357 6446
4931 1795
-7570 2842
2030 -628
-1799 -8562
-3647 -2902
5001 -9027
-3976 4880
-3048 1372
-7944 1714
-4745 1834
2038 -8309
5001 -8181
-4917 -3765
174 747
-2707 -9684
-2183 394
-6222 -5489
-9601 4606
6489 -6961
-7004 2033
-3031 -3059
-9427 5054
-9469 4460
3605 -2462
-3343 3809
5246 -6443
-6456 3060
-9812 3464
-1828 -6521
6228 1408
-9720 4770
8059 -6515
-674 -9887
6980 -1052
-5395 912
388 -6831
5547 -1733
-7309 3602
3636 7591
-212 1077
8607 4668
-1047 1837
3858 -9488
1300 3556
2676 -1012
2492 5262
4000 -8574
8252 -5485
5376 4854
5086 8138
7109 -5029
-5131 5433
8251 -7508
-1690 -7798
-2145 8269
-2908 3085
8982 5340
-8807 -1991
5610 -6770
3090 1420
-3579 3656
4256 -7866
9817 4929
7186 -9812
8793 -7829
-2712 -7528
2290 -3866
4727 4399
-7030 -7855
-1913 4086
-1136 5330
-6472 8023
9993 2286
-8776 6971
-9623 -1883
-9385 -7714
-2601 9937
-1709 3280
-8569 -2227
-7872 8657
-9202 5059
9022 1666
-5500 4146
-8901 -8029
-7147 -113
2980 9923
9642 -412
5523 -7789
-9818 2853
-5087 2048
1484 1755
3876 -461
-6416 1232
6199 -9548
189 9943
-9886 6593
5557 -4047
-3849 7334
-5657 -4619
-5927 -7142
-9070 8418
-3099 6138
-9244 -4876
8921 6331
-2522 -8942
-5566 -2474
-1797 -916
4580 -549
-4764 -3789
4651 -9900
-6415 -7393
5696 -9017
-5237 -1760
4625 773
920 117
-5479 8452
-1088 3538
9930 -6375
2945 2138
-79 -8057
7118 2428
-9676 -2615
-634 -6177
-6871 -4103
2520 -128
4529 -5613
-5105 -2771
6100 5767
4353 5617
2157 -3797
4306 -922
2700 2373
-4646 2208
-2626 3298
-8522 9392
-6272 7561
-4594 7758
914 5606
1046 -3156
-354 -8535
3430 1755
-9710 -1027
-8188 -4711
9953 6334
-6706 2746
-7672 -5943
3190 -6820
-2797 7885
1302 -7243
9117 1556
-7875 6673
84 6055
-504 5134
-7805 6740
103 8747
3841 3102
-5604 5551
-802 9431
6964 -1658
-224 765
-4220 75
-3323 7176
9456 3859
-9529 7011
7209 -8581
-7158 -9460
3181 3553
6389 -6114
1510 5404
-2313 3922
-5717 -5849
3193 -3519
6723 -5
-5190 6271
-1842 -3948
6066 9981
9443 4020
3380 795
7459 -270
-2766 -5097
6175 -5236
6495 3859
-1499 3102
7477 -634
145 -7064
-3502 -5636
-948 696
9013 -9584
6337 8956
-7191 1051
7240 -3821
6304 7512
7628 -1318
-1195 3655
-186 -148
4702 9797
-3821 2627
3600 -3111
-3890 1096
5540 -9189
9949 -9824
7994 -6791
-5151 4432
6638 467
265 -7491
8521 3099
-5142 -1827
4934 -9449
-1945 -8484
-182 9150
-2713 -6647
7603 8383
-7461 9473
4636 5883
5778 -6507
-9014 3329
127 -5825
9227 -7085
-2510 2297
2776 -3405
7520 -4452
5203 644
1238 1517
3216 9582
7754 228
9481 6263
-1928 4013
-3742 977
8164 7277
-5715 4340
-2453 -2089
-623 -957
-3278 3448
5437 8532
4492 -194
7866 -7214
-2343 8072
-2948 8124
5685 -381
7641 4802
-6230 -9447
-3915 2572
5300 8661
3789 -4845
-2287 -5136
9180 7528
3265 -4671
9487 8713
7591 -2871
7032 -7519
5134 3439
2058 -5691
-8105 5629
-3672 6622
3534 4893
2600 -7205
9260 -9507
9293 -6895
5469 7979
2826 -8736
1646 -9397
-1130 -5219
1930 1795
-4574 9721
-9004 5758
-8276 3547
2641 8041
-3946 -6471
-1404 -9591
4790 -1002
5547 8154
-136 -8627
-5037 277
-631 7838
6705 -6880
-1176 1359
6894 3489
3674 6119
4034 8684
7497 -3807
6523 -1795
8592 4082
2631 9026
-4782 7229
1404 -776
-162 -2879
-8190 3631
7098 -7856
-9176 -9017
258 -3553
5192 2270
5341 9023
9600 -9659
3654 -3135
7001 9642
-3347 1682
-140 -5582
-1612 -9264
8310 9191
7210 -7558
6932 -6025
-241 -3249
-1878 8421
3754 7141
-8931 -4206
7407 5966
-7536 -2601
-1092 2204
-1899 654
8 7601
-139 9483
4827 3757
-365 -296
-6600 -4431
-8875 3989
6663 -4107
2159 -7544
1736 8500
-4611 617
59 2055
7237 2474
-296 -100
8567 -5664
8160 -5706
8793 -3670
-8313 -3632
368 -8650
-7463 -1555
-706 717
-963 5077
-3977 5968
1317 8288
2239 4766
15 -3550
506 -8366
2661 -8008
-3548 -5767
8446 -6261
-851 8165
-2063 7762
-6353 -4408
6875 -653
-478 6906
-2784 -3022
8154 2233
-7133 -599
-7477 1582
5912 -8119
-1849 8789
-6859 6753
-4389 9363
8321 8525
5488 -7740
-8497 7369
-1108 9027
9852 -8900
689 -844
5765 2490
-6778 -5074
-7556 -2020
7060 -1900
-4680 3574
-3597 -8573
1127 7245
-671 7225
2219 2782
8366 3263
8375 -2385
-3081 -2430
-3911 6240
-1936 3043
5790 -5120
7057 5925
6416 -4913
2207 5468
7053 3745
-7437 -150
8918 1749
8064 3052
1931 7175
-9663 5493
775 9285
-4683 -7528
-2424 3958
8652 -5099
-6013 1651
5301 -1818
-1706 -255
-2876 -6898
-1907 6049
-9005 -7188
-3599 8843
-1668 8278
5578 -6247
-8706 3933
-4075 -3901
-5168 -9354
-8015 -2147
-7643 7815
145 7318
1984 -7807
5493 3630
-5020 -2637
9722 6473
-8660 -7687
-5191 -2238
743 8904
93 3127
-2308 -5558
5256 -3546
8111 -1099
4867 5875
-4580 4043
-6363 5326
8138 -7490
5822 -8441
3279 9589
-8920 -8340
-7333 -2040
-9724 5142
3279 2310
6166 5732
2531 9030
-3362 -5507
-6223 -7262
-3951 -4546
-1887 8247
-1986 6201
-1424 3455
-8739 -6036
-693 -1390
3818 -7788
9657 6915
-8086 4808
-7001 -4326
-9303 -3274
-6135 9262
542 2404
-5056 2857
-2001 -5636
-7860 3366
-6228 2233
-9235 -11
585 932
-532 -8459
-6685 -4580
-8032 9455
5922 -1573
5016 9744
-2804 -4659
-9250 -3
896 -1510
-4352 403
-3408 -763
2001 -31
2533 -3232
6946 1635
8915 -3424
3501 9088
-4930 -4697
4529 3462
3075 -8756
-255 -8135
4589 -9283
2967 9137
7908 -6922
-8634 7776
2411 -7951
2712 -4135
-9644 6800
7749 -9417
8731 1941
-6195 627
5725 -3681
7322 -3751
5022 1045
8276 -5719
-9907 -2160
3939 -6490
7579 3539
437 -9541
-7975 8026
8788 8554
2744 8695
3197 -1054
-7626 7669
-5332 14
-5313 -1752
3320 5313
997 -4466
8609 -3649
-7615 5888
8899 9065
-8710 4941
-3347 -1169
-3206 -6436
5244 4900
2508 -2646
-8079 -5395
9697 146
-5475 5167
8748 -2161
5552 3402
8697 5795
-8046 401
-8407 -4561
9206 4440
7331 4387
6033 -1946
2286 5674
8959 -1621
9409 -1492
-271 3640
1811 3468
-611 -5285
-4719 7732
1775 -8464
3752 -8632
-1137 6258
6069 -6776
3756 -9591
-5040 5840
-6025 -8530
5283 -9665
5880 -8868
1662 -3546
-6613 1443
4169 -3562
-2339 -9933
1248 -531
-4493 -5668
-7358 6985
3609 -2202
-7948 8834
-8753 2370
-3921 -2301
4731 4890
3888 -8876
-6488 -2674
3778 -2142
-5005 -8030
-5779 -6227
-8030 8163
-6124 494
-7678 1037
-5889 -4920
-6345 -6854
-9751 566
8545 7355
-3052 -1379
2250 -666
-7936 -5941
-2936 694
-727 -3732
-3267 1196
8869 3854
4042 -3094
2009 6367
-2288 -792
-4590 -7943
-3562 2672
4017 -1462
-3800 65
-4225 -1809
4565 -5881
-9532 -959
3199 -4365
-4104 1181
-3589 -9703
-5432 -2696
-3280 6654
6826 3871
4753 8425
-8146 1722
-1678 -4413
700 6062
-9704 8547
3602 387
-9049 -4798
-1085 4307
1485 -7968
971 -8682
8911 -5031
-1887 -1894
-7520 -6336
-2759 3315
2345 -8790
-9710 -2617
9298 -7927
-4593 -9121
-354 -70
-7154 -7017
-3902 -8402
-2475 -2101
-7303 -1529
4556 -4210
-3296 -5167
9474 2352
-2702 5384
-3391 -7877
2022 1410
-5442 971
-4604 -431
-1912 -7494
1894 -6522
-4635 7793
2501 -5128
-5647 -1694
9682 4860
-3897 -8354
972 5622
-7947 -575
145 -7003
-597 -5714
3349 3443
-9415 -2720
-6145 -6422
-7843 5680
-1684 9026
-1505 -5442
5324 3307
4395 -3186
-9412 -5570
-1588 -2527
-2377 -4975
6787 2867
7480 -3432
1452 -9094
7388 2100
3367 4227
6144 2280
-9568 7914
827 -5659
-3206 4014
753 2471
5505 2362
6586 7528
-1744 -1534
7992 -3319
-7046 -393
7297 -9689
7061 233
-8369 6502
3152 5255
8271 -356
8523 4072
3588 8461
2401 -4630
-8575 9935
7525 -5661
9336 6178
-8405 4457
3877 -3419
3896 3613
7817 9933
-9424 -1789
4034 -3681
-2295 -5669
-3914 -2240
3306 -7468
-9626 3326
415 -9908
1207 -825
5945 -2615
7953 -4740
-3763 9955
-944 3212
-6342 -4033
3780 -2580
-8394 -22
-7498 -6191
2422 -1053
-5436 -4398
-509 -5571
-6388 4066
-8447 -5682
4186 3323
6226 4584
4871 -5088
-7984 3080
-4971 -1535
-9849 3646
-6057 -7090
9721 9653
6818 -4824
-300 5799
-7807 4635
901 -5061
5864 -8264
6071 -326
-4594 -780
472 -8684
-451 8044
5885 7158
4130 -3953
-9393 1733
-1022 9664
4832 6941
1620 3832
7073 -9568
2410 76
-187 -6224
2786 -745
-5416 5632
6857 -5518
-765 -9733
-8170 -1395
4153 -4387
-1616 -9987
8019 -1176
4293 9700
6600 -4169
-2573 -5229
979 -6772
2985 6938
9435 -9803
7473 -5997
-6850 -6619
7425 7601
7933 -8542
6635 9997
2279 1547
-5682 -4951
-5379 -7358
-5253 -4740
8190 5481
-5455 1212
9543 -3406
2749 3648
8617 2156
2005 907
-4062 1197
-4984 4681
-9240 2985
-1969 -6797
-9215 -551
-9556 7660
-4751 -6869
4037 8581
4420 -4506
-3155 7862
-5560 -2942
-5168 6202
1056 3375
-8040 5101
-9889 8908
3367 3480
-1238 -1782
-1393 -8403
-9651 9186
6898 1847
9501 -768
6187 -1288
3255 -7195
1158 3967
6053 1983
-4337 2515
6754 -1711
-8869 -7158
-6535 -5405
-901 -5981
196 2430
-6445 4423
-6624 -1623
-3659 9932
4180 -2887
-6290 1315
3663 -8521
7271 2153
-6165 7230
6144 963
-1516 -2117
-7416 5176
3634 7358
-2779 9650
4082 2462
-1638 7222
8216 -111
7402 -5732
9902 4653
9212 -9368
-9592 4006
5943 -952
9748 -4991
4471 5448
-4531 -1742
-611 5421
-2411 -7888
6095 697
-7908 -7008
-8225 3877
9398 4611
5129 -4705
-2091 3781
3081 -6254
-4041 -1811
-389 2950
-5360 9800
4273 1306
-400 -8014
5520 -3890
-3941 195
-7068 2056
-3287 -8997
7730 -4676
-5918 8099
8104 3171
-6400 569
-2829 8328
-2909 4782
-3086 6197
-4443 -7312
637 7100
1145 770
4975 7795
5025 -5945
-5577 -810
6524 -679
1532 -4877
4848 712
9025 6879
-4358 2015
-9175 -422
-5476 4820
3088 -4709
-6634 -4050
5270 4740
-5351 7289
-5163 -8144
-7334 -8854
4097 -9070
-1472 4944
5396 3534
-1920 5555
5935 -3458
-6255 -3617
-4049 2781
-3946 8930
-5243 8232
-7446 2419
175 -6536
9025 -8959
-1220 8689
-8901 3797
4320 -7826
-1129 -4605
5949 -9575
2616 -2707
-9815 -4287
66 7773
-5465 -3148
-2380 5328
7999 -4488
-6346 -9122
-9608 4389
6759 3798
-7619 -7883
1322 -7145
4585 4120
-3469 -869
-3974 -5531
9942 3011
-9077 -5097
-694 3125
1404 9719
-5169 -7481
1672 3535
6721 -4635
8524 8438
5329 -3934
1875 1086
-6745 82
1429 -6976
88 -3736
-1351 -9034
-932 230
4303 2342
-5070 1679
7364 -4743
9879 7762
-791 -3568
6418 2592
-513 -3678
9443 -8514
-2351 524
-4924 -3092
9566 -8704
4735 -7835
-3380 -9396
3759 166
-7195 4028
2818 -1455
7731 5274
5888 -6807
-5166 3914
8794 -433
2495 -8955
8388 -1255
4405 9171
9127 1990
-377 -1612
397 5584
5479 6623
-5516 -5610
6603 -8003
-9187 -3381
5287 1141
-9490 -1708
-2565 -3696
-4769 -144
2642 -4001
2118 -4046
6977 9453
-8376 -346
-5507 7984
9205 7761
-4101 -6427
5854 -3361
-6799 -6519
-4463 8832
3693 -62
6440 9210
7983 452
8444 -979
-8826 8842
7087 8715
8988 -935
6623 834
-130 5864
1237 -8008
856 8929
7271 5940
4809 -535
-487 -6248
5240 100
-4415 -3478
107 7228
-1493 2478
-9287 -5458
-6055 -245
-3065 4790
-8942 -2444
3647 7667
1549 -6994
9866 -6171
-3504 -2357
-273 -6445
-6256 -8986
-3734 -4163
-1420 -2439
-9775 -1847
9104 8256
4371 9676
6066 9010
4374 -7230
6335 -7900
-7635 -5372
4111 2224
-739 9832
6597 6892
5242 -7553
-5821 2165
-8995 2152
4071 2591
-8049 -55
-6965 9300
-4717 -9138
6741 -4083
-9195 -1325
1993 -9378
-1945 2107
-8971 2948
3683 9610
8761 4201
3953 -6572
2566 782
8702 3293
-7282 -7423
4759 -8434
-4452 4646
-783 -4263
-4749 -1040
3327 7109
9948 9500
-7081 -1802
2853 -905
7856 5521
2901 9334
7242 -5154
-7652 7044
-1155 -1861
6359 902
-4393 3724
-6945 9627
-4737 -1457
-722 -9504
8422 -6144
-6482 -6271
1254 -4088
-7233 5067
9346 7055
-7302 1369
-3731 -7354
-5349 7921
-2493 -152
8599 -4163
6744 -549
-2220 5668
-2353 -430
5783 3582
-1182 -634
-6447 5062
-9835 -885
-6783 7891
-2126 3771
1625 5167
-8094 -2535
9493 3220
-7684 -8294
-9985 7543
-8741 -553
-6376 9994
9295 3319
6416 -6651
1153 -4973
7041 9564
5568 3216
2659 -3753
503 -3888
-6652 6631
6319 -5677
-8520 5192
-7513 -6557
6092 -2298
-351 403
-9634 -1462
-3583 9104
-7617 5088
8651 -6730
-1112 -8819
2682 -8050
-3581 -5175
-2376 -2264
4906 -6063
3896 9248
-9930 -2960
-6376 -3816
-8884 -6635
1023 -6757
-8510 3934
-4184 8523
-707 7570
3130 6111
-3144 7696
1857 -2377
31 -3716
-4843 -335
5778 -7466
7841 -7539
-5620 -1905
-5634 5184
-4621 -2439
-1725 -6635
7869 4912
-290 5092
6877 3914
-4285 -3484
6592 -2183
5507 -3427
-3191 -4897
5199 -1083
4220 5084
1998 229
-5153 1409
1520 6816
8357 -7221
-5593 9830
-9720 -531
-5517 6258
-2340 -5548
6458 2155
2664 -6320
8861 -6415
645 3716
-7604 -9299
-205 -4796
6846 -7669
1189 9542
9034 -881
985 -8783
-4168 1946
-3230 1235
9873 8125
7793 -7293
-6563 9346
-4904 1199
3743 543
6357 -97
6753 1206
2397 3754
6705 7453
-370 -4837
-1652 -7292
-7791 -9649
-797 -5994
-1672 5127
7721 -7439
-3065 1217
7499 3136
-2451 7301
8055 -6133
-2694 -1522
2595 6205
-9581 -7210
953 5307
-5957 -3154
-1473 -456
3652 1076
-105 -7009
-2549 5754
4119 -4795
-9437 -2873
-3710 6339
7411 7614
-5782 3898
4504 -4399
-3670 -5518
-8460 4086
-1918 468
-8809 -8520
-8076 -4477
-5209 -6786
7374 6852
1257 -390
2740 -489
-4339 -4889
-7442 1400
7660 2553
5937 -6521
4581 53
9406 3633
-9251 -8105
3699 -8561
7089 732
-1515 3440
-5863 -2153
5201 4870
-8284 4599
7344 9811
8355 1437
-4748 -4109
-8699 7661
934 -4928
-5589 -9874
-2529 6510
4306 15
-6713 9084
-6782 -255
1435 -6538
2079 -869
1576 -4707
-2894 712
3455 -8385
4191 -475
9706 8815
4688 693
5881 5021
-919 9731
-7197 648
-4083 -8350
6049 3411
-9239 1252
6025 9512
-2793 3260
-4944 -646
9278 5887
7566 1352
-6700 -2979
6377 6923
-8750 1274
-408 2171
6391 -7187
-9780 -3732
-1402 1335
4259 -2239
9882 1671
-1392 2996
7050 -1977
2750 -4838
-1451 -2122
-212 -8365
-3750 -7849
2700 5836
6178 4516
7748 -2348
-5119 9705
9293 5698
5327 1350
-3866 6748
4865 8885
-6415 1556
-8743 -4022
5964 3457
4585 -3637
-9618 2133
-943 3914
7838 2015
2285 3225
5068 3800
-600 2534
1555 4999
1249 -2290
3780 -5953
2227 4848
-4466 567
-2629 -5774
-2024 -1525
-9161 2756
-9235 -4838
-8898 -9910
-3531 -7295
-7046 5083
7076 -3508
8954 3896
2960 6013
9288 -4414
1396 -2963
-5829 -8830
-197 9585
4979 1573
4910 1886
-2166 -6139
-5750 2264
-850 -6304
-4835 -2748
2067 1572
-7069 -8587
-503 4080
-2301 8299
-5403 2841
-2538 -3828
-4710 -2466
-2415 -2907
-9313 8619
110 3622
2241 5247
698 4664
-5539 -1124
-6816 -6280
-1304 3736
-259 6524
1288 2926
-164 -9452
-502 -3875
6943 -850
7739 1037
-1614 -6879
-2668 -6679
-2906 -1914
127 8113
-5629 6072
896 -295
-9400 7360
-7788 9547
1726 4465
-5421 5227
5427 -6913
6084 -7624
-5125 8018
-1665 1785
-9835 2282
-3516 -5276
5892 5717
6369 -38
-29 -8439
-2847 -5870
9392 -8858
5556 -794
3935 2898
-8546 837
-2491 -406
-3995 -6253
8925 -3472
7100 8046
7735 900
8158 7697
-7758 3931
3575 5507
3844 5125
7503 -2665
7193 7079
-4453 -3110
-1104 9511
-8181 -1648
-2412 4032
-3067 -6429
3835 -3173
-6863 -467
-984 -6933
7966 -270
1165 5556
-3090 2000
7154 5855
-6541 -6393
-2424 -9004
2658 -5966
4770 -9188
-4675 4183
7246 -8801
1989 -617
7920 925
9022 -3131
-501 -2370
-4655 -6147
4932 -7239
-2415 -6468
5887 -2431
3965 -3912
-731 3916
9526 -3959
9243 -5837
-9089 5687
-8419 -7504
-465 2539
-1596 -4073
-5693 5086
-1401 -6919
-2773 7285
9852 -4438
-500 7094
-1350 -3218
4139 9015
4914 4340
3678 1019
4323 2943
-8142 434
402 8094
-5799 4373
-7359 -5243
9002 4299
-8781 -3793
9270 645
-3331 -7487
3608 9772
5868 -5694
-20 5259
4667 6221
-6683 5495
-9460 -7070
-5754 4599
2554 6578
-5089 -2986
-3502 -822
2430 5374
-7764 6351
7101 -1309
-8422 1083
-1951 5053
5898 7932
7646 -4222
6983 6694
-7392 -5242
9297 -3891
3216 4818
-6578 -5208
-2240 2760
3643 -3361
6816 1221
2212 -1456
-8654 -2443
-1382 -7327
-6269 743
6954 9067
-2518 -7466
-1080 -8421
1371 -9602
-6528 -9225
2997 2708
-3505 8502
1270 -7139
-5606 7173
3469 -1772
-6263 5175
-3951 -5505
-886 5709
-6528 8518
8217 9314
5846 -4865
2435 9026
1974 -7489
5823 6224
-549 -3767
1681 5589
-2159 9990
6534 9367
-2024 -3461
-9098 1984
4581 -879
9575 -3407
-8177 3010
-6554 8516
7764 -6731
9571 -9593
3690 7037
-5521 -595
9631 -864
-517 6401
7488 3075
6703 -5822
1733 -4526
-3661 -9088
3329 -6550
-2855 -3809
-5067 -8476
-2083 3089
1561 8655
-8059 2099
-2166 -6973
5333 -7148
7773 -6754
-6794 -8533
-8953 1686
-6630 -985
9235 -8618
8097 1643
245 1364
4196 -4388
-4136 3433
2155 6197
-8836 -4672
-4734 -8833
-2283 -6563
2648 -2134
-1785 9887
-1134 -9027
9807 -5167
-709 -5720
979 -6206
128 151
9896 1298
-6738 -8810
-7229 6161
-5429 9255
-2302 -7146
2427 -118
-754 -5819
-7386 3557
1126 -7758
4530 9220
-5034 2660
896 -9287
5195 -5119
-6314 -9024
-3346 -6167
902 7801
-1407 -6913
-3516 -2963
1837 -2354
-573 6573
4152 8007
-8393 -2988
-8841 3452
8945 1520
6646 -3841
-2420 -494
2396 -883
7498 5051
-957 1530
-7999 -2240
-861 -7987
-4831 2901
1200 -9967
8605 -6687
2442 -4065
-7812 -6085
-5130 7774
5631 -6303
9699 3971
7229 -8174
4868 9194
-3762 -2118
7036 -9077
5364 -6012
-2523 -431
-5174 9772
3618 1973
6058 -3169
-1094 -6423
-1765 -2075
7610 -389
-8554 5129
-2174 4113
3821 -3630
696 1723
1185 9916
-9216 6907
1489 8825
3650 -6883
-4383 -4172
-8841 -4573
-1203 2535
7113 -1176
7048 7943
-7859 -8938
2881 -807
6440 -358
3257 1181
1913 -3236
-7601 4910
5620 -4533
5378 -4187
3318 -204
9144 -132
-2198 3782
-9501 -4384
2320 1947
8310 7285
-6842 -6873
7397 -572
-5377 -1791
9583 -2440
-5436 3328
-4634 -4556
6291 1295
6984 -1385
3368 -6759
-2934 -2107
-5528 -2808
7382 6436
7669 -1187
6442 -3515
9336 8165
-9075 7704
-1508 5676
8966 830
-2940 1521
-3535 1363
5966 -2647
-8999 3105
3335 -7181
-3404 6955
360 6090
7838 1637
5845 -3578
-672 158
2345 -3124
2815 -9943
-708 -5677
-9991 -7447
-3218 -7159
5175 3787
802 -8513
-9083 3896
3173 -9033
-717 -5560
-3382 3948
-8712 6671
8077 -3222
5714 5327
-1560 2598
4856 -3507
-7928 4659
-3953 2964
444 -2291
-8680 -167
8666 -7599
9118 4295
8265 2315
-4695 5568
1553 -6876
6596 3987
7533 -1482
5321 9994
2882 -5573
-350 9569
6386 602
-1914 -707
-3200 -7285
-2390 4502
9133 3277
-1874 8474
-1323 -2897
941 7784
-5497 1769
9584 -2846
-8359 1162
-5167 5466
-474 -5524
8353 -5384
-3205 7882
5007 4295
-4817 -4429
-4877 -6233
2552 8103
-5302 -8462
4169 -7927
-1722 4999
-2251 -721
-6104 -3605
-3543 -7485
-1694 2713
3451 -961
169 -3200
4828 -1532
-8469 -7200
1203 7717
5997 -9489
-833 6493
1565 5254
7574 9866
-132 -6179
-2115 1493
9627 9268
-7853 -4143
-672 -5096
-1688 -9177
257 4562
-9995 -3068
7211 9118
-2338 3384
7999 -6134
-5130 9383
-3751 9545
5867 -2897
682 -7226
3759 -9954
4224 1404
948 -6711
-8969 -4431
433 5453
-5172 60
8267 -4929
-6747 -6801
14 -9575
1156 -8479
-1400 1508
4149 -9976
8836 7099
-3660 8838
2330 -7364
-7726 -8916
3776 7698
-8174 6004
7486 -2821
6268 5247
9149 1945
4741 -6323
-5783 -7991
2663 2233
-3402 2358
7668 -1334
-1304 -7579
-5445 919
-9601 -1557
335 9745
-5365 9575
-5705 -1826
-6435 746
-3793 -5418
8337 8498
-1415 1764
401 -3555
-2333 -5606
-1385 2457
-8576 2534
-8352 114
-6448 -9331
-7469 6426
7878 1291
-8521 476
1261 6465
-9145 6461
-3942 -1825
-7790 6110
2360 -5115
9215 -4348
-9977 8913
-1120 -6557
-8926 8145
5144 7587
-7197 7995
-6665 7053
-4444 -4642
-4213 -760
-7468 7964
-974 -359
-7910 -7681
-5063 5910
424 -4249
8083 -8046
-3447 -4071
9300 6679
7713 1174
7639 4612
8005 7074
8311 5602
-952 6163
7591 -5079
-6775 -8234
-5460 -9461
7239 -1502
-9180 -1897
-3873 3235
199 6419
-3730 7107
-2256 -7084
-595 -4363
-3028 7058
-662 -3474
-8329 -9142
-5344 2645
-5954 -303
-9147 7214
-2316 -3258
9325 -2476
-6312 9822
8005 -7242
5998 -9768
-9620 -3098
-6833 6780
-4780 -6754
-7566 6735
8344 806
-6910 6039
-8027 8307
-3847 -7723
-5801 -430
-8180 -5138
-9045 -6348
-4867 9467
-2268 -6576
-2169 -714
1512 420
6531 9688
-9441 3049
8392 5904
3346 -4239
-628 -8586
-2247 -1384
9964 9690
8800 4450
9484 135
-1310 -4030
8370 9715
-7576 -8706
7044 -850
698 -9513
-5771 -3226
9849 5846
2539 8066
-7262 -6672
8248 1231
-362 -1703
-5303 6283
9210 -6168
8173 5635
7954 4945
6914 1256
8499 -6267
1020 -2093
3696 7099
-3946 4226
-1318 -3168
4701 7428
-2803 8412
9985 -2574
7154 -4313
9592 -2923
-5024 146
2007 -5140
6680 -2699
-9272 -811
7852 1938
8474 6414
-1575 1763
-9229 -6685
-2909 -2464
7287 -8673
5609 -9152
5794 -6138
-6056 -71
594 -1308
-4923 6183
-279 -9810
8160 9291
4152 2620
-9393 1137
4970 732
8134 -9185
-8834 2887
8608 3994
-5516 -867
3135 -6673
1578 8267
-2132 -9466
-3436 9622
-245 4046
-9726 -4353
1155 -7938
-3183 -1105
-2936 -6873
7917 8525
-8865 -386
-6555 -1195
-2627 6354
4668 5791
-8158 -6969
-8506 8410
6986 2260
-4260 -4353
6267 1212
3681 6460
9936 7510
-9533 1435
-5949 -8798
-7284 -6516
3305 5960
4871 170
-9469 -1930
-3632 4215
88 -668
6279 487
4383 2187
7178 3228
-8957 -7236
-1694 -1329
6597 -5299
9571 7463
2569 2301
2772 -7352
-6836 7530
-5359 5128
-2282 -6298
4255 -2427
1697 -2951
6234 -9268
-552 342
8850 -7562
9262 9833
8157 -2581
-8213 2518
1972 -514
-6471 -1471
-6236 1582
8716 4105
-5328 5418
5579 3200
-6066 1734
6065 -3688
-6342 7928
6786 -3943
2509 7515
1605 -4484
-2506 6176
869 1638
5862 -4095
-5688 -6787
3382 8948
6561 4239
-3387 5643
-3315 -8038
-8791 -5274
-6690 3274
-2120 -1321
-8837 7574
3993 -5380
5905 -5386
4036 4018
2416 -9754
-6353 1658
7763 -9279
3589 2545
8297 2678
-5709 4027
5233 6589
9873 2372
1446 3126
-8161 7835
-3253 -728
5158 -333
-2607 -3311
-1949 9913
-9890 -6329
-7185 4635
-9770 5325
-7175 4238
-9422 8435
8449 -1664
-5718 2909
-2911 6167
477 5413
-2524 8149
8938 698
7891 3852
9812 9195
-88 -3151
-2058 -1818
-250 8441
538 4194
610 -8438
6875 1089
7013 643
718 -1997
5397 -2842
2659 9483
6856 -9500
436 3077
-1221 7123
3808 9152
6474 6309
4131 8039
3808 8822
6136 7045
8723 1903
-8749 3023
-9198 -7566
7965 5690
1889 1752
-2167 -9421
-9009 4406
-962 3336
-4734 -9664
822 903
-5149 1117
4624 -4863
764 -4893
-4651 9324
-9502 1865
-3128 9367
1021 1626
-6526 4277
-6312 -4725
3611 7688
-3959 -7062
4934 3564
-2838 -6177
6933 8895
-9021 4636
-3129 6921
7104 9158
6990 5513
-7282 -1577
-5909 847
5150 1482
575 -4600
2913 -8760
-5003 5184
-3193 9327
4863 7376
-7609 -4897
-6741 7238
2856 -2234
-4134 2847
-9825 6659
-3235 -8480
-1144 9566
1061 -7417
-7599 -1876
1571 -8828
1422 3862
5049 -3280
-9091 -1008
5539 4757
109 -401
4212 -3263
-4159 -8038
8976 -6380
49 4119
-7503 2896
-899 8934
-5758 -9989
1899 5072
9871 391
-391 -4043
-6372 2506
-2853 -7662
8834 -3256
441 -7602
5692 -5777
-4261 -4928
8875 -2512
-1119 -6155
2348 -8001
5258 1501
4428 9056
-9959 8323
5994 -8297
5362 4428
426 -5200
-4606 -4994
-7604 98
345 4044
-783 5199
-7307 4899
-1829 -3813
-5692 5421
-8625 4267
-7856 6753
-8086 -659
-9885 -5920
303 9635
-9744 7985
3064 3508
1152 -5006
9230 8901
-7267 -540
455 -6944
-9338 316
-518 -6586
8152 -5432
5978 8087
4116 19
7137 -7899
91 -1275
-4709 186
2421 -2928
590 -3077
-3759 2511
-7166 -4615
6797 -9290
5004 3757
-5798 8579
-6703 1837
3776 7339
6738 4508
-276 6018
4682 4089
-3917 -1229
7205 2781
2815 -3499
702 235
-6555 644
-9674 7307
1512 -5740
-1659 8969
-7452 7927
3932 9247
-5305 2401
-7852 6997
6937 6934
-7205 -3174
-4702 7461
-2626 -5753
8829 5113
-3891 2787
2198 2492
9130 7121
9786 8618
-7003 -7958
-5910 -9391
-1365 3633
3986 -4258
9492 -1340
3477 -7889
3932 -954
-990 -7723
-1191 -5656
1455 9833
8967 -3941
1802 -1458
4582 9892
3672 -819
5355 6247
-2027 6429
-6215 4676
9198 9751
-7373 -903
-2048 4794
3226 -335
7735 1247
-268 3523
-9796 6916
-4104 -5473
-6043 3258
-2909 -879
-4358 -3425
-9084 -731
-3663 -3428
8619 -4635
-405 -7936
638 -8270
-1600 -7387
3711 1591
5679 -3111
9982 8352
-6885 8476
-6720 7833
-5540 -418
-4883 -6134
4545 -7425
7679 -8562
2860 4458
-6101 8027
-206 -8275
1323 2145
-7419 -6452
6715 -4224
7466 -659
-6795 7216
-9056 -6832
2385 -4956
2684 -9740
-685 -9426
249 -4518
6543 -8878
-7705 8092
-8426 4728
-5420 3764
2435 -5574
9163 -1171
-6656 4526
-5607 4098
-5342 -6218
1230 -8069
6123 6000
-7651 -9532
3267 -1395
-4435 -2529
7009 -4506
141 9329
-9818 -1719
-4122 5451
-7084 -3248
-5214 -9739
8096 4772
-3496 2209
6615 1886
-3250 -9370
1450 -2995
8621 2223
-9296 9359
6673 4646
7972 8659
7819 7400
-2107 -8486
5673 7713
8049 7250
5468 -9054
8066 3833
-442 194
1740 -4264
5673 -4990
7127 7440
8428 -4778
-7748 8016
-8457 6740
-6371 341
3140 8344
8123 3402
8683 -9126
-5884 -4316
6837 -2544
8534 -2273
-2878 1765
9495 -8502
2091 -5667
-5665 6559
-289 -5537
-3897 2058
8804 8049
2281 9268
-5468 5172
-4852 8542
-4912 -6568
6414 4765
3051 -3771
7386 6533
2315 -5869
3544 2963
5586 -6131
3844 -2716
-4592 -6142
-7333 2583
4804 4717
4281 -8311
2168 3356
-6444 -328
4324 6391
-7580 3655
-2418 -8818
-6941 -4042
775 -9737
-7010 1744
-6705 7376
3337 -8630
-5957 -1437
1598 8487
2216 7259
-5081 4285
-8597 -1846
-4523 3398
5875 7848
-3054 -5646
3193 1597
-5841 3268
9880 -8668
-847 -2892
-1325 -5164
-7211 3012
-9874 -3653
-5530 1839
393 -5664
447 1119
-8230 5721
3798 4281
-8251 -8904
6899 8389
599 -6724
5616 -7566
-411 -4989
-2269 3888
-3358 1927
8814 327
-5742 8587
-6933 3053
7130 -1796
4040 -7797
-8211 -1219
-7587 2125
-5591 162
-8163 4962
9209 8079
5444 2113
3367 8446
6452 -7277
3820 -9275
2677 -9290
-4353 -6964
8534 4869
-9002 3768
-6316 -6863
-7600 -7599
-4331 1232
-6921 -7642
4071 -8339
-3657 1542
7553 2272
1210 6977
-2445 -9650
-6930 9401
568 8344
1357 5615
2474 9967
-5243 7675
-7972 7033
-3658 66
-932 3446
-372 3152
8026 3373
2433 2764
1587 -2314
1094 -6573
-5741 5211
2921 -464
-524 1150
-5351 -2759
-2747 4158
-7057 -248
1888 5579
7918 -484
3097 -4202
-1836 9683
367 -8901
2378 -2280
-8656 2615
-8394 -8656
458 -5068
-9259 -8270
6749 -1681
-3133 -606
6105 -1176
942 4038
-8809 1630
6123 9133
9250 -7365
-1219 3084
2490 -2508
-949 -9488
4799 6967
-6048 5037
6652 -9158
6337 6117
-1849 -8164
1068 -4786
-5088 -1741
-1964 4259
2304 830
-409 154
1706 -7246
-5065 8280
-1955 8357
-7746 -8030
1552 -1815
9645 -7319
2924 4893
-4049 -3267
4489 5072
384 8550
-9580 -2871
4726 -3905
5056 6706
815 7852
5257 -9964
1745 -3547
-450 3851
-9549 8592
-6130 -83
7934 6542
1348 -2310
3249 -3874
8252 -1473
9728 -8816
-6543 -8593
3316 -8829
8379 -9169
7090 -4284
-7097 -9596
1383 -5633
-2922 865
6010 2773
-8818 3851
-7566 98
9943 5726
-880 4368
-6956 1720
562 6404
-9734 7821
3313 8626
8791 -6831
9891 1128
7921 698
2605 -8763
66 -9680
4051 4530
-7365 113
-8586 -5398
-685 -6682
6665 6072
263 -7588
4714 1689
3710 -1922
2489 7452
-9644 -4307
1340 -5148
-3083 -8808
68 -1491
-7994 4803
4866 -2225
-1351 -6713
-3418 -1587
2655 -3898
6676 -3759
1827 -2031
-5211 -1138
-3323 7403
-7426 -2799
-3240 8618
7219 -9914
6928 643
-288 9460
6932 -7039
8828 9886
-6363 9133
-3064 8782
4444 72
4998 -569
5506 8346
6179 -2799
-943 -9101
7136 -7670
5970 -4653
-3146 -9711
7672 146
-6355 7933
9337 802
4155 -3260
-3231 -9363
2158 7135
-1727 -7501
-3053 -1435
-1936 8666
965 -3806
-8519 -4950
-5631 -7897
2064 3144
8186 1543
7938 -2582
2380 -3330
1023 503
9980 2529
-2979 -6493
9048 -7621
2274 8206
-9731 -8941
-4610 -2821
-9188 -3819
-5123 6713
2621 8793
2384 9286
362 -5052
-758 -1458
8995 1785
8058 2753
6478 -1720
-3981 6532
-1486 -4954
-8256 -6337
-9982 -6103
702 -8238
-7479 -6669
-8840 -684
-6543 -7272
-9138 -8705
-6006 -3803
5145 -9132
7482 111
6016 8913
7942 1829
749 6033
7824 6427
-4546 17
318 -1034
-3100 1403
463 -6233
-5101 -1022
-2131 7104
-469 -4043
-3820 -4055
-2966 3718
2711 -6195
-1247 7276
-8217 6780
-50 2022
6793 150
-9898 2174
-6967 -4883
3642 9706
326 -9440
2007 7677
-6116 8262
552 -6833
8622 -1612
-3724 -7213
-4205 7054
6362 -8019
9900 8545
6604 6101
-7922 -6702
-9550 8096
-6517 6052
9907 -8032
-6282 6987
-6836 6675
331 -1136
-6594 -5045
-6259 -5873
606 -946
-2877 6030
8524 7050
-2949 2424
-2237 4888
6903 6386
-3631 1853
-9038 4316
5079 -293
-9309 -1911
-15 -5013
-2525 8152
-8793 -308
4246 3519
9961 -193
-1411 45
-8627 5004
9458 3485
-6234 -2839
2986 2869
3663 9322
-5909 -394
-6503 3453
-4874 481
2870 7254
7909 -3673
-674 7187
-3231 -2150
7430 1725
1439 6464
315 9307
-3365 4101
450 -9717
4001 6275
1655 -5855
5136 -3742
96 892
-352 -7452
-5763 -9962
486 6581
-4371 1019
6403 4810
-4900 5762
8595 7846
-541 -7802
6711 9723
6272 8307
-9188 5687
-3540 5210
2722 -326
6053 -1456
5152 3971
9958 -8969
-9825 8066
580 7460
9994 -6880
5825 -5023
8280 -4035
9050 2934
-4240 8907
7040 2994
3841 -9749
-7355 787
3979 -9134
-117 -9726
-3160 5035
-3451 4496
7330 5711
-6558 -543
323 -7388
-5739 -2023
2125 2680
1463 9604
6073 -4086
9038 1224
8818 -9955
-4421 459
-6444 2692
9740 -3879
-2127 -5082
-9454 -6842
8763 1468
-675 7316
4212 1567
-4862 7438
7862 6549
-4197 8080
5901 -9474
-3942 2591
-2079 -9185
2981 4284
-1990 7344
2595 9075
-2208 -1567
-507 9348
5527 967
-6774 -5505
-7731 -6672
43 -8981
2026 -9245
4694 8801
4484 1994
-349 3380
3301 -1417
-6183 3458
-6896 -3168
-4623 6303
6203 -2207
3744 -9111
5236 4695
-2383 -322
-1417 2076
-1532 -9040
-1072 8883
-7477 253
-9617 -4690
1745 -951
-3446 5405
-5100 7065
-4978 -5397
9830 5497
-5095 7521
-3869 415
6312 6967
-6697 -2674
-4255 -5156
-3605 1260
817 -8140
-7896 -8417
-5706 -6256
-3605 -8827
-784 -2262
-978 -8393
-9658 605
-6581 4798
3823 2229
3545 -8284
5004 5751
7523 -764
4663 8984
5400 -7477
-3160 -2373
-1667 1108
9269 -1499
163 2214
464 -3443
-8811 3840
-4069 205
-6716 -2713
4031 8268
-9532 903
-5326 -452
41 -810
-3864 23
2619 -6180
6540 4885
-5919 -4463
-3081 -6011
1199 -4571
-7764 243
6728 3637
-9588 3194
-5830 2836
-6032 2881
-318 -7548
-9732 491
-2120 -7968
-931 -6523
-3011 -1406
1142 -4694
-1271 860
-5341 -1914
-516 -8387
3583 2487
-2690 3455
-7090 333
1906 -6623
9306 2530
-8819 4034
-9443 3240
-6931 -1960
1992 9351
5668 6187
-9553 2959
-1340 -8331
-5654 4056
2201 7144
3656 2807
9643 -3924
4621 -4136
6223 -4733
-4192 -806
4094 -9461
-7594 -4909
422 -6190
-6941 2798
-8349 -9477
513 2412
-6125 -2148
7247 -3858
8095 7412
2509 1752
2467 3982
552 -8908
7458 -7470
9896 4141
-8018 5508
9975 8986
9151 -2225
3952 -6975
9864 -4568
-4751 3726
454 5924
7511 -6761
4871 6446
-9771 4773
2701 -1941
6233 1571
4030 100
1842 -6071
6433 4125
-1742 6010
7288 -9826
-1652 9789
4600 4231
9485 7062
-477 4016
1925 -3441
-2552 356
-2803 -4202
-8719 -523
-8221 5941
7643 3456
2672 7738
-7493 -333
7584 -9532
-6335 -315
-1641 1666
-8393 -995
3829 2500
-7432 1033
-7836 1556
-1417 -4061
-1876 614
8085 7186
7934 8934
2979 624
7653 -2450
3583 -1373
-5499 1685
-4981 4736
-7699 4326
5887 9359
3594 7006
5205 7204
2650 -6133
1314 -6997
8922 712
9620 -5599
-5766 -9346
-6178 -2032
-1851 -3650
-1548 2599
-6795 5074
-3800 -3870
-6962 9907
-901 -2164
4296 -1266
3670 9805
4333 -7904
-204 255
-8670 -881
-9054 -3420
-9451 -1504
-9850 -1005
-6525 2368
1979 -7780
-9895 2004
-5064 5100
-6353 5835
-4980 -735
-295 8506
-191 -438
4402 302
-1839 6240
-2014 7451
-2116 -9000
-5857 -2047
-7973 -1926
-2487 8502
-3935 -6713
4521 9506
-1167 -9653
-6825 -6088
-5295 5713
7254 3799
2338 -432
3131 -187
-257 9721
7961 5633
3721 1431
-1426 -5010
5319 7214
-1492 4949
8226 -1898
6181 7828
1225 3571
4353 -9935
-2066 1506
-4905 6579
-6915 -335
-7658 -3169
7922 3684
-7601 -541
-3813 -8762
-4890 -4445
4963 6262
-1297 4845
-277 2608
-748 2113
-7702 384
-1140 -1312
2977 2183
4432 -7319
-1788 4916
3494 7881
7715 -6309
6951 2674
2854 6348
2493 -875
8863 -3614
724 -9369
8013 -3194
3814 -6254
-6997 3598
4732 4862
8250 9778
-3461 -3744
-7553 -8655
-1742 -9490
9013 -2904
-8400 -7345
9568 -8708
2885 3780
-185 1457
5894 1622
-7822 -9984
-1806 -1704
-6172 983
-2537 -1684
-6861 5724
8899 998
4393 -5588
-4257 -5289
-6188 2646
7314 1318
-5049 1248
1232 -20
-5845 -9729
6735 -1148
7348 5684
-2581 -5838
-8005 -4111
-6691 -4717
-5194 6719
5969 -7022
4563 -1598
-4675 -7982
-1070 6234
-8047 4992
-531 4632
8238 8733
2205 -6120
-3152 8462
-1326 8456
-4561 7793
-8880 -2903
8661 3600
-8203 5588
-5035 8309
9065 -136
1521 2355
-4698 -6903
-3330 -3281
2395 6815
-2213 -8311
8051 5117
-1056 -8710
-2868 -857
-2337 -3521
7105 7413
1501 777
-9521 -3109
-9391 -6851
1509 4057
5427 7759
8936 5212
7279 -7502
5861 9195
-5312 -3936
-7064 8367
9120 3010
8133 -4862
9439 -5790
2296 -9795
2414 -9704
7673 -5870
-6752 -4296
1071 7576
4583 -5625
8920 3762
-7515 -2821
8504 3249
3220 9750
-8154 -9465
6469 -7511
9127 -9660
-8685 4701
-9559 -400
5038 -4763
8968 3179
-8121 -2167
5312 -8285
2982 -5810
-7762 854
5341 5719
7048 6954
7353 -189
-2088 9188
6261 3518
-4496 -1826
-345 -2898
143 -5102
3262 8615
9477 -7009
-1651 -3498
8993 -8902
1132 -6718
-2309 -6568
4531 6989
8038 -4195
-3857 9130
6912 -4352
1441 5679
6082 -6067
346 -8740
-1652 9754
-321 4814
-7039 1532
-5110 -331
3088 5802
-1197 -1173
7650 -315
3104 7429
5757 -4516
-7271 -220
-1539 9003
593 -9961
-5711 -9708
4415 -9265
1170 -2338
4261 -4651
-8756 -406
-3881 -5434
3462 8871
3027 7700
-793 -5965
7940 -6868
-5294 -5518
-8718 -9417
-723 841
-4625 -5107
-4489 8969
-5447 -5974
4638 2962
7805 -3183
3509 -6779
501 2545
1814 3896
-3450 2057
-5006 -3408
-9103 -1161
-2882 7371
-6044 5539
-8189 5912
1066 -7620
9728 -3209
6595 -703
8531 6566
-4098 -2177
9599 7746
8595 776
-4401 -9437
8617 -252
-4385 -7620
3064 937
1283 -3467
-2793 1429
4583 7881
-6485 -1619
-763 4223
-7752 -7342
2018 -595
9112 -6714
-2334 -8962
4622 -4263
9094 -6695
6984 1828
-5383 1681
1482 -9778
7553 7145
-9997 3417
-7548 -9533
5974 -9162
-211 9467
7604 2009
-4862 338
2612 148
-7532 9080
7737 7836
-1641 -6849
-6398 7168
-8655 -2150
3653 -1777
6171 3746
-7813 -6385
8664 7958
-6757 2201
-9911 3898
-2215 2672
-930 25
-274 -1394
-3233 -2716
1985 -7415
9176 -7714
-6553 5433
3808 4913
4844 7341
-9969 9683
-3914 6745
-5495 -3528
-8187 -3612
1492 5477
3941 -4094
446 1334
-4681 -6119
-709 158
7185 6020
972 -9394
3487 5992
5612 8410
-9502 4367
8361 6058
6214 -3199
2717 -9052
-6263 -637
-4047 1018
-7035 6294
6536 -1407
-9067 -8830
-1203 6042
3064 -647
-4404 6291
5037 -5498
-1900 9498
9539 -7028
-608 9954
1338 -3714
10000 -8835
-6405 -3906
-9920 9078
-2462 -4560
-5899 -8908
5665 -3869
-2260 571
-465 -5570
-5850 9238
4701 -8232
7016 -4803
-2459 6498
-2330 -1315
7768 -7829
-7383 459
4866 5746
-5730 -5561
-6328 -5283
-8669 -7534
-5506 -4108
-2233 2023
5435 8284
4162 -13
7541 -5859
7827 -296
9321 -1656
-6237 -4547
-2746 -6449
8495 363
7091 5311
-7677 -860
-3127 3682
1410 -515
4079 -3376
-9635 -5416
2769 8102
5050 2981
2281 1066
-9136 8723
1217 -7301
-8532 -7237
7444 7074
63 296
-9267 2987
1232 -3697
-557 2032
-1442 201
6948 -1174
7598 6808
1073 6824
8348 278
-3725 -7321
963 -2017
-9901 4925
-7651 -3815
-6894 9502
6717 -817
3337 -28
-9536 -5809
-2166 -437
8628 -2164
4910 956
9928 7406
-2546 2720
5152 3148
-3338 1622
5965 761
4005 -5606
-2875 92
-6542 -5234
-8712 -6
-9367 -8311
3066 -964
-2636 318
-9397 7665
7935 -6368
7207 6623
9268 -1635
-6641 1497
-5864 -5016
-4580 2748
-560 -2318
3780 -1976
97 -5251
8292 540
-7382 4243
2940 6257
-1911 -3716
-6803 4825
-1104 -2524
8829 -3140
-4050 -2726
2504 -8640
2314 -3917
-7638 -6242
1844 9459
6950 5878
-3566 -8818
377 -4768
3941 2386
7652 3593
-7836 -8737
1679 3039
89 -3063
8421 921
4164 3588
-9552 3932
8016 -3714
1040 6978
-4251 -8335
97 -8222
-1246 6768
-7775 3258
-2998 -1799
-4753 6199
-113 -3307
7234 3552
-503 2742
-9726 -273
1886 -8215
1631 5017
931 5956
-3821 -2843
4236 -7642
2033 1995
5051 4699
-6282 4397
-2637 -3347
1642 2432
-9280 -822
-3647 -7685
-5878 -9290
-127 5498
2240 -344
-6215 -1382
3205 8312
3517 -1609
2813 6977
-6113 -1052
713 1453
-5048 4560
1999 7819
-906 6207
-4835 -7305
-9598 3750
-7351 -3169
-7140 -6932
-2760 -3155
1848 -8449
-55 7742
-4536 -2099
1774 -5552
4021 -5355
-461 2175
-7120 8957
-6707 2637
5636 -3929
568 5256
-3546 -3851
-709 -2653
1749 7952
1191 249
9689 4100
-1466 -7259
6542 6029
4061 7048
8444 9322
260 1074
60 7252
1745 -7011
2041 2960
3247 -1361
-392 8819
-6110 -6945
8272 -3539
-1540 1617
-1269 6985
-5700 9985
-4773 8689
7435 -3133
-5673 -6835
7300 -9051
-6776 2829
-80 8239
-4603 2212
6433 8526
7204 -266
-8413 2600
-9979 359
-4279 9331
-8321 -4101
3152 -2410
4515 -6163
9873 4292
-1073 -9473
-5221 -6900
-9779 1687
782 7527
4976 -7330
2800 -7927
843 2793
6728 -7332
-5743 -5306
6283 -9917
5483 1305
305 6449
-7565 8959
3427 -5982
8073 -4450
-2579 -6586
-1962 -4089
7698 7693
2585 -9885
9900 -2684
9508 -2276
662 6262
9378 2507
-5417 -894
-3015 -1327
6674 8773
-2345 -3735
-8556 9823
-4901 5589
-8821 -1609
-7982 6188
9364 -2132
6639 2514
-8324 8877
-5796 -5626
-5682 5092
5167 -4121
-6144 -564
3948 5697
332 -9267
-7163 -2288
2456 2021
4302 -8037
-156 -7098
-3142 4780
-4214 -5124
4386 -1884
-6517 -8313
-7972 9394
-3331 6664
2183 -1203
1665 -6250
-5586 -1426
290 -8076
2035 9326
9182 -1621
5077 -9876
-2497 9063
9025 -2365
-171 9728
11 -3238
-5685 2417
7341 4944
-9281 2912
3980 -3604
7719 -5520
-1800 -28
4499 6888
-2252 2690
-1403 -7024
-5132 -2370
-6143 2949
-6209 2365
-6870 7806
907 -8652
282 -9272
2296 -8377
8117 -9788
-1294 -4896
33 6734
4246 -3160
-6021 -5410
97 -3343
-8718 9490
4278 2366
-4581 4185
-9994 -9226
6582 -6750
-732 4084
2704 5404
-8465 -1852
4362 2130
9145 -5036
-4658 -5009
4619 -7423
-7908 -7223
1140 -2192
-1151 9259
-4128 -9568
-2716 -9797
-2832 -1863
1258 -3228
-3156 6541
4299 -8303
-380 2167
7940 -2608
-226 -9509
3552 6036
-8789 -1186
-2462 341
3059 7874
2654 -1395
-4417 -3097
9667 6832
3883 8086
846 -8742
6663 9461
-9913 -4438
1601 -161
-2742 1582
-831 -5456
4385 -5789
7431 -5770
8451 6265
-2088 4126
7071 4990
7071 -2199
-5996 -3404
-3289 7005
-9109 -3384
519 8805
-3840 -7802
1660 7314
9933 -8428
-8969 4354
-192 -6706
-5566 8017
6402 -5468
-1665 -9727
-7943 416
4978 9295
5278 -3684
9565 1226
9634 -2299
4975 -9847
-3124 -8384
31 9961
9796 -2708
2021 -4826
4539 1155
-3748 5866
654 -3109
874 9320
1744 3627
8316 645
-9306 4045
-7842 7135
-527 4658
-4286 -5599
-2929 8890
5647 9006
-6541 9563
-8589 -9202
8419 -2616
8598 1287
1965 -6751
-2198 -2830
5339 7944
-2085 6620
-1302 2246
-2224 1267
7939 -3615
-851 -971
4869 -5708
-7502 -3948
8209 7905
-1126 3849
5195 5189
1995 7489
-4726 -5476
-1605 86
365 -8520
-2532 8405
7041 8493
8473 -8558
-3661 -7355
1048 4197
-1625 4952
-1983 5590
-751 -8436
-5730 -3185
119 -83
3435 4757
8558 -7649
-4692 9055
-5884 8443
812 7195
-3385 -7551
-9475 6032
11 6119
6429 -4270
-7444 -7531
-6571 9437
-3468 2099
-5479 4955
184 -4608
-4863 -6135
-706 7081
-1606 9105
-1099 -4215
6090 92
-2317 -2602
-6151 -4931
9019 -9694
7179 3534
6762 -2342
5288 -5521
966 2649
3951 8902
7415 -5186
-1757 1997
-3271 2355
2872 3467
4049 -9914
-2829 9414
2739 4244
4842 -9660
7656 -748
6796 394
-2940 5677
4846 -6828
36 -9741
3619 5371
-4323 6212
-8112 8225
4281 -6549
-6489 3494
9918 -1608
-6267 -6533
8914 4520
9711 -3000
-7096 -1832
1941 4440
-3908 -3398
-8622 -1659
-6451 3594
5485 6154
-9263 7276
1049 4960
-9808 6749
-3750 9445
-5114 6698
7981 -6391
-626 2073
-3148 2406
3812 -1936
7351 -5482
-9407 3434
5175 -5095
-2483 -912
2853 -2445
-3828 -1504
5678 -9956
6571 -9647
567 -2717
3840 -8333
-7841 -7975
-5702 4625
-8311 -1881
-2605 7757
-2487 -6374
1268 -2795
2714 -5576
4766 -4409
-1717 2817
8029 9289
-623 6303
9712 2926
-6169 -7595
-9555 -4561
9196 -9266
-9599 8719
-617 9280
3312 1714
5213 -5940
9928 -2731
-5339 7828
8977 -3622
8458 -5420
8538 -6680
4713 1421
8683 1480
2256 5699
8327 6437
1027 6379
5477 -312
-5374 4012
-3589 295
9002 1180
5774 -4599
-4952 -5855
-6947 4606
-3518 -8075
2466 7608
8406 -716
-5532 7487
-7441 -7476
4370 -5698
-6628 -3405
6851 7545
174 -9556
-5774 -5884
-7451 -6281
12 3698
6252 8640
-6884 905
-3551 7442
6698 9599
-7495 -5882
-9186 -5825
3807 348
3685 -7670
12 1968
1644 -3241
6239 -465
-8476 -1965
4776 -5586
-2195 2559
8068 9229
4204 7755
8929 -9649
2717 963
2037 4555
-1573 -3264
9274 -9870
-2725 2156
-9165 9671
-8673 3422
1509 -7281
-9429 -4611
9272 8440
-1178 -5688
5022 -6436
7581 6890
-6525 -968
-3904 -6930
-999 -5722
6742 9355
3476 -6010
-8756 9028
9692 6744
3253 -4875
6098 2866
-5088 1864
2728 -5746
-8689 5793
5043 2296
-1060 332
-6960 6853
2000 -613
-2164 -7984
-7159 -8009
-2354 8512
960 6849
1132 -9006
1212 4334
-2984 -6494
9458 4210
6140 -6592
8839 6271
6427 4984
-4638 -6355
3074 -272
-4871 -6999
7130 -3483
9986 -6524
6877 3146
-3131 6014
-1018 9766
6457 -7536
-4648 9151
-9692 -6603
2291 7155
-1494 7278
285 7703
-988 -2985
-1114 -5860
-2981 8478
5983 1918
125 -7724
-9870 2853
7108 572
-5161 -7152
7907 5950
-5543 6096
-5678 8054
4000 1938
-4632 3688
-5780 3509
3974 8453
-4860 -3431
-4575 -6475
-3659 -4899
7918 199
6227 -5577
-1685 -4744
-962 1603
-1055 3558
-3426 4179
-2116 777
5435 403
-23 2450
4222 -3345
-3130 -1611
-5412 2239
-2796 5073
-9507 -9189
2660 7026
4582 -8584
7038 -1456
1136 5169
8979 6912
6890 960
5668 -2448
-9861 -242
-9393 -2436
-5980 -7852
8350 -5645
-9386 9991
8277 -1677
-3152 -5828
7354 -6733
-4774 -2275
1600 -6612
3704 -1213
-791 4840
9650 -8484
-5186 -2407
2650 -9628
7738 -7059
9459 3183
-9831 -1502
3769 -2440
752 -9329
1057 -6921
840 4128
2030 3904
-6958 9993
5614 -4117
-9798 -9506
-1018 -3593
-6093 6435
-7112 -6652
-9466 -4830
9261 -1570
8949 7234
-1119 1970
-8161 -2243
-9924 -5939
-839 -408
6373 -9606
586 -2592
2005 5504
5205 -272
-4849 9804
4078 2040
-4632 7204
-7976 -3431
-1391 -1801
218 3885
-9658 9488
-6171 -9014
-6296 8299
7473 -744
5451 8184
-3560 -7767
-3817 6657
-3566 -4266
3557 1194
-8952 -9900
6669 9105
-6826 -2370
-6033 -4615
9599 -5343
1524 -9426
-396 248
8297 432
7942 -4977
9548 3805
8445 817
-5580 3753
3233 4501
-444 -7502
4631 -6998
4531 3880
-7027 -8699
511 5039
7833 3023
-8610 -3074
6997 -8482
-806 2867
7498 -6793
3652 7698
-2170 -7046
-8020 -7505
-3658 -9178
-3819 -306
-5779 -1610
-7965 -4983
3107 6016
225 -4414
9201 -1380
149 8209
-6972 5695
-9264 3015
4151 7898
8348 -3277
3974 9499
-552 9730
-5306 186
6469 -4468
-4135 -4057
-2752 516
1651 -3476
-7194 -3974
-2969 4173
8027 8464
-8175 1381
9192 -7846
-6732 3730
-6084 -6467
9034 6556
8581 -402
8123 300
3033 5364
-6224 -155
-516 959
-1852 8018
8961 -9485
644 -111
-2555 3348
6950 8441
3030 -8146
5323 754
-2213 3761
-7424 8486
-9279 7805
-2152 -9320
-811 6281
5191 2884
8859 -3462
9404 -7576
-4565 3044
5243 8525
1653 6327
8854 2603
6005 8669
5790 -9926
8049 3363
2680 9236
-1641 -7094
-5433 1321
9298 -4287
-7474 9154
9792 -3388
8711 -5910
-187 -9140
9947 -4575
-8763 7462
-310 -1205
1319 -2365
-7705 4235
543 7180
-3072 435
-7781 6628
8462 -9570
2210 4299
1482 3983
-6662 -2486
3391 1244
5592 9083
5386 1565
2632 9169
-8715 8678
2268 993
-750 -5892
3484 -5475
4597 -3775
6970 -9909
3906 -5766
-9593 4420
-389 6108
-1923 6301
-9985 7111
8023 4442
4178 8534
6953 3340
4114 8325
-7077 -4161
-8646 3335
-5303 -3521
-2793 -3322
-964 4690
-5307 8005
425 8642
-3708 2700
-4395 -9968
-2431 9712
6793 8248
-7705 5833
2446 8333
1307 -1680
-9842 2087
7454 2704
-4327 5404
6780 -5710
1125 -6841
-8067 -6113
2156 -9617
-3920 -6794
-8475 -7085
1615 1537
3386 7678
4185 9835
6304 -7004
-8633 4749
8520 -8155
8955 -8495
8610 4509
-5238 -2405
-1079 6737
-9554 9517
-7404 1220
5247 5070
3448 -5988
-9433 -492
9051 -7821
7430 5112
9606 -832
-7538 6230
9643 -334
6204 505
-2721 8262
4499 -7271
4242 6552
7806 -940
7159 -9620
-7465 -5636
9461 -8331
6283 881
7917 6167
2622 -8244
5500 1846
-6856 5555
-711 1152
-756 -2173
-6682 -3298
-6708 -1825
6235 3749
-9299 -3947
-7330 2331
632 2376
5872 -4947
7813 -5484
7555 -5115
-7780 -1857
5602 406
4499 -902
7884 -7659
-1372 2090
-6848 -180
804 -3499
5069 5240
-4250 -2020
-9721 -3170
5560 6616
-6864 4544
8471 2276
493 -3650
977 -7051
6044 1353
-7425 1691
-2802 -3951
-1893 -9282
6559 -2459
7093 9853
8388 -3632
9327 -3513
1892 8696
-6457 -8819
-2762 -5446
-2963 -6756
-9987 6431
-529 -2462
-2580 8621
5922 -1700
-8637 9288
1207 -8593
6122 -5930
-2123 -8988
23 9427
-9571 7182
2691 -9705
1341 -2357
-5024 7902
-5606 3481
-184 4601
8118 -1743
3025 6402
5728 2041
-2439 7481
-7801 5313
-6284 5819
8089 -622
-3876 1517
-2520 3395
-257 -8518
-4955 -398
-766 7309
9481 -55
7542 4786
-8347 3281
7843 -4026
2008 -4201
1694 -775
9922 -1758
-2098 -4469
-2160 4857
5873 6404
9042 6479
8096 -2143
-2541 9525
2114 7486
75 -9904
-635 -8920
-5785 3895
-2442 -8168
3983 -5879
-6496 7697
7029 5958
-5761 1117
5593 3320
7797 7344
-1395 3382
751 -7936
7532 1497
-2645 4440
8175 -2818
-3782 -8913
5191 -7515
2013 2583
7294 5997
-8625 -4367
-15 3342
-7881 -2630
-662 7728
7899 -3375
8797 5097
9984 9127
-6465 -8082
9622 3039
-9902 -3726
9361 4525
-6408 558
-1372 -7081
-5451 -3136
6571 -3584
-2620 3454
147 -9043
4732 -8590
-5310 -563
2795 -6622
9752 4762
3473 -4550
3931 1486
5763 -8896
4559 -2929
-8056 7146
5943 1358
3647 4543
-5818 1346
-1263 957
-3399 -3733
-71 -2528
7112 -6555
4735 -5703
-5182 592
-6723 8628
3573 -1906
-7762 -6441
-7326 -3637
-7317 5924
-5835 -5380
-6431 5494
-5767 -9076
-4591 -8782
-9443 7479
-2680 -4886
8109 -798
561 8502
-9216 -5637
657 -8245
-8168 2878
-8604 9531
6737 -2461
-8232 3053
-429 -6557
-5663 -9145
-676 -9672
-5282 -3737
875 -625
-4883 -729
-6259 -8606
507 7188
738 2561
-9561 2564
4328 7481
-8694 -8063
-7727 343
7353 3753
545 -5310
-6675 -2430
-1172 5021
-3957 -8417
4070 -4069
2151 7985
-7676 3190
-7874 -119
5528 5240
-5518 7354
6610 -7238
-236 -163
-191 -9136
-5517 9654
-8675 4981
1313 -5750
-4460 -1385
-16 2252
9118 -5507
492 1550
6598 5344
-9875 -2722
-1054 7586
2009 -4882
120 -1684
-1707 2918
2397 -7483
9590 2422
1521 9983
-4344 -5837
4169 229
6894 -8846
-8268 -7751
-4839 7913
-9562 2932
5883 -7253
-752 8618
879 6273
-7816 -4084
-9017 -3421
1944 8867
-3762 1429
7316 3215
9037 8857
2574 5990
-5530 -9756
-1638 -2361
1066 -1097
2981 4609
2152 -2552
864 2167
-2469 4240
-1400 3519
-5942 -9422
5751 2896
6326 -5664
-6796 7051
439 -8518
8005 1613
-2695 84
7388 -9470
3087 -5949
-1408 -315
-8675 1888
4542 7922
-5465 -4016
6284 421
