7000
5402 7193
3215 -6187
-3034 8774
9098 7018
-9653 -8679
-605 -5736
5239 -664
-8908 -9011
2626 3176
1784 3135
1529 -9476
8329 8532
-5929 -9131
-3991 -6318
-1282 7486
7835 -2145
4637 -4836
-4506 -8838
-2354 -4284
-4349 -3532
381 7979
-5558 -8040
-3830 -8544
-2977 5285
-2498 3177
8849 -1155
753 -4230
8393 -9958
-6351 1659
3488 3793
-5585 -2909
-3821 4331
4730 2784
5557 1977
-645 9597
3102 9096
9673 -215
-4669 -9603
4233 -9750
4679 -321
821 -8515
-6622 -1452
3769 8072
-9798 2217
1521 1641
4109 -7076
-4894 2383
3539 747
8921 -5141
8192 -4303
5571 2922
4312 3522
-2371 9839
7699 5207
-7746 -4406
-7260 -563
8472 8439
-3408 3500
4818 -5312
2470 -6347
-1596 9346
-3852 -1918
-6986 -1532
-6095 6225
-7335 7915
-6592 8174
-1802 -3141
9579 6501
8897 -8261
9999 -9201
231 -3656
-1909 -7424
-8165 -3975
-3972 699
4463 -9805
-6492 1695
4076 -849
2551 7098
9737 1513
-4556 9146
6629 -235
-2871 -5273
-8244 6951
-4102 7360
1396 2980
6025 9136
-2076 -2134
-1070 5679
-5501 3474
-4369 7513
-8600 -9060
8259 -283
7268 2797
-7952 -8490
1602 -4349
-5217 5240
-5342 -5828
-2205 -2200
1053 3031
5576 2878
3015 5454
-4 7605
2614 -1499
5361 -6925
3941 3762
594 -6326
3302 1583
3434 9507
4375 -7284
6606 -1888
-3374 -2662
5832 7771
-9628 -9709
-738 1080
-1624 5921
8284 -2603
130 -8888
-649 2827
-8534 -8447
-8917 3538
-8068 4930
5785 -3298
-1543 -7137
5894 -7677
-7281 1969
5652 281
6601 7311
-7010 -6277
-8556 9382
5741 6137
-2989 3506
-4282 -7178
-4772 328
-2172 7892
-2036 7433
-588 -5776
-6799 2020
-12 6904
4063 4900
-5449 -5650
-4799 810
-9094 -1844
877 -1530
-3441 -8226
-4332 3697
3026 -5613
6444 718
-1375 -9482
954 -3478
3075 -4923
2299 6641
-653 -3339
5144 -2947
-3670 -2528
3063 -1217
-3836 -1818
5440 3104
4165 -9535
6680 8610
-7069 -3275
-2298 -5353
-3790 6136
8445 1261
-1966 775
5912 1263
-4153 9153
6441 -5182
-2300 4995
-5149 8052
-8611 -7219
-1751 -3524
-6854 -451
3131 4048
8909 -7364
-5050 4903
-4039 1146
-3123 -72
1007 9022
-2460 -538
-6004 9257
-8636 -7082
1304 -3143
-3220 -3849
-5466 -6795
-463 6999
-211 6947
-9297 -6432
-6267 -8635
-8621 333
9266 -4162
-551 -7773
2374 4306
8854 -9418
-4429 -4159
3217 -4275
6992 -3344
3020 -2672
7645 3
-3359 -4115
-579 3877
-8115 996
4574 -3357
-2150 -4973
923 -5263
-975 -4968
5079 -9868
-5338 996
2522 2170
7110 2074
8597 416
-8009 -5961
-8242 -5139
7352 2791
-8677 2148
1287 -6936
4493 4693
1278 -315
-6261 -1808
-7579 8279
-3518 1255
7888 6362
8556 8638
7394 -2961
8839 -7328
-2687 5154
-1329 -8117
-4650 -1734
6299 1443
3736 4285
-781 -4476
4212 -6804
-8232 6284
84 241
5222 -5103
-7049 6994
-9485 -380
7707 1128
5978 8434
9533 4945
-52 2657
4436 -425
8495 -6978
-5539 -6804
-2295 6171
-4815 -8028
7315 -6825
-5335 -2921
-6095 2528
3329 -5813
-2616 7448
-5134 -3360
7112 9152
2211 3237
-8077 1335
-520 -3954
-2494 5370
-9406 -9773
5658 -4603
9161 -6025
-2354 -6255
-2198 349
-2307 -2134
2571 4434
-4761 -7597
-3194 -3991
-8159 7651
98 -8477
-9499 9095
3585 8998
2304 5890
846 -120
-2591 4458
-1290 5521
-2295 9518
8161 2594
9587 162
-9892 -7497
-6740 3198
3147 -5440
-2794 -9222
8704 8647
6076 2582
8756 -4480
4200 -9177
6598 8742
7471 3870
6490 -7111
1335 9656
-4704 -9726
3628 -3110
8458 86
-5995 6786
9553 -1451
2949 9832
-9523 -8447
-4065 -7406
1607 25
-2164 2897
3334 5824
1959 -8892
-3850 -3505
1043 -3384
-227 4807
-524 3376
4359 -4871
-5283 -3630
-8037 9229
-9256 8895
7808 -7781
-3944 -1771
7780 6575
-2275 5985
-8242 -2212
5749 1406
-8204 -820
9631 -117
2302 9313
8287 398
4777 3989
3315 7849
-2843 9425
7857 6454
-8538 -3849
-3403 3408
-470 -3342
8043 1347
-3371 306
7447 -1179
-7880 -6077
9294 -2523
3134 -7837
-5993 -5084
2455 3970
-608 4983
6659 5727
-9640 -2693
3517 -5369
-8159 -9758
9472 -7360
9768 -8802
-7561 3076
8717 1553
-1993 8974
-8185 2694
-5288 2411
7650 9253
-9802 -4367
-3781 -1484
-5930 -1527
-1416 -2190
597 -7989
626 -7386
-7612 8791
-1383 37
-6827 7220
5854 -3626
4470 5673
-8967 745
3111 2735
-4081 618
-8722 6500
-7633 -3001
-9387 1086
535 -7173
646 9983
-8166 645
9076 5549
7211 -3983
-3344 -2054
9488 -6561
-3977 3969
8214 1026
-7018 213
8517 -8059
375 -8548
9292 -1017
8150 4882
1434 -7358
276 2161
3454 7541
4040 -9468
9590 -8559
-9868 1090
3481 -3116
-871 -9345
-2864 -1839
-6688 -2622
-8868 -2610
-6892 -7578
-2318 4765
-7019 545
-4126 -9829
-5008 5700
2583 7913
3415 6143
7409 -6811
2763 6687
491 2979
5804 4930
-5718 2947
-2908 -9723
6641 -5072
9994 -3036
6730 8575
-4580 5057
-3625 -3748
-7151 -3052
513 -2081
5309 2784
-9027 9710
4515 -8696
-1015 -9898
6674 -4076
6865 -5959
5377 -5556
5209 5707
-8023 4172
-4130 3844
-4169 -4351
-132 -2453
-5088 5430
-3412 -8515
-4728 9797
6657 5958
-948 5928
-7005 9251
-8560 -5105
2759 5459
193 -3394
6197 7563
8681 -2930
2793 2162
-9813 -8210
-1592 -3705
4830 -3357
7925 4287
4024 995
9901 -9297
5464 558
5641 9321
5770 -804
492 -120
9772 8559
-1527 8254
7704 4918
-4743 -1836
-6448 -1495
85 4920
5148 -2919
-3365 -1255
158 -9069
-5828 2271
-6154 3542
-1194 -2235
-4498 -9199
8994 5608
-3372 3950
-1587 -187
-2091 4074
-2169 9917
3084 6635
-3286 -1002
-3349 -389
546 -4526
-970 -9665
674 1334
-3605 8314
-961 -808
-5761 8042
-530 613
-2593 -1577
5632 2463
-2894 7306
2626 -5292
-8173 2401
8018 3083
6138 8632
-8972 9489
3670 3181
6839 -8986
-8238 4438
714 4866
1675 -6302
-9888 -1004
-3072 2858
4742 5944
3115 9476
-2711 9436
-1136 -9640
-9140 2134
9711 -4776
-7547 -1789
-5818 5681
-8705 -3521
-3156 -1695
461 8173
-7731 278
-7874 8408
-892 -6962
2907 -5170
6338 4767
-3847 -3637
6690 1216
-7598 2818
7677 2861
-8238 9263
-370 3685
2486 -3649
-9746 -5348
8930 -4443
2464 -1626
5747 7481
-1180 -3830
4982 4129
5755 -7657
5909 3305
-1903 -6281
4282 6956
-2650 -3578
-884 -3636
-1756 429
-2418 3875
-8037 6008
2370 3031
4207 5220
5250 -6438
-2474 3393
-4374 9357
3324 -6066
-7830 7753
-8020 9434
8191 -3882
-686 709
-8902 -501
-8068 1741
3787 2206
833 -5224
3624 9957
-1913 669
-9470 -7266
-8022 -7980
2189 4825
5269 9770
5695 2802
-8400 -9728
-2885 -4116
2159 6180
-2134 -2971
6694 6481
3217 -3641
-7565 1077
-889 -6604
1848 -8379
7841 -3784
630 -6064
18 3474
103 2355
152 8037
8588 1688
-7564 5256
-8854 2110
9364 -9143
4555 9175
7615 1330
6241 4965
4458 -2020
5941 9809
-1365 -923
-3834 8118
7264 8030
-3440 -5110
621 4107
-1410 -4868
-4898 4103
2354 6912
4682 6398
-6260 -6784
6083 -7070
-4136 6062
-4800 -2901
7026 2591
-4994 9628
-9651 -4329
3705 -8096
-6524 -5000
1265 6298
2332 8739
1852 5913
-4632 -463
7969 -9617
2861 -3626
6304 -825
1427 -1152
-5581 -845
981 -5116
-6107 2519
4833 -9733
-5519 -8698
-726 1062
-9136 -5532
-559 9252
6787 2955
-6796 -8220
2429 8934
3291 3425
9805 8121
1893 -820
-4940 -247
4468 944
4268 -8861
-8894 4032
9179 -885
-4888 6905
-7947 9827
-2182 -7206
3753 6815
-4032 4202
-8637 2411
4140 -3296
3111 5936
5621 883
-7789 -5907
473 -4576
546 6657
2374 134
-7928 977
-982 1686
1107 5742
-6086 -666
-9698 -39
-336 1886
-7917 3347
-6136 -8166
2987 7707
6565 5374
-4852 -9144
4133 -9103
-3639 6520
6611 7385
-4169 -3201
8884 9274
-1169 6966
8747 7564
-9654 2791
8485 5930
3799 1373
-111 3342
387 1795
3610 595
2742 -1715
2057 9692
4912 -7297
9841 7576
7385 -2692
-7957 -7166
6900 -4399
-5631 -3212
8195 3685
-5213 4231
5821 -1234
8433 4582
6167 5228
8452 1251
-1373 -9724
5928 -788
7561 7347
-1652 1353
-6051 3402
-5831 5961
-6015 725
-572 7179
-8881 -9276
-6393 -3262
3308 7607
-336 -7395
1568 -3751
2454 -9624
-3678 586
4218 1166
-4625 6863
-3272 -9039
8033 -1534
2606 -6298
6150 3205
1248 -3547
-4116 6308
-5249 554
-6790 -9353
-5249 -6277
3626 -5594
-6170 -2159
748 -8564
-1853 8112
-5919 -757
-7459 -4425
-2012 -2245
7882 -1065
2090 -9414
-4787 -544
-146 5925
-3117 -667
-9571 1282
887 2913
7418 -86
1306 -271
8748 6119
653 -3679
4742 1623
-6717 5867
7805 6745
9692 6720
-6489 -5249
-6846 -2792
7085 1087
4872 1779
-5400 8727
-3566 3248
2654 9633
-2011 -8689
-4478 -7200
-7090 -3449
-4176 2715
6301 -5555
7361 1200
6657 -9858
7736 8123
8867 -1873
-8358 -1217
7026 -2862
6865 7309
913 7174
5684 108
9830 -8487
-5 -4611
-7882 5497
-7719 5534
674 1693
-6140 -3273
-2438 -724
5581 9863
8356 324
-4630 9211
-8528 5944
-98 -6746
4499 5824
-4757 -9491
5548 6483
-1299 9786
-6819 -9543
-8177 -1325
525 -6436
144 1464
-7056 6885
2464 8077
8286 -1753
-6136 783
-2460 -8152
8004 9529
-9545 -221
-2804 3986
3437 2206
-6494 -57
1613 6886
-5987 6376
7276 7398
-4579 6273
-401 -7162
-1999 -8235
-4580 7837
9676 -7232
-4771 -1599
-8095 -9612
9933 8329
-6166 509
7938 -9854
6228 1520
6747 7700
-619 -5392
3986 -4838
-4547 8172
-8058 5386
2843 8402
-7372 4431
-2629 -1210
1385 -400
3688 -76
7580 -345
9267 1066
1898 8615
-7850 7986
5964 8954
-9580 5886
-4504 5163
-3172 64
7621 -998
1158 -612
9789 -9435
3850 -4332
-2258 4041
9086 -9201
-5103 -5108
2873 812
-1408 -9406
5284 4814
8870 -4462
935 7757
-950 -5408
510 7351
788 -1485
3046 367
-121 393
-7680 6290
9104 -7074
-5349 1264
-7731 -5225
-7944 2943
-8854 6856
-2370 -8372
-7317 1119
6267 5159
9216 4892
-8529 6046
-9646 -20
1555 4579
-1223 7609
-8048 8552
-6709 8628
-727 6467
-8276 -8577
-548 2650
5429 -1334
-8457 8379
1568 -4351
7217 7494
-691 -4835
3113 -8112
-9716 3200
-2364 -8453
-1729 8745
-4522 5736
-2147 9900
-4387 6363
3484 8106
-2930 -6304
4122 1511
1548 469
-1544 5562
5957 4590
-4792 2002
8110 241
-4873 -6745
-8505 8171
-6867 435
6705 -6702
4417 -5701
-9523 -8123
-8246 -3412
-5029 -5783
-8942 9398
-9163 4079
2955 -5861
2198 6648
-8579 -2151
1242 1125
3654 7460
-530 -8415
7982 -131
6376 -4305
2797 -4004
5766 -728
3418 8966
4777 -8039
-7319 -2454
1326 -635
5205 8232
-264 3495
-3315 8875
-5611 7539
-1079 -3350
-3171 1105
132 2482
9331 6211
-6404 -4143
-3314 8308
1537 -4717
3629 367
-5734 1257
-9138 1746
-1345 2730
-2986 9096
9448 -9806
-5887 2925
5343 270
-1516 6833
-3316 846
-7116 7287
2799 -6360
-1408 5070
9690 -544
-3795 2604
-4322 -7794
-576 4764
-5261 9977
9461 285
7671 -5819
-8938 3638
-8054 -1985
-6356 -1711
-2769 1065
-833 9801
-6031 2981
-9432 -6700
-1195 -1974
3174 7388
9398 -6265
-3874 6024
2793 8183
7622 4030
8310 2723
-9681 6648
4910 7353
-9255 9778
-3729 -3794
-1149 -8147
3139 -7137
2080 -363
5519 -694
-3704 -8780
7330 1218
3193 4604
-1240 3908
6122 -1144
-2856 -28
-329 3089
1156 -8028
2536 2866
-4853 4749
7423 8027
9293 -6037
-1704 8330
-3059 -4993
1384 -9344
-606 -8569
-1984 6009
5297 -4051
1398 -6071
4584 4908
-783 1551
4814 -7630
-7315 -3645
-6192 4049
6689 6856
-1558 -6975
5895 -1522
-1824 -5767
-6935 7309
-6787 431
-6481 -9174
-303 -5807
1568 -1524
5037 9060
-6705 9222
8529 8008
-4534 -2693
2456 -9148
-8121 3396
1518 -7212
-9702 6407
7421 -1944
6993 -5632
3408 -237
4835 6003
4468 -8634
265 -4866
-6220 258
-4618 -3919
8424 4458
-7429 3981
-7276 -1194
7285 -9200
5981 8454
5642 -777
5622 -1036
-3613 -2775
-9708 1959
25 5146
-9795 9215
-4694 -5864
-1754 -8394
6492 -9274
-5347 -1216
-8893 6429
-744 -8875
-4084 -3366
-2596 -6842
-1704 8801
3636 1326
-4097 1020
-346 78
9200 8627
-7492 1243
884 3620
-1028 925
-9459 -1247
4108 3946
9549 4217
-9769 6073
-9790 2647
9451 -1515
6422 -4470
3930 3183
1023 -3008
-6007 -8308
6036 4756
-58 2958
6084 351
-8512 -1211
-4954 -57
-9367 9700
3386 2306
6802 3736
4359 -1563
7347 -4434
8054 4808
-9676 9734
-50 -47
-8872 863
-4294 -1006
-1331 4827
7798 513
-2559 -8818
-4136 2887
4153 1757
-6924 1908
-8452 5577
5352 -9529
-8342 4910
4173 -9551
-6247 -5807
9540 3359
5182 -46
-3370 -5848
3276 715
-9882 -7817
-9135 -6155
-4875 -694
8606 8966
-7592 9350
-1518 1149
-2874 6415
-9040 8097
-6137 7224
-9038 -9039
6671 9049
-8958 -7531
-7434 4197
-7472 8976
-8427 -2270
-1550 6127
-6811 -9296
-7574 2004
1227 1905
-8521 -749
-2589 1908
4766 -4591
-9089 2067
6941 -2590
4255 4934
1297 2835
-3304 -2017
7522 474
-5790 -68
9876 8442
9291 523
-1158 629
-7956 6530
2061 6527
6578 2594
-7793 -6593
6799 1369
-8260 172
-6720 -7577
-8437 7745
-4705 -6295
-8217 -5728
-9002 -7369
-702 3008
-3462 2045
-2507 967
-7731 -6743
5499 -1168
4192 7850
-1675 8428
52 -2866
9505 -2752
8267 -374
7166 82
5344 9502
-3564 1288
-9428 9463
-9836 3708
-8755 813
-3512 -6933
-9720 90
-3226 5196
4109 -4850
6606 -6914
8331 -6247
4649 -2800
-4549 -8952
-5352 1136
-3046 8220
9490 773
4686 -7959
-881 3202
-661 2998
-595 -8080
-3371 2117
-5633 5118
8398 4313
-1101 3378
-6709 -6977
-3627 8171
-8167 7832
8252 4616
-1377 -863
-9239 2700
-265 -3980
-9186 6182
8038 -289
5894 -5956
-3839 -6287
-8994 9522
1027 7696
-3606 6642
-6499 2424
589 -2751
-5052 7892
-8773 -2223
-4988 -7961
-3555 -1514
-2683 -9130
6881 -1797
1146 8346
-1452 6733
-9053 2703
3095 2118
1802 5885
-7839 -5132
-301 -2397
-5269 9482
9529 5988
-8610 7634
3804 2342
-2314 3304
-4335 -2534
9165 9282
908 -1932
3994 -8807
-7837 -1798
-7659 -9956
-119 -6407
-5270 -2158
9931 9624
-223 -1370
-4673 7961
-8611 -7436
-7541 -4741
-8982 7576
-2746 -7576
-7156 3245
7746 2839
-6324 -5550
-250 7708
-6250 9469
-2206 1062
8295 -6553
-3070 9380
494 9603
7518 5668
-7061 -3209
8802 -4444
5244 2346
-5906 23
8878 -3652
5570 1853
7127 -2158
-409 3048
-4250 -7022
1571 -4852
-1701 1848
4505 9764
2645 -6047
6138 -6273
-5283 6709
-8984 4837
-456 -6823
-3570 -5059
-2243 -2089
6955 2107
-4058 1798
-7372 4249
-7037 -6456
-2303 4384
7361 -7421
-4427 -4975
-2603 -917
82 2006
8289 -7933
-3655 7905
-9566 9144
-3816 4049
-8600 -436
622 -5922
6759 -9239
-9846 3267
-5303 -3879
-9965 8976
2497 -5870
8030 2867
-9818 -4357
3534 -5084
9516 -4612
3367 -5829
-7991 -4058
2782 -2852
-887 -4967
-5808 966
3437 448
-3285 -5282
-189 1265
2291 -5129
7994 8451
-7636 -8674
-5510 -8332
-4047 5229
3885 -4652
-94 2987
4020 583
7054 7509
7705 7166
1870 -347
-4868 -8530
4890 -6635
3824 917
-5473 320
7429 -6938
-6818 1238
-118 -7755
8950 620
9543 9526
3458 8587
3202 4999
9326 -6355
8006 -5325
-5958 -870
-3711 -8260
4639 -3025
-2580 6905
-1415 2422
4272 -4555
498 9048
2531 -31
-9154 -8341
9003 -3528
-5744 3714
6208 -3731
-6891 2586
1904 -6884
838 9540
7610 4508
4284 5182
-2145 3384
318 4168
-8721 6889
9208 5252
7409 4582
-8322 -7210
6344 1558
-8254 -5123
38 -895
-6027 -2307
3139 3610
9930 232
-7361 -8194
-4180 6413
7656 -8566
2209 9393
-8805 -8616
1339 4528
-7813 208
3505 -184
8028 8327
-565 9566
6553 2120
-2070 -2608
9431 -1705
8217 2398
4843 9916
-6571 -2801
381 -775
940 2042
8084 7454
-5310 -4508
6892 2089
-7058 5205
5453 4294
-4263 -649
751 6647
-6413 -3386
-1442 8440
1930 2604
-109 5961
7623 -6309
-9785 9256
-5943 -7369
-3088 -2724
-5203 -7245
-7286 -1882
9105 5726
9412 -4718
-429 -238
-3509 -2560
1694 8497
6498 -4269
-6294 -1632
-6640 5922
-1383 -5802
7064 -7013
7256 -3552
2930 9440
-6959 9490
-20 8764
-8403 5975
-4841 -7481
5441 -6641
-7922 8653
-1447 3963
2513 -3596
-4077 -7086
-6796 -7716
-9589 -4492
-1002 -6231
-4511 -7412
725 -3005
-6438 6964
-8290 2576
9498 119
-4213 8640
-6349 -4761
-9699 1331
-9668 3377
3535 -7346
-785 -6390
-4928 4612
-4233 105
2616 173
-3919 9143
-4222 -1174
-201 3026
-3553 -326
-1438 7594
-4219 -4367
-4495 726
3181 9829
670 6219
-5506 -2788
-5784 9534
-1354 -3628
-9094 8505
-1592 -5310
6700 3524
-5081 -1753
-5250 -6648
7945 -6642
1893 -151
-9101 -4795
-7221 7267
4110 9876
8886 6503
7800 -4453
-4538 6217
-5606 -5106
6736 5010
3992 -3332
8420 -4407
7852 -2235
-7650 -635
6294 -2379
-2027 -3825
-4728 165
5938 -6738
-5828 -3864
9319 866
9182 8035
-9929 -8463
-6098 4138
1077 4118
-1488 -5952
685 1259
-9879 7945
-6214 6311
6468 -5767
8647 4818
-5194 2831
8212 433
5804 -7981
-6390 -5347
7662 -974
-2990 -9665
6473 -3717
-2089 -280
8173 -7430
5934 -2151
4150 3879
-2245 -7567
-1402 -8030
-8635 -734
-5573 -8488
-7895 -224
-8286 2057
-5906 -3050
2650 1802
-334 8300
-9039 8288
-8063 -1800
-7841 7917
9856 4151
2310 -9228
-3448 -9158
-3532 3446
2980 792
4921 4148
-9695 3740
9173 -1183
4000 -4691
-2271 -5781
9918 6334
2365 1489
992 -8478
8398 -5341
3383 1566
665 -4922
5348 -29
2482 -7609
-4658 -5580
1239 -2185
9453 7831
-4539 6005
109 178
6166 -9233
-1680 7846
-108 -3588
6760 8285
5355 -988
-2678 4875
6166 -3286
-5802 -5222
-773 3213
8896 -443
3542 9887
-7306 -8812
-3958 -5042
-8584 6722
6975 -2318
9298 4518
-1996 -4292
-9987 -3022
-6919 -5794
7410 -6233
-3247 7240
-291 -6969
1017 -359
616 2430
7009 2772
4848 6868
995 -938
-3397 9085
6414 -8286
7834 -1093
-7379 5500
-1214 7536
-998 6527
1610 5456
-7727 5753
9269 6101
1514 9584
-4709 -1627
-2610 3800
-4641 -8866
3730 -4325
3164 3186
4215 5411
5310 -5297
9405 -8409
-4072 -5626
-5520 -7179
-5287 -5214
-1208 6200
-4892 -254
-8261 -8939
-8288 -7143
-6899 6736
-8574 5979
2863 -7093
-3307 -5730
-2574 -5401
3895 3668
-2511 -3962
3418 -7992
6083 4129
-1571 -6799
-3433 2718
1468 -930
4053 3459
-7575 -5243
-5734 6080
6395 7039
4906 813
6087 4807
4658 2470
-2833 -5119
1574 -6504
-1485 -6552
7873 -2654
-6166 4453
-8515 -3036
2375 5490
-2539 5699
1630 1003
9704 5223
7174 -867
1423 7847
-9904 7677
-4559 7853
-9168 4478
-1595 -9006
4707 5373
2953 -803
2607 9802
481 6157
-8529 -8765
2243 8680
7585 8677
-7396 -6494
-2053 -8327
5446 -6650
2538 1198
9483 1888
-2565 -3759
-9686 -2596
3300 -2931
5173 4120
-8348 8850
8155 5965
9633 -2177
3785 -1872
8099 6605
-4610 -3626
-7523 -8227
-2810 6009
4418 8021
5127 -6762
3050 -2743
-1675 622
8538 -5645
7217 -7126
-2693 -9288
-4990 2189
-3545 -7025
3254 -8969
-8281 8233
-7217 1619
3353 5611
7700 -2207
-2065 9565
-5004 8012
-2017 9536
9855 -6359
-3423 -7061
3077 7371
-694 6524
3679 -4243
5466 9309
5234 1675
-5526 4626
7575 -446
2060 -7845
3301 -267
9181 -9100
-1587 -930
-1270 2300
9814 6568
-9280 3911
-159 -1335
6142 -8185
2716 -4279
-7653 2267
355 6407
8508 -9710
1011 634
7894 6065
-9852 -7321
-8125 9654
7860 -8967
9946 9339
-3457 -3105
-9924 2082
-50 1477
9749 -4358
5566 7606
-1004 -7336
-3469 -341
7579 -1967
-6120 -9435
6336 -7341
-5454 -6756
1716 9676
1430 -9502
-7682 613
-5859 -5642
1560 7597
3147 3034
2127 7509
1224 7302
-6908 2270
-753 -3388
7072 1632
-9921 -4788
3800 -8158
-7386 -3359
2554 904
-8120 8965
4453 6106
8717 -4563
-7944 -6722
6661 1048
3773 1145
-3018 1223
6112 9146
4931 4221
4312 -2792
-1955 1157
3867 -144
-4678 -8022
-1257 -6212
-3943 6866
1087 -5942
-2919 6318
-3574 -4809
8117 -7131
9668 2278
-4222 -7914
330 5292
-456 -4378
-7811 -3186
-2320 -1747
3299 -6970
-8051 -6520
-1770 -6623
5224 -5867
9408 -1615
-9190 2215
3388 -3818
-7428 4439
8830 -4184
3088 -3836
1692 -3690
3480 6876
177 -3371
2152 5650
2737 7449
-2078 -2735
3108 -6008
-7385 6384
238 -4182
-1939 -9563
-4137 -8397
1995 -5980
-4663 1132
9597 619
-9906 133
1097 4438
-3122 -1269
5318 2104
-5533 7433
2463 -4937
-4378 6699
4078 -9057
3746 -502
-8478 4524
-1212 905
9891 5707
-5 9774
7721 -7260
-6255 9501
9208 377
9604 832
6346 9675
-6 -3159
-7691 -3433
4143 7086
-8057 -9753
-3199 2102
9003 5148
3313 -5071
8309 8856
7826 -9435
1105 -1920
4357 -7929
-3886 4285
-4113 -2564
8221 -3165
2818 1778
3144 6998
-7613 -882
-3491 -3506
6010 -3704
6215 7135
-2965 1440
4109 9266
8227 3500
-9536 -1691
1988 5050
-7097 -623
5141 6718
-5739 -6285
7980 4096
-3799 4888
7829 -140
-2800 2544
2675 8769
2058 -1408
-1902 5169
4953 8196
3693 -2178
6377 9825
5737 -8561
7422 7545
-4170 2116
-5644 1832
4228 5843
4879 -4366
1044 -6620
3485 9542
4089 -393
8431 63
-7016 -8065
592 1234
9440 6005
1865 -9297
-4065 5054
-9918 8587
8561 -9840
2770 9180
9119 -4334
9798 -2120
-6537 -6987
5055 -588
-6563 225
-6280 3018
8453 3664
1163 -4911
12 -3847
-9473 -5868
8841 -7726
5783 -3623
-5459 -7633
2713 3224
-7762 -5100
7760 -3566
-6975 -5256
9698 -2220
1662 -6634
-4340 -9950
-1364 2280
9832 -2405
-9886 10000
-9202 6248
-4480 -1140
4502 -7315
2008 5869
6716 1017
4236 -6424
-4563 -8264
2458 -6110
-9304 -2974
440 6372
2654 9896
-5085 -164
7745 -8014
-7127 4016
8225 2704
-4899 -3857
-8823 -7247
8026 -9811
1790 5798
-1990 -446
-4688 5309
-6839 -7293
-8047 6355
-4717 -6306
2489 -638
9189 -9655
3539 513
-3779 1893
5987 -143
9718 -7834
-341 -4882
7431 -555
2187 -1213
-464 9034
-1578 -5462
-81 -3953
-1511 9513
-8576 6551
-2705 7215
227 1669
-8862 -7149
-8186 -5482
-5079 -6069
-3047 7293
-6507 5457
-374 -5943
-2931 1090
-3114 6010
1459 -7369
8474 -2453
1514 -3844
-9695 2548
3497 1146
9260 -4996
-9976 2338
3362 -1253
7760 1989
9938 -1098
1325 -7247
-4052 -485
4762 7642
4402 5639
1632 -4980
-8108 4861
9578 7527
-430 -4099
9104 6046
9041 8701
2628 -4687
-3369 -5992
702 4975
9184 -6746
-8863 5830
-3408 -3436
-5562 -2399
8424 -4123
1413 4973
-6794 -7932
540 -8676
8061 -326
-9938 -1733
-6832 827
-4458 -3200
5005 5865
-6991 6212
-9078 4305
8514 3415
-8428 6376
7306 -9735
4613 -2834
-3097 1258
9362 -1892
3870 -2877
-2714 6439
3531 -2268
3162 -9718
6651 -3088
8544 -8077
-4780 -759
-4883 9569
-124 7225
-8726 -6301
-8672 -9798
8865 1608
-7892 3013
8817 -4363
422 1123
-4323 5286
-9801 6625
-7264 5856
-4163 485
-4861 -287
752 5650
-7904 1666
2864 -1802
-7936 -4512
1877 -6636
3151 -5246
-8560 7688
-9020 -9369
4711 4339
-88 -4070
9240 5142
4120 194
849 -5126
-9704 109
-40 8706
4 1901
-6160 -1294
516 -3753
8598 -400
-619 9983
1182 -6332
-5446 -4815
-2813 5100
8442 1329
9970 -4094
-7728 889
-5605 -494
8528 -8374
-4044 3182
1343 -703
-8283 1593
-5908 8977
7728 8359
-3372 -6731
-1896 2346
1331 -6012
5256 -8961
-121 -2538
-8886 4144
7485 -3057
9153 9530
7791 -9282
-1516 7421
-7606 5788
-6675 6281
-8852 3404
-5289 -5040
-9487 -2901
2090 -5424
8279 1514
8561 -6917
1413 6578
-287 1666
423 -6668
1013 7487
508 6476
-7074 -4385
6853 -6260
8691 -5489
4501 4044
-5603 6412
4401 -316
-532 -9515
-5850 1703
-2280 2316
-8355 4841
-9415 52
-8594 8766
-4102 7373
3320 -7598
-7190 154
8210 4071
7053 6903
-3515 8446
-9137 -6237
-3265 4938
-1202 8450
8897 5250
-5943 4467
8183 6984
-959 4905
-7311 6759
6101 1397
-1050 7352
-8312 -8748
6856 4124
-281 -1056
-6764 9676
5430 -4985
-2880 -2877
-1401 4197
6553 -2246
5324 4116
3263 6140
-3972 2602
2248 -3288
7696 -6535
-4038 -3193
-913 485
-4381 2242
8391 -9394
-3943 1781
-3455 -1451
9509 559
2266 -9722
-1616 3179
-2077 -8092
-2716 2047
-4671 1376
5196 3547
1687 4369
-2190 -2092
71 -8060
971 -5038
-755 -3319
8768 -7188
7195 -3999
3452 8779
-1441 -3552
-6480 -2709
-6937 7041
-911 -598
-9681 934
8818 -4529
-6142 -7869
-5966 8604
-9785 7682
-6607 -9764
7031 -6616
3574 1014
-9182 7206
4146 -3022
4943 -6701
7079 -2722
625 4011
-9837 -6515
938 9923
-4636 5876
104 -2879
-7478 -2546
6801 -7662
6866 -4152
9257 -2768
4334 -8102
2531 3412
709 -78
-6564 -1015
6618 4370
1369 -3717
3717 5718
-8565 2048
9722 -8156
-8214 1654
-2090 2251
-6725 8413
-3432 -1066
1261 6354
-8387 6133
-8984 9672
5031 8202
4827 9170
-9909 -816
2860 9159
-2041 -8448
-3304 -7287
7754 4521
2069 2135
7902 4999
-9156 5838
2989 9451
-3918 -9657
812 -7390
-6953 -2525
-9794 306
9589 7799
-5619 -5100
-7469 9056
-4961 1968
9185 5544
6625 -8260
3393 -7458
-4291 8912
-3864 -7341
7561 -512
-2462 -920
3254 5429
-5559 -7077
1609 -6606
9368 5039
-7072 6782
-1898 -1357
5752 -4164
8180 -2014
6956 -6792
5637 -2330
-2085 6365
1822 1933
6717 -9484
-8919 7252
-2508 4120
6936 -5029
2897 -1841
-5858 3408
-6037 -1505
-8997 -6232
-52 -1641
7995 -2038
-7183 -9723
-2598 -6309
-8061 1838
1284 -8110
8590 4152
6590 -2080
5167 -4566
9045 -6814
-8078 -8939
-6221 -9987
8642 7073
-7709 1887
1809 -1623
3065 5869
3985 4949
5950 -8203
-1814 4133
-8946 7183
-9265 8186
3444 6948
-6417 -4298
-6587 6860
6356 9007
-8395 -5557
7224 5395
4368 1346
-2109 2932
-2847 508
5023 4658
-4413 -595
-5035 6324
8057 4986
8231 7774
7366 1503
1388 -7789
-6728 -4269
-139 3402
4258 1948
3712 -7050
8484 7411
587 7003
9486 4451
8678 5670
9040 -1328
5212 3221
-7128 5130
-1313 6017
-8834 4203
6850 -390
-3144 7269
-4530 1262
4040 -8186
-5256 -3770
-2850 -8580
-1490 7278
7154 -2862
-2036 8828
-88 7333
4545 8855
-783 -6517
-9250 6464
-4227 -7959
-6958 9250
2627 -5987
9809 -7919
3304 6609
7349 5070
7587 -7601
2908 -5065
8237 2758
-1734 7932
-1913 -5928
597 -7650
-1755 8272
6494 5090
-7916 4135
-8665 8756
-5917 -2662
52 7375
-6151 9767
-4726 834
9377 -6619
-8501 -5452
-5041 -3506
-5445 8186
3152 -2011
-8093 -5877
-108 -3425
-8362 -7696
-5575 4117
9290 -7260
2838 -9922
1195 5889
3466 -6574
-9583 -8239
-5145 -766
-4922 -3734
-5811 8729
9245 7556
8102 -9612
-7458 -4492
-537 7454
6269 -7465
-14 -842
-7370 4955
-8997 -6127
4410 3857
-9145 -1456
-5075 4691
1620 -5551
6480 -4119
3394 -3393
281 -9435
-9139 -7562
-3939 7740
323 1661
2542 -5527
-4638 -7554
84 9542
-6320 -7548
1632 -1937
-7308 -1142
5488 6441
3407 5663
-2092 -7285
6098 -2314
5509 -134
-2811 7843
-9943 3269
5679 -9578
2430 -7740
8280 -3739
8181 3544
4942 -815
-3545 1237
751 164
-6566 -1255
-5538 3231
-3471 175
1687 1134
5354 -3240
8893 -9494
6322 8605
-9582 -8863
8417 -8819
6177 2857
4963 3619
-5882 -8074
-5629 -2484
-3278 2287
-2134 -884
4567 -9802
1387 3040
-2392 7847
-3519 1431
7457 -1349
-8829 5728
4352 -2460
-4149 5148
-7703 -8292
37 -1657
7572 9581
6494 -9463
-5904 -4108
1586 -5221
7458 -3164
-3419 8520
9046 -7622
-4438 -1553
-3448 1451
-7533 -462
2133 -6280
-9070 -1518
1469 -3204
-3158 -2754
3913 4914
-6068 6074
-3693 7747
-4612 6937
-9034 -7857
-2852 1955
-9402 8584
4132 3701
-1174 972
4698 327
3752 9379
9745 6915
-330 -7181
2637 405
-4446 -9834
-342 5786
-149 7488
1717 -5029
6921 -8989
-8770 7218
-6694 -8306
-8482 -7580
-6795 -2648
9934 -2567
5172 8195
-6547 3395
3737 -7396
5032 -362
8457 -807
4030 -8870
1223 1367
-6835 3338
-8374 -5119
9910 -8551
-2005 6571
843 2290
-5627 -6664
-4511 -7623
-4787 -7756
-7884 1577
312 7294
2831 -9956
2116 -9415
8282 -5722
-827 323
2571 -6111
-4410 -9510
-2517 5877
3339 33
4126 4732
-6552 -4271
2276 7921
-1405 737
-7562 -5682
8609 -9271
-8578 1921
9215 1774
6092 383
6854 -7727
5838 3299
-7986 1743
9243 8893
-2814 4683
5890 -4126
2328 4511
1584 9753
8541 -1851
3234 9773
8194 -2402
-9082 -7713
-8692 1853
-7317 -1787
5958 -1443
-2601 4776
4256 5324
-3422 8513
-8554 -596
-5913 8060
6075 -5243
-5065 8097
-7761 2537
-3680 -8726
-3515 7735
6718 8195
6977 -229
-5896 -1586
-322 7823
-3806 6908
-7854 1588
2343 -2728
2042 6693
-7910 5442
1964 -4117
-4300 -3281
-8729 9816
-5769 6588
1700 3286
-8023 -1220
-9756 -8655
1275 -3368
-8597 5212
-3437 9534
-2952 2804
1442 -1253
-6500 2658
-4410 6426
-6351 -6949
-3489 -3815
1732 -2216
6741 863
3502 2172
3900 -8625
744 -7786
-7297 6728
8540 1428
-5308 -3537
5674 3556
-7976 8549
-3679 -3426
-3738 -3838
1599 7234
1710 -2418
9704 -7318
-3044 -2077
-216 6212
8714 6862
-5109 -1063
2422 1724
467 -8515
3544 -2172
-7126 8830
-5321 561
-7690 8391
7604 1017
9716 4139
9997 8389
-7404 -5855
-1694 -3230
6037 8985
-3403 -2809
-5198 6903
-34 8817
-9376 -7051
7671 -9690
3765 5625
4627 9022
469 -7409
-1533 -5665
-8335 -4821
-2138 -7324
710 9283
-1558 -7171
8338 -1049
-4323 -4820
-1208 -776
4582 -7426
8031 4237
8748 -7807
805 -5008
-2886 -7302
-4177 7402
-6600 -8972
1029 2611
7838 2834
-2282 1095
-4889 -8954
-4586 -390
-403 -3020
9977 4797
5908 -4169
-2939 7659
7594 -6626
-3464 -3848
5663 -264
6248 -1110
4920 -8937
-7509 -5411
-390 3953
-9283 5771
-2772 3551
6279 -1993
4848 -7787
7354 -3455
3340 -4781
6521 -6036
-1652 -7674
9234 1173
6817 5759
-9830 -896
-5143 6862
2913 7326
1016 -4121
7706 3546
5060 -3829
-4849 2731
5995 8528
3685 3977
7346 -9692
-2123 -9761
3785 7255
9566 9813
-641 -7100
5061 3181
-4374 -5029
-8951 -7601
-5749 1922
2559 -9446
8709 -9764
2830 8641
3371 -5921
-4716 -7610
-2309 536
-9857 -5264
7482 7143
9255 8945
3046 4803
2797 4543
5442 5644
9637 -2425
-7816 2420
1749 4818
1319 5614
-30 -3109
-7311 -8758
3977 -818
5415 -1587
6420 -863
-3323 -6782
9552 -2886
-4812 -9330
1877 4191
5551 -4094
6216 -6939
-5442 -3555
-6650 -7040
-6925 -2895
676 2992
71 1018
5903 8167
-626 1328
494 -9689
6484 -7470
2092 5851
-3149 2103
9633 3877
6417 -6490
7236 2174
6749 9097
3619 -7310
6023 5142
-4087 -3315
-4531 -5919
-612 -3466
277 6597
-7087 -7659
4590 4304
989 4393
956 3869
-6543 7905
-3220 -6708
-9562 6725
-664 2341
9872 -6395
5162 6111
3166 9353
8600 -5229
-2303 -3514
6546 -1887
-8848 -9712
5092 -1419
-2732 -4343
8623 -6014
6183 7231
5201 2860
7907 -696
1500 7273
4831 9332
-9807 8040
6070 4096
4834 -6135
7119 -6408
-5427 -1676
5071 6808
-8328 -4858
8958 -2581
-4851 -8782
6859 3401
-570 3411
-508 7519
7107 -372
-6789 8364
-6857 7270
-3853 -9046
9885 -5978
8509 3626
7221 -3632
3636 6019
7866 723
6529 8589
-589 -6632
-3217 1227
7768 6350
-7185 5940
-9362 -5415
-7562 3707
-6982 -6145
-5330 -7956
-2968 3197
-6882 -1607
2602 -4239
-2156 -4225
-8031 -9746
-7682 4405
8046 -1388
-1503 9056
3794 9990
-9066 370
6333 9522
1092 -9480
-1032 -7039
-4809 -532
-495 -7087
-5027 2415
6169 -7526
-4290 3965
-8626 -9566
7774 2527
4155 -2893
-1176 5011
2883 1092
-5754 -5644
-7895 3236
4966 9928
441 5228
5498 5477
-421 8915
-4792 -1784
-9371 52
-5742 2385
1159 -4173
8354 -7696
8278 -5608
3680 -9859
9520 -5662
-8427 5488
2451 -5916
-1677 -1112
8068 -4890
5025 5923
-2244 2703
8548 -4437
3493 2989
2983 2747
7589 -190
5002 1791
-7295 3751
-6243 -7834
6760 -2330
-3408 -5972
2357 -4070
9125 -8788
-1480 -3925
-8432 4829
1040 7563
3616 8736
-7126 4357
6869 6743
-7027 3789
1385 -1986
3643 -1629
-7073 -1521
4444 4552
629 3195
-4080 -4827
6299 2035
-7565 -4728
2533 8062
9087 4777
-3370 -4216
750 -5665
-9394 4559
6330 -5743
-979 -8215
9313 6205
-1956 -4291
5558 -4346
4454 -7493
7629 -2935
-7720 8290
-8914 -9508
6868 2522
796 3226
-3578 -2159
2717 3340
-15 -7096
-5204 6933
-1458 3474
-7191 -6261
-5201 -413
8571 2690
-3958 -7250
7665 1804
-7079 5554
-1797 4758
-3257 -5557
-9932 1561
8804 8529
-5892 6098
-7818 5085
5027 6304
5074 3784
-5409 -7179
-8389 650
-1417 -5554
9677 -4162
3713 -9571
1150 6646
-9465 -249
9770 6678
-2849 -9799
3231 6479
7457 -6497
7283 2498
3595 -6
7177 9359
9347 9368
-5609 -3475
9897 -8075
6641 6982
3234 885
2875 -884
-2476 6861
6418 -7400
9963 -2591
1712 5010
7584 -5166
-7263 -8121
-1849 4539
-9062 -1656
9660 -1480
8037 4212
4699 -7174
-5567 -5104
533 1070
6856 -5437
-6479 -4715
-8943 -2481
-1460 4252
-7770 465
3408 -2750
3416 -1540
-2360 9290
-553 6713
-2670 6623
4388 2381
-3659 6525
-9519 -4638
6942 333
-2483 7657
-3111 -3468
6401 3901
-405 3291
7302 2091
-7241 6963
-5823 9482
5852 9465
8266 9644
-4695 9654
-9341 -6924
1703 -4245
1255 -9714
-310 4548
1109 -7387
-8323 9531
-3715 4528
-6358 3238
-6800 -7096
-4626 6143
-5989 -5930
-1229 -4287
-8244 7535
-52 1240
-6242 -3411
-4046 7301
-6 -7432
61 -6644
2585 9648
-2883 4409
9332 -4319
724 -8632
-70 2470
-5347 6361
-3099 -6734
-9985 4271
5126 9605
-6972 -3170
-6228 726
-8498 -2159
-5652 8580
5975 4554
4872 4924
5379 -6455
355 9008
-3346 4371
-6693 5233
172 100
7420 4755
-8586 4283
9050 -2082
9902 -7872
1175 -5877
-86 2985
-8857 -4520
-8972 4399
7707 5831
-2625 -439
-8490 -2277
7258 -6171
-6755 6604
7783 5068
-4186 -842
-3268 -1014
-7317 1024
7120 1050
-2846 -9007
-5760 -6804
-8395 847
-4420 8095
2960 -6188
39 4684
-4975 -2675
-399 141
9428 8249
-9773 5673
-8838 2562
2257 -8295
-3051 7001
3286 4433
-9954 1356
4498 -8036
8263 -8710
-2611 -6269
-5140 -8376
8037 -8356
-3802 9001
-9621 9022
5309 7586
8173 -1710
4843 -6035
-7934 -1269
6033 -1634
9176 4257
-7137 7813
-6627 1553
3265 3557
-8500 -9963
9653 -4787
-7045 756
-5489 9326
-8413 -2332
304 6624
2784 6432
8238 -9204
6040 -9622
-2697 -9002
8661 8062
6743 -9305
-7748 -5621
2449 -6245
841 898
-5855 -219
-694 -9945
2759 9717
-5940 -8538
2530 -1937
5092 7346
-3229 -945
7338 -67
-5692 -9520
727 644
9542 -320
-9043 5516
8780 7964
7958 5618
-8705 9226
8846 188
8014 5504
-5063 8846
-1057 -6259
-7784 -2576
-6510 -4554
6814 6150
9835 6929
-1148 -1434
9030 6304
2099 6917
-2628 -8611
-3343 5184
-9911 -1978
-2496 -8033
-9749 1253
-2333 3164
-7111 -9437
1704 -7756
8213 7258
-4918 -8641
-5693 -715
-7146 9181
-848 -5787
-6730 -5954
7218 -126
3407 2418
-2 -5821
9732 8539
4331 293
-8228 -171
5329 5841
-7021 653
8871 -187
3994 442
3792 3281
-214 2028
-4215 6931
-26 3712
-6426 5303
1163 242
-8023 -6922
3514 -5527
-426 -1392
189 -5248
2130 -5306
-7812 6785
-3021 -5764
8006 -4999
3503 -9995
-5603 2941
-5343 1101
3692 7461
1730 -6628
-9771 -8367
-1555 -5111
2342 -8097
-9069 -221
9110 -9331
9079 -443
5275 2160
-4969 6958
-1968 566
-3187 -4623
-7840 -6184
-2062 -5907
7517 -458
2211 -5372
7903 -4586
522 6476
2233 -2995
973 -8463
4263 215
-6388 -9180
-143 -6186
-7848 -14
1554 3759
6128 95
-5702 -166
-5816 -5700
7026 3293
2136 -2031
-7214 1281
4017 3942
-441 2083
-4828 -7768
4918 8992
2622 -8667
-6536 8509
8492 -6872
-4833 -3431
6939 -8580
-478 -8208
-9862 -4357
3822 -2944
-4015 -1837
3214 5739
-3770 -3128
6254 8483
-8470 5920
-6098 -1873
5292 -7596
660 3462
-2552 -6106
-263 4801
8170 1773
-8812 -6697
-1030 -546
-6696 -5837
-5648 -3998
-8463 -8233
-8653 -3831
3067 7749
-5899 -5552
-7756 -4801
-2620 -6186
2744 -7387
-9294 -5596
-9998 3584
731 -444
5231 -4987
-4104 -5847
-8285 6246
5447 -3224
-1761 1041
-4822 5269
-5576 9032
1253 7804
-8293 -2105
9298 4477
674 5778
-3866 -7019
3540 -2643
-3675 1168
-5749 673
-737 3644
4768 -98
-8347 -7379
-9558 -9206
6194 -6631
167 9826
1752 432
4186 6391
6223 -5242
7103 -2102
-3164 6194
-3446 4481
-7426 2719
9613 3259
2156 6376
-685 -4994
8815 5708
5661 -405
6450 -9059
4176 -6076
-2266 4359
-6114 -3452
5990 3952
8507 948
9158 -97
4627 -4816
1212 9233
2903 3575
2536 4869
13 2655
-8470 3154
-8142 -9605
-2975 -5404
-330 8896
7376 2473
-3396 -6316
-1350 -5547
9144 -6419
-1397 -2984
-8219 3026
-8664 8396
8518 6510
6592 8674
3510 3699
-5780 -3025
626 -6504
-9815 -4351
-9783 1616
-5716 -2521
9301 -6435
7657 5513
4121 -9796
-4664 -3773
-3981 9112
5864 -1204
-2956 339
2924 6647
-8827 2424
7155 -8211
-3411 -3282
-3653 1857
-2869 3277
2636 375
3112 2546
-738 -5893
-5723 -4490
3603 6289
-4077 6671
3198 -7318
5402 -3344
-3303 -9878
3824 9219
7982 2946
7951 4200
-6118 -7524
-3969 5648
-3584 3092
8928 -9030
-5257 9516
-3864 -5538
2419 -6684
-8765 -5299
-9986 7856
-4391 -8566
1130 -3626
-1179 -5848
6734 2796
-9625 9706
3631 1483
2299 -5249
-9542 6459
416 1702
-3199 11
-2855 1983
-8339 8953
-5845 7145
2788 2662
-2798 -3793
724 7906
8318 -5860
6025 -4100
-4774 -9707
-6965 -1823
-3712 2192
-5819 -2836
5020 544
7305 -7905
-9554 1969
1995 -9124
8524 1626
-1640 -8174
2016 4743
-2574 8461
1341 4150
-184 9067
3701 213
-2127 -5393
1237 -8593
1569 9002
2847 8850
-6338 -1365
7812 543
-3089 -519
-6315 5818
7029 8071
-1376 -7134
6428 -3250
9884 -9245
8351 7997
-8186 -2345
-3654 -2489
6905 -5642
5833 -493
-3021 -1718
-722 6936
1299 -2589
-8479 -5966
8610 -6588
-9211 5407
7980 -4302
-9698 -3018
4960 -8603
-1372 3878
-315 2922
5036 6642
-9260 -1607
747 -942
8344 -1067
-7363 9428
5468 -9147
-5117 1887
1819 -107
9996 3313
-8917 -8682
7658 -8143
9735 6307
6816 8780
9959 -5654
8849 5586
1503 -724
5100 -5592
6729 3706
-9977 6645
-5391 7726
5915 3664
3016 -4976
6878 446
-3621 7695
-5484 -8311
6211 9679
208 -3408
2789 9646
7868 -4192
-580 758
2317 8769
9998 -4495
6827 -3087
5374 -8507
-6401 3875
2971 8800
2647 1329
9304 3555
-5428 -2533
-7203 2722
2638 8455
7719 9478
-1526 8346
-8265 -6282
979 6475
-2303 -2679
4070 5804
5187 -7580
-8657 -682
-3153 -4941
-1646 5008
7707 -2917
6099 -5629
5505 -2399
-4017 9245
6536 5902
-8365 -9056
113 9536
6066 886
-749 6497
2337 -3248
-2778 -8429
8209 7181
2019 -4500
-4950 -1807
1741 2664
-6319 -4687
-9419 7702
6780 -7681
6364 2962
733 3652
4323 -8839
5804 1471
-6480 -9159
-4618 2852
-9414 -8852
2064 -5077
-2363 -6114
3407 7830
8140 -1373
-8787 -7826
-2718 -4279
-3900 -1840
-5979 1170
5311 -7879
7832 -7247
1484 6356
-452 -9980
5747 5152
-5981 -6434
2072 -8923
-6674 -5405
-841 6079
4502 -796
5921 823
2403 2347
6286 3069
-7586 -2643
1529 -2870
-2089 -3366
3702 -7104
-811 -7857
9009 -7533
-7358 530
3747 7105
-42 -4931
-2398 -5212
-4526 -7424
-1462 1694
2310 -9339
-3332 -6516
-159 -3527
-2998 8467
4314 -3709
4699 8905
-1054 -2795
1423 6644
2404 -5483
-4404 -3873
6906 5228
-2665 -6719
599 -139
6800 -8711
6508 3607
-6870 5121
-6686 -8186
-4392 -5602
4891 -1557
6894 912
-5083 4490
-1009 8256
-7044 233
2757 -8935
9717 1522
9882 -6519
2044 9317
-4491 -9484
2211 -1648
-7455 -7070
-285 4347
2704 6762
2762 -2854
7786 5958
5910 -579
773 -9063
-2164 3322
6178 5484
-4754 8190
9251 9830
7001 9520
6746 -389
9262 -1743
6455 -1680
5307 -3394
9423 -4241
-5075 -9482
-9169 3166
-4307 -7241
360 -1565
5347 -3279
1926 8155
950 -6343
-9291 4365
5285 -1845
-158 -8808
-1846 3618
4819 -9081
-9911 -4322
-5032 -2658
8531 -5727
3728 -447
2650 -1213
5769 -7386
-972 8335
1398 9074
-3890 6712
5098 4450
2012 -4484
-3143 8134
-9935 -2425
-7519 2345
5572 -6579
9611 -9743
-698 -8108
1500 -1601
1674 2780
-5489 2888
-2340 -6827
7868 8045
3797 -4766
4211 4152
-6587 1699
3510 -2394
-9923 -1250
-3484 9346
4468 8498
9788 -8434
2443 -1659
8333 -9831
-7556 -3965
5624 -1296
9734 9309
-7007 923
-7465 5963
-4569 9603
128 103
4917 8214
8482 3318
3079 -5198
2461 928
8505 4588
6282 -2074
-4513 6591
3619 7400
6864 7784
-6336 -87
6303 -4455
8981 7165
3432 -8842
-9208 -6425
6047 -8563
-878 7218
-1976 -8484
7213 -8273
-7137 -3701
-8742 -8934
-7057 -2287
-7692 2536
8434 -6551
-191 -1061
7233 8239
8591 -6970
5152 -6856
-2664 3384
-6926 3210
-8103 3573
-847 -8114
4218 -1403
494 1268
7665 6197
6212 6663
-843 9558
-4052 -7623
3825 8583
-3536 -3514
-193 -5301
-2628 7897
-4717 8856
-8990 -4390
1790 74
-8321 156
-1697 7462
-5875 -8740
-9664 7695
-3728 8870
-1199 9825
215 9417
-4271 3436
-332 -336
5078 -6887
6408 -1556
739 -6614
1468 -594
1059 9337
5143 -730
-3954 1098
-747 8308
-815 -7529
-9208 -4390
3746 9789
-1200 -6649
5498 -7657
3590 -1543
5083 6076
-8180 -8440
3692 6985
-9171 -7453
-2333 -1138
-5997 -9946
-2242 -9499
939 -9352
4236 -9856
-9414 -5948
-3996 2912
9958 8132
-8549 -354
4666 -9197
3890 -9604
-3289 8090
-2184 -5747
475 8230
-6630 -9924
-5810 -2247
-2748 -1259
4477 3915
-6467 8141
6198 -7300
-6095 -3967
-5303 -8387
463 -6307
-7091 -6074
-3577 9883
1278 -6566
-6184 1586
-5482 3050
9233 1291
-3731 -2362
-8968 -582
9785 3196
-8574 6776
7599 8067
-5453 8697
8483 -4209
-9263 -2591
-5607 -1780
-7895 -527
-8151 -8137
5966 -8097
4892 -9277
9594 -2598
-6289 5379
6867 -4937
6153 -2975
9158 2234
-6042 709
8188 -5912
-2805 2493
3216 3088
9944 2888
2917 4177
6944 5992
8825 -1984
-9343 6860
-6134 -8476
3311 -3894
-3645 5765
1655 -1482
-2865 9851
6671 3962
2943 -8674
4305 -4175
4025 -2330
4254 -3163
9265 -8438
4607 7398
3983 -698
8071 2598
-9231 -4883
9599 -7796
8757 5151
6167 -523
2732 3119
-4318 -508
-4100 5753
7011 -1197
-423 -4672
-9862 -8928
5439 -8202
2774 -5302
9793 7558
-3527 -4509
-1600 8015
9729 -9661
8439 8538
-7705 -9506
-2184 -6784
4001 -735
-6838 -8176
-3453 3332
-7049 -8753
1292 4460
858 901
-556 -6207
-319 388
-6391 8004
-3810 9202
-584 -9635
8261 -2468
6454 7079
-8532 3539
6997 2688
-8592 992
9191 7062
2019 -4670
-7845 -5763
-93 4751
-778 -2347
-3947 5836
9218 4814
3948 2680
-2010 1347
9548 -7718
7468 6454
5257 9399
-2898 -908
-9437 -3535
5688 -1403
5042 8427
7993 -2453
-7481 -5733
-4451 -2941
-3317 1520
-1259 -3229
1056 -883
2978 -4874
-9321 -1252
4960 -1133
8557 -2140
-6020 -8678
6407 2229
-6719 6558
9159 -3521
-9353 -3429
-1329 -4147
4162 -2400
3226 -1936
7048 5899
-842 7876
5501 9221
-5202 4979
-5009 7614
336 -6385
-3529 -3212
-2592 2791
9739 1922
-7290 -4553
2855 -6216
-6407 -9578
3934 498
-3225 -3453
1419 3539
-4097 5514
8546 5781
5536 -2611
8397 4452
-5450 -4251
-2727 -6259
-3171 540
-1579 -635
-5930 1467
-3196 -9292
-2937 3755
-4186 7589
-4125 1807
5738 -514
666 -2466
4662 4540
3704 -1186
9542 551
-6100 4094
-4164 6437
-2004 -141
6440 4077
-8618 4022
-331 7985
-3039 7637
-1575 -8963
-5971 3646
-1933 -6151
5016 4515
7332 7130
6592 6888
-5173 6896
-5178 -6033
6036 4729
-1317 1662
3518 -7893
-4542 6808
6554 -5866
-3246 -5841
1507 -7987
8165 2062
-6707 7156
-5428 -9675
5714 5949
-3537 -163
-7279 -6193
-4516 8598
-298 6030
9653 -6212
7693 6329
9301 -5386
-3041 -8969
3790 -7856
-2137 -8335
7785 -3160
-2961 -1977
9173 -2869
-4889 -3364
5492 6522
-437 -1222
287 -6909
-5767 -4833
9832 4018
-2641 3470
5373 -3456
-5305 2706
7533 6806
-3931 2036
-2750 -3610
-8905 -9176
8959 -423
5190 8656
-8175 -4794
-6047 -251
-2307 2223
-2475 3575
-9625 -3163
-7957 -5178
-4967 -3388
-5471 -5598
-9402 -7977
-8515 -8294
-550 4323
-1585 -5160
-5658 -5932
8243 4609
9175 2756
-6355 6721
1220 -5838
-9159 7178
4836 -886
-724 9693
-5786 -5919
8648 1196
692 2476
-1857 6862
879 6547
4539 -707
-790 -3622
5395 1633
-6999 -1313
5101 -6344
4940 -152
-9647 4197
6906 -9082
-3482 4335
-2490 -3731
199 7285
-8110 -5045
9329 -4428
-2250 3455
5312 7863
-1328 1191
9662 -5333
-4409 7307
6879 1715
2487 6004
9164 9737
1145 4088
-4174 1494
-1028 -716
-1528 8456
6279 8595
1715 -1788
7625 -1332
778 4933
-7751 3247
-4436 -7361
-4876 -8440
9372 369
8430 4792
3233 -4156
8359 1688
4078 7575
2531 3180
-6950 8594
7825 4979
-1612 -7722
-8293 9727
-7752 8695
-8031 -7964
7528 -9615
-2805 7648
-3430 5687
-3402 7142
6089 2817
4076 4909
-9219 163
1319 6488
9897 4799
7141 1384
-654 5097
-2516 762
2634 -1178
-1170 8186
-6681 8370
9041 2795
-7487 9020
-7749 3994
5687 6152
-7930 -8736
3170 3349
8311 -748
-7995 -1363
-824 8957
-352 2618
4556 -7928
-5582 -5511
-237 -9389
-3455 8214
-5588 5643
-2606 9951
4972 3064
-605 -4355
6165 -770
-705 5835
-2874 -4756
7912 -2094
-6100 -5798
-6208 1592
-130 -3040
6016 874
8403 -2996
-9599 -9547
-9082 7228
1889 -6724
6867 3827
474 -3832
9793 1193
-9398 1834
-7992 -6825
-5512 7465
2900 -6326
-3474 8933
9774 7125
-3001 -9264
429 8894
8698 6598
868 7580
2956 8691
3891 -9347
8920 8604
5486 -7279
3909 -7
-8741 6656
-8934 -3454
2058 -9110
-958 -1000
-545 7970
481 -9733
3749 -4655
6713 3505
8882 6218
905 -6181
-1533 -5719
-7901 -6452
8661 -9868
7767 -1507
8943 -6702
-67 -7768
887 2806
5453 85
-7806 5090
-1137 5986
1182 3160
1224 3202
890 1129
-52 1270
-9791 -2019
6535 4050
1763 -8900
-5318 -1124
-3479 8039
-5027 8208
587 2194
3576 9293
-1656 -5198
-6263 168
9566 780
-1446 -338
5441 -5712
5338 6702
-8427 -2070
551 -4563
132 5446
4045 -6895
-3210 1744
-8847 2698
-7932 -1099
1086 -1553
-54 3013
-3332 -5593
-110 7315
-4487 -3618
-9835 9824
-7888 -302
-386 -4462
-7929 6489
-7710 566
953 3507
8399 5087
-2111 4390
1443 8594
8001 -7451
3989 6789
-6999 -7848
-1723 -3309
1176 1134
4976 -484
9626 -467
-6518 -1791
4 994
-3905 -1357
3676 9874
-9262 -6351
632 -4906
-2662 -2875
-1611 5314
2382 3790
507 -6585
-3909 6561
-9268 6474
3852 -4652
-9600 7963
-9062 -4526
-5978 9547
5786 -8786
-6180 8468
3706 7266
235 9153
-8428 -9313
103 -1167
-688 -6668
-6009 8825
-988 -5881
-6251 -721
-2154 1917
-4855 9065
1020 2661
340 9496
7679 -4690
8926 -4588
8344 5934
2305 7845
-8047 4374
2100 4114
-2656 -9283
-6610 737
-229 -146
-5473 2382
5876 -3957
-2081 -1897
29 -5543
-2767 9131
-6612 -8888
596 -8743
-188 -8983
-7953 580
4535 -3348
2323 6251
-1384 5456
-8624 -8653
8138 9259
-2841 7669
9363 8520
6968 6684
-901 566
-3277 -9254
7999 -7433
-2864 -9892
5192 3619
3171 -4233
-1665 -8199
5637 -204
-4415 7058
-4687 -9771
-5451 -4787
9259 7023
5665 3365
7564 -5113
-3170 4497
4534 -1959
-4603 -3662
-8712 8217
3220 -9512
8322 -707
9701 -8481
6246 1898
-4402 -3361
-4946 6884
-9565 -7280
-3105 -9930
-5313 -7418
3186 1585
4361 -3933
8716 8668
-7022 -6696
-1949 -1559
2215 -7377
-6615 -844
-5151 -8344
-7977 3834
-6460 3017
-8206 -3127
3174 3698
-1509 9730
-9593 -9606
6329 -4432
8246 4636
8593 -7225
-1211 99
4082 7696
3596 2225
2001 802
-3412 3828
-9878 5236
-833 -8753
-4673 4053
-1767 4356
-3116 -6383
-7816 -3321
9176 4630
-9295 -6371
-1332 -4890
4137 6092
6252 -9331
7868 -8942
2291 -8282
-7247 -2718
-577 4061
-6890 7171
4552 9860
-8659 -4661
6212 8130
7383 -1082
7378 -3624
-9519 7853
-1466 -4419
7176 2472
2488 -1149
522 4892
8625 -220
-8563 -2333
6181 -5043
-6073 -3686
8735 541
-5151 -1244
-1353 2789
1078 -8829
1331 4611
8380 -6885
-3587 -5294
1224 -7426
-9345 -6637
-5669 3173
-2884 -8160
2640 7309
71 5567
6976 2808
-4484 -8929
8954 274
-4333 -2269
-2765 9753
1858 -9647
5995 -542
1868 7694
-6960 9205
-6260 8114
-9600 8791
-5333 -1123
7553 -1543
-4930 6956
-6134 6555
8565 -6595
3617 -5185
4881 -9238
1099 -6654
4325 -6334
6102 -3567
-3799 -8218
9988 2401
-2447 3832
-8624 -2230
-5308 -8695
2152 7921
-9236 6572
-5485 4364
-3867 4730
-4411 -1924
-2921 5621
702 -9786
6568 4643
-8606 -6068
5485 135
-7487 5637
1999 -3902
3999 -6489
-6337 -3572
-9967 3999
-6070 2884
-3227 -1677
-3224 -919
-6632 -8385
5351 -4560
8053 5723
8819 -8464
3171 -4010
7492 -1768
-1549 -9139
9245 -6905
9574 -8826
5431 5486
-69 96
6896 1519
4224 -7368
-3349 7007
-7885 -938
-2354 1768
7501 2525
6640 5175
9505 5857
4725 6523
-5007 -7679
-1825 -2591
-9997 -3285
1821 8052
-1899 -8119
1252 3183
544 -4222
-2923 -8353
1094 9164
5571 8
2299 7719
-6575 -8124
3952 -2246
4783 7841
-4661 -9605
26 9327
1457 3471
6315 3661
-2128 9733
-2138 6664
-6366 -5471
4233 -6194
-6992 4569
7342 -7591
4064 -259
6848 -943
-8471 282
1882 -8274
8691 -6409
2913 -4757
1319 826
-4915 8005
-7729 -449
-3409 -3469
2083 3051
-782 571
9187 -3134
-132 -2913
-3230 63
-894 8437
-1063 5344
1244 -6281
5005 -4618
6606 7941
9221 2674
473 2751
9975 -7636
-7465 -7466
1176 -1196
-6440 2133
4481 -53
-5490 -304
2264 -9043
3895 9817
-4377 -4705
7455 -6822
1778 -719
-6727 -3857
5920 6019
2390 9292
-7499 8012
-9877 590
5510 -4894
4293 7324
3262 7415
-2243 5563
-3380 -7567
-7664 6370
6563 -6307
-7513 -2981
3467 -5268
4785 6209
1687 -6561
-4942 -5570
-1091 -779
2560 2081
1277 -163
-8414 1353
-1242 -5836
-875 -1838
-587 8824
-3947 5457
-3428 7544
1778 -1110
-9844 4773
-7621 -8979
-424 -3716
-412 358
-2367 -2228
-6751 7143
-230 3069
1225 4296
-514 5793
3979 4868
-7434 -9780
-1790 -196
-2902 1728
7748 -2541
4654 -6480
4288 4684
-8248 4134
-7956 -7840
9385 1490
-1025 -6159
4589 1438
7895 4981
-2375 -461
3379 -8270
5454 1838
762 -5045
5412 2051
-5398 33
-4925 2971
8815 9719
-5449 -6330
-3126 -6225
-5315 -4770
2412 -1598
9525 -8113
-8903 6876
8593 -4422
9773 -8988
-9160 -4951
8762 -7542
-8926 -7560
8974 9348
-6255 -9759
6439 6047
-6711 -1095
-6670 1020
-7484 -9631
4111 -4783
-4420 6601
4516 3055
-5508 2830
1127 -4691
-6170 37
-3393 -3567
5652 -6468
-5383 5288
9079 -6848
217 7826
-6543 -9625
-8917 6373
-9526 4454
-6164 1187
-8208 -2888
-4805 -4752
-8237 -8657
9465 2317
-308 4568
9842 -4384
5486 -1200
-6336 -9597
-7205 -3545
6212 8834
1693 -1552
3415 944
570 5175
7606 7495
5150 -5474
-7506 2177
5739 -9529
4982 -6735
-9135 4815
-2730 1078
-906 -2071
803 -7495
-7435 5890
5326 6395
-7543 -8824
1914 3174
-7625 -7212
3717 7851
1379 -8952
-2095 9069
9216 -2985
4416 316
4247 882
-6876 217
6310 5390
6030 -6605
-8830 173
-419 -1195
1440 -7484
5600 211
-2898 9525
6823 8366
8842 -5880
3790 -4776
2863 -6601
4368 -4616
-8254 3331
-2310 -5391
7888 -7170
4322 -2663
4256 8800
6525 -5475
-7335 6009
4647 3607
3971 7449
-8397 5928
-3887 896
1258 -6928
6949 8568
8914 2153
-7620 -412
-546 -6712
-7364 2
-586 -9477
-492 -2707
4565 1083
4561 2327
-8674 5308
9745 5159
-2638 3007
-6086 -2550
-2608 -7802
-7271 -1636
-7927 -2790
-4456 6349
-6665 9354
5 394
-5773 -7629
-2569 -7954
1817 -2789
-8952 -7524
-9005 -2462
-130 -6284
9616 3640
-718 -2342
5808 8704
-9435 -1454
-810 -7711
4426 1696
-9975 -6119
5504 8805
-4827 -1468
8469 1409
4116 -644
-2293 -6582
-5596 8579
7344 1265
-793 4441
5804 -154
5867 3849
12 7247
-5810 -5308
5819 -1562
6201 3874
7442 2533
5309 9844
-9491 -7583
-3211 -3779
-6520 8070
4360 2621
3408 -1805
4956 2943
5083 -7923
5443 2588
1491 2354
-3032 7809
7767 9215
-9188 -4140
-9163 -5556
1245 -8460
4948 -4387
2669 8129
-7950 -1974
-4622 6505
-8716 1187
6977 -9908
2346 7095
6831 2288
2196 -246
6505 5196
-1029 3251
-5852 613
3471 -5112
-6211 -702
-2180 -1780
-124 7582
4034 9020
1587 -3817
4624 8868
-6395 4932
-3938 3122
6543 -9362
3716 -7699
8170 -5602
-3384 114
4143 -1423
9215 -3735
2397 9738
-8170 -9701
7605 897
-4581 6926
-5159 2064
-191 2162
418 -5451
7537 9492
-8154 -2038
-4265 9442
1846 -2677
-4026 4509
-6291 -4167
8296 -5696
6815 8243
8186 -4547
2186 -2777
2817 2034
-3845 3534
5502 8742
4672 -1415
-4575 250
-7299 -9328
2442 -4600
-572 -1350
-9432 1401
-9996 -1417
5666 3167
-4852 -4434
-5385 109
-8459 3155
9263 91
-820 1686
9937 3815
-4871 -2754
6823 5909
-456 2042
1809 -8534
5570 -4129
-6865 -573
-9774 -8884
-5572 -3796
-9798 2420
1344 5302
3701 6188
4468 7560
-2407 1666
8710 3163
-9580 4056
8029 597
-469 -2486
-6729 510
2443 4545
-8556 7986
8738 1427
-2730 -7385
-1904 -6087
-9577 -9696
-4114 -1683
581 -4913
7040 2208
-9551 3512
9876 -6943
8289 6218
-150 -1909
-8544 708
-5772 -8190
2620 9336
-5785 8783
2386 7220
3367 2374
-1054 -9108
-9422 -126
-8368 2692
1241 2621
-2415 8542
-9566 1126
1103 6881
-205 -9796
-4901 2149
9283 9657
-844 -8391
-6059 -5312
-1963 -2118
7303 2151
-7672 2755
462 7854
2619 -5716
2894 4787
-6067 -2179
-249 5985
-806 6924
578 -2517
8427 -7487
1750 -9228
-7495 -8095
3001 -6444
-6898 -9036
-3682 -7056
2988 5236
3933 -8054
-4946 1354
5465 6603
-703 -7892
-9399 7299
5384 5534
-145 -4590
7553 -3679
-77 6724
-9095 -6990
7295 -1642
-3222 -3411
2321 -8316
7207 4105
6070 6592
9121 -8089
9683 -5888
-8871 -7382
3594 8079
-4616 435
1938 2911
1971 9643
-2458 -4932
5828 4364
-3437 -8932
-8816 5315
1832 -421
64 -5055
-5630 8759
-7577 604
-8404 -8840
-7503 -3890
8034 6746
5603 -284
1834 1506
2423 -6554
-7329 -6634
8076 6961
-296 -3745
3004 542
9845 9020
-1555 2433
-5142 -9335
4910 470
3204 3869
7179 -4042
5746 8398
-8275 8708
5707 -8987
-8579 2442
-4449 1613
3484 147
6895 -2394
8586 -337
-4455 -9507
4711 1242
-3803 7300
-5149 2931
-1988 -8909
-446 5570
9033 -9130
2477 5168
8304 1739
-1750 -88
-6824 -9220
-7632 -3046
-5061 3252
332 9177
-915 -340
4707 -2847
2060 -421
4868 8138
-2725 -7525
1856 1032
2714 -4571
-4491 7162
-6867 5702
8085 -7204
4276 -7253
5656 -5571
7153 4157
2295 -6482
-6247 2394
-1340 3007
1130 -2501
762 254
-9968 -5848
-3982 9557
9551 -9286
-351 9225
6662 -6715
-5849 458
-9632 520
5688 -4253
-2372 3843
-1556 -8837
-8058 -2988
1011 -9081
8717 6720
-6500 604
5602 -5259
4709 -8481
9898 811
2410 6307
-3521 8922
-740 -7308
1298 7911
4572 -4519
5408 -5284
7866 -2760
-5720 -9769
-8895 9621
-3514 -467
5542 -223
-7473 4443
-6955 -6437
-7212 8251
488 -3297
-7582 4266
9891 -711
-1068 7918
-6918 -4254
-5381 -3047
-5840 5688
6786 6862
6239 196
1446 -4143
-45 3583
4824 1392
-4990 1599
2455 362
-9974 -7017
-40 -9565
3732 -431
9657 -2244
759 8908
-1083 -7480
-8033 5784
3915 -4074
8656 9587
8334 -7760
-8588 6421
-2984 -7642
8862 -9960
-8534 -6350
-4368 -827
-5170 -9573
7672 7021
7388 -1248
-4251 -8312
-6027 -6368
224 9363
-9583 -1254
6601 -4957
-2911 1012
7838 2458
-3120 -6431
-1068 -558
-7720 -7507
9297 7020
-559 -9980
342 4705
2186 5228
-5733 -3233
-4884 5761
3939 9372
5088 3367
-4570 8227
-9539 -2082
-8374 6965
-1872 6446
-3822 4589
-6119 980
2377 570
-3409 -8332
-183 9316
-9164 5037
-7555 -7752
-9338 -6464
5146 -6714
-2311 -5455
-4246 909
8650 -29
4795 5390
-8639 -2858
-9905 -4216
-6316 -2637
7437 -3646
7860 -7621
-6554 -4965
9500 593
5457 -5201
4184 -6624
-4485 -6339
9896 -1849
-4768 -8576
-1183 -3388
2167 -7705
-5885 -2586
7661 8563
-7901 -6189
7653 3561
2050 3736
-3798 7023
2152 6530
-8940 -2229
1311 -316
-2477 5223
-513 9763
-4983 2573
-796 8022
7661 -5339
-177 -4917
-8779 5551
-144 -4080
-3290 -4742
-8801 -3828
-1928 9435
-4001 2862
-7974 -7394
5116 -7489
3793 -9786
4615 -7735
-3070 6938
-2721 2405
9645 -3612
7027 3184
6215 7120
-2989 124
-6219 -7610
6785 9312
8466 -1484
7488 -5322
-2996 -3881
-1659 4422
-6245 3150
5266 1729
1057 4483
-7775 3738
2099 4406
6005 -1539
-7601 713
4638 -8776
-884 400
-2657 1683
2328 -3045
3774 -9939
-2547 -5396
4188 -9746
-9376 -3173
2257 6603
-2026 8748
-3202 -2075
3430 268
-1319 -5217
-5536 800
2416 6308
-5946 -8970
2842 -1695
6468 -1047
-3382 -5209
4534 4118
4414 1203
-3598 8203
-9572 1611
-77 2404
-8143 -344
6702 5951
-9695 -7920
4757 -3669
-2968 -9609
1813 -6306
-3875 7266
8234 -9082
-5216 -3146
-5449 -4817
23 -5352
-9712 124
-6129 -1134
9073 -7123
-6544 4235
4263 -6915
-171 2334
7200 9569
8998 -3081
4164 7848
5735 -6500
-2233 -1475
-8998 -8525
-4140 564
4680 -122
5029 -3764
-2923 1007
5175 181
5765 -5211
-300 8135
6777 6545
6294 -1291
-3498 7468
-956 4205
3588 -970
-8151 6900
4203 720
1893 5997
5995 -6619
-3191 -6495
-9991 -5310
-9699 3676
8789 -9547
-2495 1273
-6289 -519
7922 9395
8162 3566
-1614 -2908
-8655 -2112
3511 -2694
-2498 -9652
-8664 -9332
-717 4432
-2251 -1828
-2514 5225
993 -3171
-6172 3677
-1773 7989
6199 2042
-4458 605
-6758 -822
6140 2021
-7834 896
-5902 -4460
-2184 -8317
5235 1774
105 2162
-8957 2101
6210 9991
-5481 -4829
9127 -9019
-842 -8403
-9532 7075
-6342 5846
5547 -1639
-5510 469
4040 -4507
-6700 -1077
42 -5008
-5710 6274
7414 -9202
5095 4707
-2388 -4944
-6958 6502
-2694 -8567
9676 -9378
7847 -294
-5009 -7798
-5524 8473
9014 -8258
5114 -883
7781 5983
955 -7087
1194 1924
2835 -5730
2474 59
6265 9463
-349 -7259
2630 3069
5114 689
-8433 -7894
9073 1591
8175 -409
6188 -4346
9255 -9061
9763 -8827
-8204 -4231
-9959 2002
9905 5891
9351 6604
3213 -5328
-2871 206
9235 1611
8110 1083
-5137 5949
-3401 -3040
4011 1529
9739 1054
-1043 -512
2122 9233
-2580 -1945
-4923 404
-5558 8319
-1927 6586
-6325 4645
2200 -1495
4094 8238
-6360 2386
1681 3483
1458 -3292
-4392 -8679
8228 -4001
-5487 4441
9034 -3962
6175 -609
3518 -2057
-8138 4693
-1831 5354
2149 4972
-5457 -3760
5470 5546
-9800 4943
1710 -3594
-8103 -9957
-321 638
-947 -2167
9732 -9722
9815 1980
-9668 -9480
8140 561
2341 131
-1181 4910
-7805 4756
-574 7176
6283 5880
3622 3397
9874 5579
1701 713
1886 -1248
-4808 -2338
9219 3682
5298 3122
-31 -4203
9379 -7652
2487 9829
-4789 9196
2843 -8207
-5580 -6542
-5994 3995
2688 9162
9903 -2319
1564 -4002
811 676
536 -5618
2038 6100
749 -1619
5990 4958
5010 5890
-5121 1048
-7445 4737
557 -677
1513 3090
-1588 3269
-4844 7991
3348 8991
-4873 -9713
-4055 5293
-97 4786
-6 -6066
7747 -4611
6199 9115
-6649 4895
-4456 -7993
-7801 7669
3010 707
1814 -2300
-883 627
-5478 6229
4629 4184
9214 3546
-9821 8949
5878 7710
2278 4699
7248 -5642
152 2707
7683 -127
9585 -5005
6935 1115
-2493 -119
-7888 -4885
-622 -6209
-1526 -5882
-7634 5321
9685 3909
2169 -2819
-867 -2597
-9373 3890
-2889 -8725
9914 -7606
4170 4114
-6493 -8359
-2895 8883
714 5853
-4322 5366
6530 -7796
-8195 -1633
-3669 1430
-8199 6912
-1011 8495
6762 9581
2353 -3730
-2961 -3013
-9906 4076
-8254 3461
544 -4011
-2744 1714
-7753 -6619
-6623 -6066
-1878 -5729
9035 8566
165 -4443
-35 -922
7518 8406
-7448 -1043
2441 -16
2603 8865
-4789 8011
-4003 -6039
-8867 -7785
-3585 -6155
-9759 -8819
4621 9167
2827 3081
-5496 -5760
4398 -4001
-4628 -806
1040 -2574
793 -3497
-9774 6063
-8153 -3800
9541 321
-4349 -6183
7110 3227
-7922 -5737
7250 5043
-2804 3841
2864 4438
3246 2149
1542 -7767
6674 3790
-3086 6126
3872 -5620
-5794 4309
5928 65
5065 4641
-8981 -3051
-1386 9095
-1954 663
9758 7838
-521 1254
-1702 -3169
5232 -7494
7523 -4684
-9797 503
7774 -3625
5680 -6485
7214 -1357
-1297 4762
697 6593
2910 -641
9733 -3331
-4367 -2281
-304 2515
151 -3266
-2804 1965
-7225 -8554
-3418 1652
-3576 147
2843 2889
1734 1898
3997 -5062
-926 -9730
-4904 -7918
-4045 1636
4954 7805
-7168 8427
1906 6959
412 -7286
1848 -70
-206 9370
-5804 8611
4263 -3768
7764 3040
57 7466
-1601 -7757
614 3047
-4121 -6732
-5630 -9226
4088 5514
8333 5173
-5207 -9828
-6705 -5614
-3114 6595
-9196 -8222
5917 4567
-7471 9188
5796 7078
-3896 -9338
-2030 6203
-2219 5654
-2398 8968
-5735 -1271
-1243 -5887
-6214 7392
-895 1744
-1054 -3816
1498 -1782
8469 -2362
264 -4443
6041 2852
3576 8
2243 6344
-6001 3148
4904 -9635
-9231 -9630
9376 2567
-7389 7258
2867 8429
-7089 -8079
1488 -2931
-7747 9956
-6686 8592
4801 -887
7976 -4369
7979 -5338
8659 6445
2556 -6095
4395 3377
-5390 524
9856 -3337
8254 5223
-6008 4272
-1874 2429
-128 -1139
-6723 2392
7469 -7405
-5400 3692
-403 8892
-910 5979
2236 1890
1667 -8579
9878 2782
6854 -5384
-3793 -7583
5664 -8293
-1745 -7110
-8237 -4987
-9911 -4807
-9185 -1105
6065 -6920
-5146 -145
3081 -3896
1401 -3260
-1056 -9555
-4016 -9519
2126 -6038
-5706 2830
2730 -1473
-6013 8065
-622 9674
8266 1129
-5483 8452
9176 317
8313 -1318
-9052 -205
9091 790
-2792 1978
-702 -6272
-4689 -9672
-9931 -2296
2933 -9832
9563 104
1719 -6842
-8743 -5593
-2158 -5414
-2739 -3036
-794 2403
-8197 -3767
-4723 9696
2004 7035
1196 -1308
690 -1964
-328 69
-2236 -6760
8812 -4597
-177 -5766
-8147 7172
7839 -8052
5563 8768
-5936 -878
896 9072
997 -6708
8402 8865
-5879 6341
2296 2347
4146 -2928
-4805 6385
9998 -1996
-5438 514
-1049 2801
-6965 -7845
-7080 -8081
-6549 -7006
1655 -6086
2410 -4560
1920 621
-4689 -2410
-4399 -184
-8463 9349
-5868 -4207
5533 -9247
-3587 4157
1300 -9757
5627 -9295
6975 9918
-2710 4218
7268 7575
-1383 -6776
-8624 -3282
8282 -6954
-4138 9861
7438 -4904
600 -9939
-1299 7788
-1181 -1710
-4679 -1290
7899 8026
-8132 -7199
1185 8975
-6771 -5364
-8128 3905
602 1152
-7978 1694
4515 -7135
4313 -292
-4109 -873
-4022 -8625
9801 5530
-8428 8727
202 -7424
4548 -26
-3480 9084
5886 -9726
-1023 5086
-8984 -6945
9225 8296
-9870 -2401
-9696 -5348
-6721 6581
-396 4922
7590 7688
-7397 -1047
91 -7490
-6867 -6085
-1291 -9686
3412 8326
-8931 -9961
-8957 5952
-1240 -3919
-2650 2305
8706 3544
8111 7704
8058 3769
-4268 -5797
-7346 -4187
6663 -8927
-6485 -4681
-4884 -3460
-2071 6984
8993 2951
-4170 4894
7636 7303
-4717 3351
8957 5511
-1499 -7041
193 8502
9637 6952
2092 3054
2538 -5690
3183 3971
1279 -6449
-3156 3824
7309 -1938
3020 6360
-5660 -8916
2494 -5247
-5938 -7089
4187 -6658
-5847 -3798
7720 -9602
3847 4127
-8699 -6758
6928 811
5764 -87
-6473 5309
5748 -3329
5814 2415
9407 904
867 6674
6272 1947
-2941 -1327
-4335 -1033
2624 -6136
-1001 5618
9250 2733
-6181 5527
9403 8462
6352 4857
-6723 726
-3550 -9514
2312 6242
-7565 -1701
-4739 -9353
741 -2981
1719 3313
-4892 -1030
9180 5968
6601 8817
-889 147
2562 6560
8634 329
-3383 3624
8723 -4759
-3356 7785
2958 -3359
8057 4325
-7710 -2645
-7145 -5339
-6969 -3741
9069 -1580
-5290 3669
-7028 -9565
4194 -2302
-6702 3847
-838 8329
7674 5735
-3681 9179
739 4628
1601 -4368
-6585 -5566
-5517 1022
6194 7250
4683 8676
1111 4020
-9559 8771
-8860 -5126
8803 6599
5000 -4785
4824 9742
-3004 -1515
-5222 -5820
8507 8914
7929 -7338
-300 -5481
-425 7194
-5436 -9817
9103 -9190
1855 -3831
4232 2656
-4399 7336
-5304 2950
-6375 5882
-4991 7108
9314 36
6022 -7613
252 9145
-4824 -3097
-7578 -6074
8835 -4556
7115 -5650
6726 3338
6168 3184
2567 -242
-3464 -6418
-2036 2715
-4284 2545
-7082 491
3355 4361
7310 -6495
-9368 6483
7540 4925
5213 7462
-7456 -7616
-3705 -3178
590 -6215
-6754 7632
-1327 -8735
-5076 4709
-4356 7768
-6892 -9008
-7877 7473
-2240 301
-4360 826
-5046 3857
-7846 -5540
2907 -9467
-6288 4563
1274 -8424
7926 -7990
-3678 7132
-4122 -3380
9732 -1739
-201 3873
-5387 -7943
-8344 -3121
-4654 7647
5758 7691
-6311 6230
9816 -9045
5620 -3230
-5924 2072
-6433 9723
2575 -5935
8312 6625
-2650 1153
1953 6777
314 -7853
-5576 5355
-4315 -7847
-4390 -6864
1662 -2618
-8275 9270
-3270 -2573
68 -7348
-2411 7738
9178 9352
-1469 3238
1674 3530
2047 6290
-3132 -8520
-1128 -6442
5652 6976
2525 3628
6669 -2093
-2896 9087
-6287 8151
3471 7779
-7914 -3502
-7709 -6437
5604 -6817
-7301 7278
5565 2838
6182 7654
8989 8847
1668 -203
4064 5777
4350 -7776
-5097 -4714
-2236 -3964
-9396 -1066
2555 -5574
4432 6301
-913 3689
-925 -9528
-7144 2655
-9604 4424
6279 8930
-1035 161
9380 -5963
-1315 8849
-5006 -4663
-2110 -9383
-2498 -6895
239 5939
-7227 -5003
-4197 -3590
460 5496
6554 5217
2115 -1220
-4186 -1411
-6590 -9850
3787 2728
7007 7889
4705 9820
-5692 1837
6075 5524
49 7553
-4008 9432
4015 -7149
-4344 2190
-7063 -114
745 8374
-9291 6980
7931 -2237
-8491 -6183
9078 -5406
-6577 -9062
-5246 1145
1160 -804
70 -4597
374 6394
4181 -7447
-8287 3979
4463 -9571
-631 2779
-4210 7352
-2207 4424
8898 5376
-3120 -530
2258 3323
-551 4349
1677 -6457
8968 5333
930 5584
-2298 -5755
9823 -2017
-9907 -1474
-503 7166
-3984 9532
8278 7803
5685 3345
-3786 -4471
-7587 -1065
-4077 -3124
7289 -465
-2172 1339
-4806 1864
-1479 1359
4736 -3454
1893 8051
4125 -9002
5213 -750
-2913 -1904
-5281 8735
4103 -1573
6393 -5469
-9342 9434
7421 3097
-6142 5447
-7065 6392
8100 3118
5868 -1585
-6405 -5623
-8012 3863
-9736 5634
-777 -6815
-4543 5601
-1490 3284
2852 8175
196 -7202
-9766 1122
1579 5407
9604 -3744
-6596 -687
-4095 -6536
-9533 -1354
-7663 3148
-7376 -4838
-6723 -1880
4037 -5025
9037 4368
-468 2149
-3085 -3368
-8103 -4538
-7302 -2979
-4688 1765
-1772 2466
234 -8837
1952 3018
7054 -2639
-5576 9432
2042 1037
-9461 8436
-7516 6408
7754 1272
-7446 -2303
5751 -3772
9974 -2226
-3432 2679
-9100 9675
-1602 -2346
-931 4883
3806 1409
-551 -8503
-1759 -9428
-8062 4131
1114 9496
-2690 -3066
3429 -5094
-2471 -5783
5943 -1501
9512 -2858
9685 -5891
4557 -8508
-7381 -775
-5557 1669
516 4269
-4739 -2126
3825 8424
5356 6228
9811 6185
-1934 -3485
-7126 9859
1218 -1490
-792 1030
9234 -7379
9038 7180
-8615 -7211
4767 420
7807 -6043
7960 4920
-6571 -4120
8769 2965
9317 -5028
1328 -239
9387 3260
5281 -1740
-4814 -7810
-2677 -7237
-4933 -490
-7555 8155
-7773 -5851
6675 9169
2962 8
-9709 -7521
735 -9569
4900 -1894
-2907 3331
-5864 4675
-7099 -4292
6338 3547
-8304 2405
-5388 522
8148 -215
6073 -432
-9976 6205
-2051 9152
-2077 468
2929 -4221
-3105 2999
4947 7093
8668 5943
276 670
-1760 6255
6895 -6784
-7458 -5273
9398 -3576
9442 -2261
6421 -6383
-8926 273
-6864 -3776
3573 9693
-2802 1401
-1159 -8633
6734 -3882
-1416 8222
-5888 -10
459 -6198
8597 4101
1469 -1634
6019 1784
-3515 -6910
-486 -733
9898 7905
-1866 1712
6300 8449
1005 -3678
-5238 -6493
3531 -2451
8334 361
3143 9750
-9974 5781
-8962 3818
-6815 4283
-6647 -7965
-7474 2065
-2152 1274
-518 -237
-8653 -6889
-8998 643
-2355 -9267
-9978 4647
8579 3545
-5880 1847
6234 -9082
-3383 -930
2899 -3207
-1848 -8756
4151 -7452
-2375 -152
9739 8716
-5239 -8027
2451 -8482
-9414 8870
4330 1808
9815 -2656
-7364 -2271
5851 -1941
5518 5491
-4626 1533
6226 6599
3630 -6985
-2403 9270
7891 -7038
-2568 -2216
-4038 9319
4071 3418
2109 -5439
7844 328
1633 -9682
-9793 3507
2126 7878
3088 -9744
-1355 -1413
-5232 5021
-2556 9349
6599 5565
-9841 7346
-1816 -4123
6381 2535
-3726 -6794
1320 6147
-929 723
5785 -3324
6299 -9063
5011 503
385 8611
8049 -4253
-115 -9991
2 -5632
-1115 3024
-1617 4494
8206 6092
9792 -5823
-4769 -2449
-9435 8401
6761 6863
6285 4536
8774 2807
-9879 4147
7905 4381
-4399 1965
3623 9721
-663 -2051
-7950 8753
-8463 6006
-7623 5727
7595 -2322
2402 -2731
8727 -8606
7211 -4781
1006 -3093
-8961 -9096
9041 -8098
9623 -9652
1144 4563
-5313 8697
6147 -6733
-690 9579
-9583 -3961
-2234 -2989
-527 1553
-2778 -1816
1662 -6214
-4448 -6
4992 5757
-7038 -3442
-5864 2421
-2589 -4818
-2680 6507
-8312 -5137
-7100 -2108
-1583 -8517
6136 -1097
5529 3678
6236 -1702
4950 -8245
-3550 548
6119 -3298
3935 -9150
1160 -2515
-1033 3569
6454 2478
8899 -6495
-4066 8316
-1769 4459
3402 -8254
-2581 8057
8458 332
3144 5449
2457 -4515
-4835 -292
-532 -3116
-8245 5621
-8700 -8502
9361 9036
9528 -9985
-6308 3053
9195 -8539
5256 -7766
5589 -5871
3958 -7369
-6375 3616
-8342 -9269
-275 6923
-7516 4797
-4503 -7715
-359 -8109
3083 1772
2333 -4899
4135 1083
-6034 780
9875 -193
5048 -2748
4745 -4348
-2402 6268
-4928 1811
-3156 -9493
3828 -8882
-5598 2395
-535 -6011
8958 1602
1897 3653
4562 -9661
1737 8963
6868 -7974
2851 -6634
9056 3275
-6991 -8230
9814 -7928
-1934 -4359
-3599 8683
-9605 -1285
-1570 -9062
-1439 -2209
-1952 8575
3679 3333
-9449 2705
-572 -5951
-991 -7119
8003 -6293
294 8345
5434 2038
3704 8571
1284 -7554
-1752 7131
6539 -6662
1896 -1644
899 -5366
1507 6959
1637 -8643
5497 -7380
-9871 2251
-3929 1886
-5718 -1579
9009 -6139
-9131 2367
-541 -1042
4691 1111
-568 -7280
-6814 8755
9795 -1499
-2650 9404
-42 -5991
-5947 4642
-3015 4024
-5493 9679
-8638 7108
-6770 -7150
-8839 -8088
-1107 -11
-9981 1632
758 -2709
1818 -6792
7499 4497
6979 704
-3061 2948
7976 9764
-3094 2431
4418 6454
-3731 5685
-8843 -2858
37 -5687
-7702 -9004
-2264 6206
1825 372
-9965 -8335
-4490 -8838
49 -8673
-2536 -8549
3980 -5580
-9487 3404
-4384 -400
6136 -2769
-2328 7610
2753 8214
-1038 6508
-1454 3921
-6277 -1240
4997 -3721
657 3145
8889 -7299
-7022 -5317
-2593 -1854
7044 2660
792 818
-9257 5719
-412 9703
3553 -7212
-9978 -1179
3341 -4643
-4459 4165
-9929 -1922
7471 -9480
-1830 -5878
-8310 -907
559 6845
-9309 -4925
-4597 -7183
7161 9275
-4622 4885
7819 -3091
-2466 3924
440 -8510
9274 3704
6770 -4548
3980 -9299
-3322 -9389
3161 3646
8304 1998
4714 -8260
2471 1410
3630 8336
-3247 -6196
-4065 7156
-7671 -596
-7473 -8196
8206 836
-9206 -1365
8096 6915
7685 5313
-6762 2057
6766 -8248
6203 -583
-8395 -9005
-4408 1772
-4027 5592
-1875 -7629
1894 1691
-5401 854
4692 3269
3365 -2659
9720 6164
3321 -857
-255 -9631
2913 6915
-579 8953
5480 7446
-6201 2193
4306 -8862
2190 9401
8307 -9038
4242 6456
-6599 3681
-2361 -1858
2287 -3138
3941 2412
4226 8384
3339 -484
6758 -4589
-954 -1506
-5700 3232
6865 -948
3592 687
2724 3590
3114 9490
9164 -1820
585 -3236
3465 6990
3455 -4220
-8262 -6655
-6284 5928
-3846 -721
8570 -5289
3671 -8723
6813 1326
-6380 -1489
-6708 9473
1070 -7671
-6667 9660
-3493 -9633
5472 -2046
-6406 -7210
3082 -6893
4569 1310
-9421 9612
6588 -4006
-7376 2399
-7054 8394
-2461 -6078
5687 1953
724 -9705
-9202 -7495
-1330 5180
-4573 -1687
-9819 -4012
-3207 -5567
-2416 8190
1168 2699
5538 -9930
-4031 8441
-8738 -5620
4230 8689
-8513 7057
-6635 -8771
-229 5297
1477 -6865
9881 7196
-2146 -6645
2014 7657
-8511 -215
411 -6666
5100 -6408
1711 2367
4028 2366
-2097 8932
-8344 3489
5277 4872
4111 -6148
-5177 -7875
-6995 -4912
3149 4430
3845 -5457
-840 6579
4606 4237
372 -9263
6260 207
2866 -798
2242 9111
-9315 1722
6934 -5492
-367 -6075
-7339 -5243
-9001 -4900
631 6468
8222 -1591
7974 -7683
-6016 -1559
-2571 9093
-5822 6372
8495 -4009
8471 7675
-3898 7018
2830 -2524
5264 -2736
1673 -5473
-9065 5090
8203 7320
7985 -7973
-4771 7254
1946 9734
2766 -2671
8811 863
2627 7896
-5206 8966
-3948 3994
1117 -765
-8811 -8046
5234 -5121
-6627 9091
-546 8641
6428 6679
7245 1675
286 3358
9388 6689
4859 4612
-9633 -319
-5687 1214
-9085 896
7684 -6899
7848 -6716
2310 -7345
9199 -3769
-3088 1654
-7144 -5798
9424 3013
-9857 -648
-7671 2345
4967 7914
7573 -234
-3442 -4916
-2201 -2124
1487 1193
184 -8789
-7602 -8110
4904 355
-3751 -3278
9143 3081
2703 -6060
-7747 -6401
-2175 -7037
8801 -4531
-1379 8639
-1540 -8756
-5355 3540
182 4353
2303 9674
3817 2564
-2172 2249
-1805 7911
-6114 2401
-1754 9774
-1006 1857
-752 -3106
-5269 -3749
8101 -6153
9830 508
-6551 8389
-3571 -2851
-1079 -1214
-275 -6677
-2537 959
1019 -5697
5009 5444
-7361 2020
-4282 -1125
7722 4408
-8009 -1830
-9035 -7199
-7966 -3589
6170 7920
4020 -7603
9377 -6670
-5254 6154
-4556 -7790
7149 -3745
9328 1526
-3070 2963
6649 7131
-2449 -3235
-6603 8163
-4928 3518
1777 1404
-1921 9541
-3879 -2867
-5108 -3904
6570 7211
8391 2344
-787 2886
-6956 -8713
-1649 5765
1642 806
-7363 -2633
-6424 6313
-1037 -229
1428 7631
-110 4751
-9574 -2713
882 4884
1801 8926
9297 8465
-8331 4480
-8995 7531
-2393 -6254
2261 6793
8910 -5063
871 -4124
-8392 3610
7721 264
5437 1044
9469 5177
-7968 -6336
-8184 6046
3270 -368
4866 -2294
-7987 -3405
4217 9183
-5940 6455
-1391 5253
-5554 5700
4383 -4625
-368 8869
-2761 5620
7026 -7145
-6384 -4069
-3387 -5749
-6125 -3678
-7176 -1109
-7767 9479
6763 199
-7849 5032
-7579 3245
-6143 -2152
6556 -5076
-7880 -2141
-986 -1978
-2448 -7411
3185 6701
-6758 -8960
-3361 4373
6471 8106
5485 5526
-9526 2424
9602 8361
-5015 -9820
467 9074
3817 2099
-478 6051
3051 -4445
-7445 2976
-5461 -9447
1026 -4814
-7671 -5335
9753 1878
-130 -8424
-4669 -8321
1931 -8224
-4458 2871
-6805 -6152
269 -9609
8530 -487
8449 379
-8291 8508
559 6033
6401 -6959
3100 916
-578 5101
8099 -4402
-7234 -1973
6007 -9091
-8483 1666
8774 -3648
1499 2651
-9619 583
-5761 9921
-4807 6028
5575 -6676
1552 4519
9505 -5815
-1341 -8936
-6762 1914
-2609 181
538 -2731
-7451 9479
-5674 -6786
3740 8481
-7344 1911
-1752 4381
7195 -2296
7946 9277
-2457 -8863
-9532 2814
-7453 3106
1640 -500
1322 -6011
6169 2736
8634 8528
9109 2819
-716 3496
4480 -3406
-1788 5416
8549 -4354
-5721 3609
-4939 -2457
664 -4359
-768 7208
1370 9076
-2214 8296
-2266 -8429
-9897 -9118
-1772 7976
-6612 6481
-7719 -629
-2748 -939
-7612 -9143
-2099 5672
375 -6652
-1239 4205
-5285 -6992
-7012 6000
-4543 -2241
3555 1069
7252 252
-7145 -6670
-6371 7009
-9802 6204
-1576 -3665
-2990 4831
9869 -3463
-9559 -5105
2051 2683
3235 -5126
-6521 9929
-5936 2776
-8162 -4228
-5439 -9798
1013 -3299
-4034 -1981
5279 -1307
2074 -9577
4137 -9014
-547 -3219
4487 -1532
5926 7840
1928 4908
-6665 -8530
5356 1309
-7173 6036
-6240 -3678
-5004 9897
-1444 -3950
149 -8215
-8323 9802
3623 200
-6386 -7577
3483 3388
-5317 -1340
5170 -6520
5030 -8337
241 2187
-1787 2883
9488 2539
6244 276
-6830 9153
-2770 -6499
6044 5586
-4361 5754
-5908 5223
-8108 8159
-5037 9836
8207 9947
-1688 -8025
-3400 1117
547 -3769
-436 -6080
7971 -6639
-3346 -1474
-9879 -1437
-2556 3034
-3400 1557
7512 -3660
4364 3161
-7967 -541
9675 6366
-1787 -1589
7907 2753
-7937 -6886
-1828 -620
-4000 4581
9071 -8810
-3648 7837
-6843 9005
-2017 -1111
7668 -6711
-4807 -7529
-1454 9631
5402 -1939
7438 -7945
-57 4782
-4564 3655
-6022 1683
-1164 -4918
7229 -5680
1797 -7032
-7689 -6103
7834 2944
-9643 9782
-3720 8
-9863 2890
3608 4699
-7889 8501
-682 4487
-1192 4139
2565 1234
1355 8337
-1122 -5254
-1507 -6997
2486 2217
2167 -2697
9542 -5550
1765 1223
3416 6900
-8763 6240
-9505 -6929
-7524 -8628
3363 -1230
8583 -5530
-2491 2462
7041 -5549
-3187 -7885
4515 -8729
5507 2024
7564 -8661
-5029 2772
2669 5289
-1606 -9050
-7218 -1007
-1254 3275
-9621 -8688
-4775 4807
6849 1285
3273 6283
4521 9812
-7142 6239
-7138 -3483
9202 -871
-3232 -8469
-779 289
69 1215
-652 -2059
-939 -3331
2813 -2906
-8344 -8727
9721 -5386
7580 9885
8587 8183
6483 5453
-7568 1633
3247 9677
740 -5438
-8410 -9200
1089 8093
8328 -8067
-6400 7425
-5306 6157
-2497 -2894
1657 6695
-4557 7079
-5457 2031
-2809 -8703
2242 -2801
-2354 -4902
-6718 -2031
6857 5285
2281 -4811
174 5747
3481 -2325
3848 2975
-4802 9522
6799 2729
8881 -5166
-9640 -5830
-2562 8893
-3123 4054
-7745 3956
-2721 405
6792 -5601
6599 -8288
-6356 -941
-5516 6913
-6374 1685
6871 1801
87 8417
-153 7582
-325 4416
-8997 3763
-6437 1815
4602 -2534
6046 -8995
456 -1657
2747 -7195
-116 649
-8639 9183
-2774 -5927
-2978 -9248
7161 626
-8054 -528
-8238 -5276
6104 -6796
-4133 -3700
9668 4263
-8897 5010
5333 7705
-5748 2048
-6303 6433
6249 -3074
5055 -8780
7506 5308
-1368 8785
-495 25
3118 -2384
1020 4163
-2655 -8776
6368 -2010
7037 2521
5604 -4063
-1028 -8205
-5288 245
2426 -4336
-5312 381
5738 5000
-5670 -9563
8077 -6806
-4757 7624
5954 1609
7775 -4750
6659 -6455
7737 -3259
-8262 1184
-4803 -2852
9345 -6032
-4329 7866
-6803 -1179
-2726 -3029
401 -2792
-141 2732
3759 -5593
1712 -7258
6775 -9545
2699 -6825
6970 -150
8210 -2010
-287 -3273
-250 -5041
-3858 6094
-2115 6356
-6379 -7711
-6736 -3181
5415 5975
-6227 -9403
-4097 1195
-938 6674
2600 7006
-1885 9101
-2852 -8439
3297 3262
-5105 1879
-388 -4509
-9593 -2410
-6347 -2646
6243 6654
-1807 8694
1543 8408
7306 2464
8128 8619
-9414 -1353
-6487 -2170
-1380 4630
-9145 2853
5804 -6438
-7145 431
-7525 -6920
-1662 -7052
3376 -1852
-1038 3732
-341 4728
4364 3133
7708 9876
8201 267
-4774 8917
8060 -9074
-1446 9663
1559 -2870
2962 783
8438 -3198
-6599 -8173
9680 -4743
-2929 -8940
-2966 4367
2409 7153
-114 -4768
9650 6465
-8323 9826
2042 1067
-7830 -7411
5834 1085
-8314 7557
4 -2351
2172 -5865
-6162 3473
-7044 8275
4591 -1880
608 8538
-6249 -1750
-5182 -4937
-6361 6224
-786 -5912
-3166 3437
-7232 -2891
2793 1451
609 24
-7312 624
-4124 -3370
3516 -4215
-1048 9441
-9482 -7964
3679 7631
-795 220
5400 1703
8407 7332
-6633 8366
6854 7141
679 -9598
8271 -8431
7475 9889
-9202 7263
7361 4971
462 -5276
1269 2304
-8338 7739
-9650 -8306
-4035 6418
9673 -1660
-3979 7302
9324 2800
6681 -9642
5610 7433
-1789 -1689
-4635 7818
5763 1315
-2080 -9989
-4951 -5359
5760 -546
-110 -3059
2676 498
6347 -871
4663 -7911
-7549 -6190
-1578 266
5365 -7353
7402 -9275
-8896 -9165
-9943 -6968
-1195 -9846
8099 -4883
-5016 8275
495 2617
-3583 3956
-9040 -6788
-7038 -5853
-2158 -7975
-7158 -6299
-4135 -7957
-9360 3748
-1625 -9861
-7938 -878
9862 -157
-4813 -1636
-3626 4507
9070 83
5740 -4586
5056 2302
7603 8076
9602 6844
-1591 -1777
-5417 -7888
-6623 7754
-8988 -3917
-9101 -4385
-8395 1045
5306 -8652
-3666 5944
-4293 5208
-2756 -6333
194 -6706
-8938 -9740
4192 4082
-8616 5868
5406 -8516
-9659 4528
435 201
-6920 -2286
-5078 1911
-3715 -8721
3309 -3640
1184 4188
6015 9242
-1181 486
-8851 -2545
8606 -7277
9054 5930
2689 -2130
7432 6441
-8017 5806
-6645 -9052
5357 -6864
7234 4655
4060 762
7093 -3402
6995 1910
-5179 4647
-3283 -4663
9911 -6921
-2768 -9813
-6439 9746
5395 2533
-3326 -6773
-5527 -4972
-1265 7632
875 -1296
-9734 -5588
-2210 -6411
-1343 2109
100 5707
-2640 -781
-1523 7976
-2569 -8257
8882 2355
-5113 -8607
8279 -8833
7965 874
-6961 4554
8215 6044
-1468 8048
-6299 9220
5971 436
-6018 2159
-2791 8956
-8465 9484
-4535 -3648
9569 9928
-4554 3253
-2628 -9126
-6676 3186
5501 4514
9050 -6999
-7220 2179
-9075 6131
-4545 4429
-2139 -2444
5149 7668
9946 9203
-9220 -5190
-8998 7900
-4257 -3281
-397 -8752
5123 2490
-6960 -454
-8151 -6039
3055 4185
9345 9169
7202 755
-2675 -7864
6110 -5572
-4276 -2503
-4940 -5523
7674 -2072
-8787 5365
-8490 3826
-9593 -5292
-3841 -9150
-9444 6571
-5713 4034
2978 -2865
-3826 9541
-8210 507
-502 2499
-4725 7094
6640 7868
4514 2835
-7815 7541
-5629 8862
1352 -8336
-396 -4664
7697 5819
-1328 -585
6369 6887
-2080 3535
4536 -84
6100 5540
8207 7895
9926 -777
8315 1242
6862 -7717
0 2293
4772 -3359
-2352 -8442
-4989 1
-9488 5644
-254 -5234
-3461 -3508
4381 5314
5541 4493
-1932 8790
-5158 -4215
1833 -9300
9975 3641
-2325 6560
-7534 1332
1369 -7883
-5111 -8517
-6546 6436
3743 -1304
-5877 133
-2634 -4474
5261 1611
-1792 -3986
-9276 9326
9490 53
-5613 -5465
-1000 4803
5850 3329
-6287 2829
-453 -9081
-248 5696
9013 3599
-4549 -239
4763 -7331
4954 3806
7209 9980
6657 245
3813 4199
-9323 9225
-6155 9992
-6160 -7558
6390 598
-5414 530
-7080 788
286 -6517
-4788 -5668
8867 5699
2704 -7465
-2963 -3542
8799 8514
-1067 5099
4540 -3166
-4154 5242
-1254 2813
4510 -8161
-9700 -2003
-7762 -9197
3059 5180
91 -5242
1331 9066
2864 1280
-3035 6200
-4649 -7024
-6368 -1639
-248 -5970
-2949 9261
1214 34
5788 -2266
2870 8980
2278 -6285
1281 -5629
-1446 -8131
7285 77
2299 7469
435 -6620
9727 -9208
-3493 -5666
-4531 -5605
-5174 221
5103 141
-6136 4869
-903 9090
-8771 -6410
-4911 5895
-6112 -3739
2148 4540
-1932 -4503
5988 6778
-4302 -2239
-4516 -5794
-872 8592
-2044 -1184
-1272 194
-6145 2429
-4025 2006
-6303 1397
2322 -7741
-4167 9355
-5779 -7699
-6295 3394
-8385 -8362
5438 498
9282 5925
-3402 7103
4470 -1909
-6508 -4297
-2901 -4359
-3027 -9351
-5591 -8387
5823 -667
2194 1047
-9478 -7838
5089 -7638
1622 7773
-1964 -221
7863 1569
5812 -7187
7116 -1671
2250 6815
9593 1106
7331 8049
-7794 9302
-6956 -8055
4418 -7694
3285 -9434
-1125 -7415
-3967 -6296
-2760 -9394
-9244 7113
7422 -6153
-5133 4160
-3802 -355
9208 6711
54 -4195
-1628 -2995
-3437 -6565
9145 625
-7032 -1436
-7320 8158
-236 -9100
-2514 -55
7388 1451
-6198 5880
-7666 9508
6618 5436
8587 8791
-7157 3167
-6085 -6761
8859 4815
-8819 -2506
-9724 1631
-5499 2247
-9976 6237
-9802 13
8287 5043
3516 6820
-1499 8987
-4732 -6069
-6611 1877
-7169 -3566
9272 9592
-5681 -1303
-8643 -7674
-2357 -2762
-4536 7484
-2319 8533
8363 -1421
-6970 -258
-699 8551
-713 6318
4622 -8249
-5082 9616
2794 1910
-9068 6557
3939 -2767
-2556 -4071
3712 199
-5001 7711
1897 -3811
4086 5552
-8176 9611
6915 -1289
-5253 -6252
2165 9554
-4808 -4453
2942 -1719
-2299 9712
-1926 6413
4232 929
-9870 -5678
-7091 -8578
5973 -1344
250 3741
-9232 2765
9831 2252
5153 -4981
7903 4390
183 -7484
9842 1768
-8050 -4867
-4859 -2406
-5269 -4801
2678 2545
2328 4114
4574 4321
7436 -5840
3418 -7024
5357 -5436
7072 5298
-3919 -5391
-5718 -3908
-827 -9434
-2602 -7219
-7157 5296
1742 9711
-9320 9917
-4011 -1606
2691 9650
1912 -4191
-8797 -4526
-8203 -1419
2030 -4841
2669 9050
-3604 -6748
-8483 474
-2355 3476
192 7522
3328 4583
-4982 6055
-8979 8773
-7022 1826
9406 -8945
-1484 7877
9906 9369
9691 -7750
5573 5581
-8882 -5423
-8019 9536
-9067 -125
-5677 1799
-4410 -9148
8058 1330
8346 270
-994 -2471
2189 -7529
111 -6711
3597 4766
-7948 -111
7271 1977
7116 366
-4868 -6908
1432 -9143
3078 5895
-4220 3810
-4503 -5257
-7321 -4628
-1668 6014
-1201 7132
-9101 -4748
4126 -7799
2277 -2350
-7265 9192
8444 -2136
5461 8465
-9991 -9801
4688 2315
-9930 1805
-9063 649
-224 -4268
5628 -7846
9609 -2256
-8163 -5083
-9201 2139
-1865 2938
-1131 -4102
5598 -7855
-6051 -1071
-3472 -8215
5069 6371
-7872 -1608
1616 5473
2751 7641
432 4060
-5673 2328
-173 8052
-4940 3566
8822 9687
-4973 2313
5115 1468
-6475 8266
-17 4022
832 -92
-6869 4281
3664 9657
-4605 4963
2145 1822
-5631 7311
-3484 -7215
3911 1926
-9200 -2706
-6480 2949
7875 -1378
5022 3969
-2886 7960
-6641 -6530
-3742 3628
-6539 -1565
3173 2887
