9000
7932 -8981
-2305 -5529
856 -1207
-2028 4757
7888 -7436
4561 395
-2984 3276
-6980 5811
6808 9858
8686 -4369
-2298 -5109
-1966 6152
-3908 9281
-2865 -5691
3086 -5757
2460 -9049
-627 -9373
5683 6745
8113 -2054
-6248 -1904
-9905 1318
1638 -6621
3725 2625
-7324 -6751
6366 -3756
9344 -3651
-812 7532
6538 -5512
7294 -6863
5637 2705
5105 8470
-2181 5726
-2944 168
6328 -9415
7913 -6150
4893 6561
8022 3560
776 -8501
3810 2870
-6940 -3174
-6571 -6728
-621 5569
-2872 5086
1723 41
4750 4628
-4637 -7908
-4990 2236
-6945 -1891
-6692 -2888
-747 -3136
-2099 1080
3375 -2546
-3445 -2126
1321 -6419
7138 -6426
3385 5466
-986 -487
487 -9880
-5090 3995
-2865 -16
156 -7863
-5607 -6044
3562 5419
2284 3333
7372 -3743
8106 -8704
-2011 -4212
-8411 6747
-428 -5281
-4677 -5099
439 -5084
1086 -2515
-3102 3907
9158 1509
-435 230
-1652 1992
5882 -3504
-9929 546
6411 1125
560 -7542
9225 1380
8748 -3616
4240 -5664
-2548 5589
-5260 -1730
1731 4913
8996 -1580
1335 -9693
-5478 9249
921 2838
4268 9750
8923 -128
-6445 9671
802 -9081
-7971 720
9590 -5322
2188 3727
-2758 -339
-6000 9118
-3369 -4551
-7287 5335
4890 5042
-2103 3660
-8547 3889
3767 2875
7124 -6579
-442 -8294
7666 -1985
1596 -9069
-5958 5392
-1272 5960
2786 8146
6898 9320
2331 5214
-1776 -1676
-4775 -4108
430 -6886
-9018 2185
829 3573
-4462 -1941
4281 7463
1938 876
-6506 1241
1834 5902
7991 5768
8148 -4582
2735 -5008
2579 -8765
1988 -2904
-2678 6440
359 6722
-2324 -2605
1924 5878
196 3787
-4788 -8403
6840 -6185
8401 6936
6328 -9955
-9384 -4730
-4529 2570
9407 9440
-8302 -6321
3026 -7897
4566 4160
5061 -4329
7317 -6651
-151 -821
-7544 2380
-2088 -3449
1065 5397
-8518 -9549
4717 -9317
-4912 -957
6656 -1001
8721 5228
4652 9277
-9597 -5814
5489 -8875
3580 8655
-3090 4191
-6200 -4597
-5068 3177
5888 9754
-594 -1150
6716 -1180
2618 -6678
-303 3063
-9722 1873
4560 2042
-1342 -3616
3140 -8323
-8824 827
3133 -9451
-5075 8322
-6647 -9460
-452 -4381
4264 7778
5694 4716
4527 -1497
-2150 4973
5715 -2916
-6167 6072
-2367 -2945
-2052 5974
8896 6172
9679 -8567
5640 -2845
-4834 -3050
-4701 7851
3920 4524
-6698 653
-2641 4287
-3774 -1552
-4708 -2616
-3073 -7570
7161 3175
-7783 9157
-3756 8655
-110 7937
8989 -8220
8073 5549
1931 -2230
2579 -2896
-5504 -9559
7096 -3708
3389 6195
4572 5120
-7590 2695
2248 -8468
2607 -7433
-5096 -2549
-4863 4606
5787 -8647
-3127 3788
569 1879
-6406 -9557
-3140 -4206
-9567 -1643
2253 5955
222 -8063
-9913 -9426
1855 8771
4343 3827
5581 -8922
4325 3504
8022 -8956
-6293 531
5140 354
3309 -8561
5089 -1031
-5681 -6375
8535 -6574
831 2952
5159 6770
-2641 -8569
-9553 -9201
4805 -6019
3204 -4701
5790 607
-2384 5075
1331 -9639
-1730 -2324
4387 -8761
-6940 6146
2657 -4436
7082 -1226
-3865 -8112
3106 6010
-7660 -3205
-3792 -6027
1395 5229
118 4699
6989 -475
5294 5308
-5469 7733
-4228 9976
9170 9349
-1081 -5615
1531 -1516
6652 2968
862 4414
-2662 -8313
1560 3437
3930 -295
2919 6712
-3604 -9908
8499 3702
-6632 5484
5715 -5003
2666 4420
5244 7432
8053 2564
-958 -3541
6612 192
7463 5844
-750 -302
7589 -8102
4648 1856
-604 8564
-915 -5930
4826 -3875
-6611 8548
9686 5517
1446 6232
-3369 -8157
-8022 9233
-1710 5268
5446 5194
-6189 -4126
-3773 -3098
-266 -6731
3299 -7238
-9941 -9927
3653 7976
4047 7898
7673 -3376
1585 4908
-2540 9615
6935 6171
3913 2712
5840 -7742
-5057 -8671
8518 6649
3379 -5681
4592 2208
-3935 -4374
-8614 -7871
-1422 -469
-1305 5141
-6394 -553
3233 -9337
-8300 -1038
1147 -5619
-8606 -5922
-8423 -1872
5453 9221
-1169 9062
-5086 1039
-9493 2432
-8216 4378
-3414 8986
-6378 -3840
-1588 850
3046 -1874
-8178 -2490
6181 1954
-6339 9316
450 5203
-2181 -147
-697 -7274
-2171 -1980
-9705 6201
1156 -7966
-5252 9244
-9863 7694
-9491 -4088
-9708 8709
9468 -4225
4005 6988
-1042 -6723
2695 6320
-2690 -7144
-7710 -1553
-1703 1710
-2493 2814
2259 -3888
-320 9757
-5598 2334
2389 938
7966 413
-9731 2698
-8448 -5229
-3360 1827
-2195 -6379
4739 6115
-2939 6740
2138 4280
8012 -1838
-8043 -7033
7043 -7036
729 -4034
3423 -9473
-5019 6772
86 8980
6701 -394
9631 5553
2495 -1625
6863 6280
8454 5477
1733 5733
-8070 2255
-9676 6911
-7787 9234
-5650 2176
-7095 4493
1873 -3596
347 636
-2751 -145
9330 610
-90 2192
4752 3443
-4710 -6419
-1396 -7964
9130 -5401
-8388 4863
-2440 -3050
-4629 9423
993 5718
4974 -5576
9319 -2180
-4462 4950
-64 592
-5180 4499
5464 2063
9587 6765
1885 -6180
-5880 512
-9079 3173
-6604 915
3755 643
-6037 -818
-4716 5935
3476 4705
3547 9238
5035 6890
7877 -9150
1446 6353
-768 -5988
9394 -3384
5678 3991
-6351 8042
-7919 -3571
1570 -7571
9640 -1741
7474 2276
-1669 -6405
7477 -7916
3231 8231
1624 -215
-7652 -6614
1968 -9225
2100 -8523
8625 3025
-6870 -9796
2485 -2134
4774 2529
6870 568
-3886 2648
3320 5122
8096 -2696
6939 -9629
-1831 1125
976 1712
1357 6655
-594 -7761
4003 7184
5939 3328
-9337 -4089
-892 -1169
2587 4185
4588 1360
-1458 -8081
-223 6797
3764 475
5771 -5938
-1509 -6580
-2548 4810
-8483 4747
-832 5176
8057 2910
2963 -22
2417 316
-9730 -6657
-6212 9466
775 4764
5964 7005
-511 -1416
-5892 -5982
-2581 8226
-7722 -3938
-8423 5980
9838 -5992
-2380 -3026
-511 -9558
-8527 6135
110 -3365
-1158 2377
-1739 -1727
4449 6911
-7108 9733
8675 5899
-5445 -5122
-5096 -1915
5954 -989
9290 4293
-329 9812
-9189 -3612
-2721 -3920
7181 -6444
5441 -1628
4131 9166
-8584 -3350
5964 8778
-7905 -552
-8576 -5067
-9239 557
-7772 -5324
-4922 1086
-9458 2832
2961 4519
7304 -6921
-2342 6161
5371 2849
8026 -1107
1367 -48
6203 -7662
-3730 -795
6012 -4271
-8168 2815
-5067 6567
3902 4358
-5374 -4966
-331 1038
-595 -5045
8651 -1295
-6084 -8821
-3232 2167
-7762 7340
-8836 6929
-9180 2588
-2363 9935
8000 5898
8535 -4302
-2603 8394
298 9981
9385 -8159
-1512 3495
5409 -7626
-3545 -7658
8156 8512
-6978 4309
-8035 7437
-844 -5834
7726 -6741
7353 -4527
1743 9951
4560 -3663
2903 1458
2503 109
-6203 -4258
-2964 -1561
9314 558
-9629 3881
8546 -8422
-6223 9813
-1059 -329
-1304 -6926
5589 -1877
-2002 -7511
4361 5703
-7206 6691
1794 -6457
387 -8184
1284 -7558
4551 -9714
-5196 8473
9360 2219
240 8637
6957 2583
-8502 -8539
7052 9816
-2623 137
-9094 5033
-9481 -2000
-7260 3578
-488 2467
2050 -5770
2622 -5571
1572 6956
-6897 2132
378 8721
-2516 -9990
520 -4260
-8054 7077
-7073 8469
2222 -5593
-2068 8979
6459 6752
8477 8867
3192 -3547
9886 -7650
-683 2324
-3512 4172
2710 -5714
4652 9648
1061 8564
6015 3509
5167 -4078
-3823 -6748
5054 3572
-2227 -8081
-6346 1135
115 -780
-3373 5703
-1800 -4540
-6217 2281
1143 1083
-1150 5684
1777 -4443
7256 -2970
-2547 4205
-2435 -537
6774 -1096
-5593 8108
-7714 -9323
3987 2072
-4137 -2085
3426 3392
-4363 -4300
-8374 -6151
1880 -8683
-7167 7785
-2634 2189
3702 8673
4646 -9251
5989 6490
6837 -1398
3722 -4123
-2321 -8785
-1019 8352
-7929 9716
-2084 9940
730 -7183
-9230 1236
3523 -550
-1207 4745
-75 4590
-8232 1513
-1550 4058
4945 3844
5559 -1883
4023 6902
2127 -734
-7591 8939
9339 -74
-4930 9838
7971 -439
-2497 -2005
-2664 8823
-3989 -4013
-6902 8044
-7801 6281
9204 -5289
4668 4895
9581 7310
-8463 -4108
-4197 -138
-6890 -2771
-8449 -7808
-4429 -2816
6842 2420
-9520 4823
374 -7009
-5462 9536
-3368 2012
-3575 -2465
-3346 5240
-7931 -4555
-9537 8191
-7875 -4449
1427 -2847
8292 -5901
-3534 5265
731 -9649
2244 -5828
-6931 -4220
8351 7622
8044 -6842
-2519 -5430
-9751 -5636
-6435 -2322
-9056 7311
386 -4890
-8563 -2877
2081 -8006
-6753 -8671
-8113 -8156
6192 1287
3888 9986
2453 967
-8303 -3999
2956 4072
-8288 2646
-5856 -4047
6646 -9022
-7841 8137
9580 3620
2904 -9160
-2596 -5383
-4733 -1645
4377 2267
-4783 9955
9328 -1645
-7412 -5610
-5500 -1566
6841 -320
8440 -1373
5439 -5039
-1060 -473
-6172 1504
-886 8670
1129 759
-92 5425
-2401 -7227
3947 8549
-8600 -3866
-6163 7729
4410 -8482
9044 568
573 -3843
6457 -1510
423 516
-7626 2530
-6498 -4702
4715 -3238
9401 2410
-5836 9343
4181 -8853
1801 4081
5195 588
7177 6874
7469 -9911
-8791 6552
6953 -2492
-5487 -1830
2039 -2178
-1848 -9902
-3957 -5983
9237 -3481
4236 2737
-7473 -5225
-92 -858
9994 4779
9524 9467
2683 -3201
-5031 117
-1463 -793
6092 -3135
-2313 -1096
-7687 -7103
-2488 -9969
6081 2574
-4091 433
5235 -4707
-2687 -3432
-6376 -1357
1425 -8972
1805 1220
-9922 -4753
3978 -6625
-7163 -3446
5098 2980
6379 2942
-5401 -4705
563 -1124
9267 -875
-8598 5198
3365 -2717
3248 7070
984 1191
4535 -1883
6043 2115
-3590 -6409
-1959 -7535
-2930 7602
1759 1248
-2947 8795
7358 -5665
-8526 -6183
7124 -9114
9819 2780
6205 -7167
6886 -6060
4125 -3717
-2099 8960
537 -9037
-3772 5370
5005 2921
-9180 8675
3601 8681
3041 8616
8959 -8542
5701 -3039
5042 -1153
-2234 -2034
-9353 -2560
482 -3019
5946 -8196
1544 -1508
-8398 -9187
-2359 5522
-846 6800
7715 5406
-7555 -9459
-3685 -4306
-4050 -5362
4684 -4703
3127 -2154
-3572 -8382
-1367 -7054
2383 588
284 8216
-2324 1299
9089 -3996
7817 3170
-2072 9651
-674 -9753
-9872 2184
-9945 1371
7948 7849
6871 8879
-6342 -1215
7159 -6138
-538 3589
-9878 3556
-2183 7879
-2072 3502
-3482 315
-3631 -8568
-1995 9443
6926 6302
8770 -3342
3114 3798
2322 4693
1829 -8006
3655 -3875
7149 -6859
-454 -5242
9503 -2826
-4807 -4725
1127 2306
-540 4899
6000 -9729
-9568 -5887
3868 -8859
6789 -5946
-2808 5578
-3193 281
-4661 4863
-7923 -9439
243 3417
-8378 1236
2193 8210
5745 63
1057 -3527
-5131 9458
9098 -8249
3460 869
8209 8669
-5089 1531
-858 -9602
-7079 3573
9037 5373
-1935 1338
6720 3717
-3218 -7044
4159 -9397
-3439 9090
-5947 8318
4515 -8818
-8117 7855
9721 328
-170 -442
-8941 -8642
8985 -2563
-2101 221
-3193 -7712
-2530 -8714
3775 -888
-9438 -6122
1290 -5636
-8734 4917
-8965 -9467
-2034 7658
-7534 6999
-4615 -8164
-4886 6970
8718 3681
-9327 507
5335 3711
-3364 -6744
-8133 -1802
1245 5249
7970 -6382
7531 306
710 -5516
6431 -9772
-4110 8037
6816 161
6794 -1235
-4314 414
3959 1392
4860 4178
-9561 3634
3994 -5931
1877 -1546
-3118 -2990
-6399 5993
5411 -8531
-9100 -3174
-941 -8236
192 -5549
-4948 -8450
2536 -18
4882 -197
-5792 2923
2614 6199
-26 -2582
5206 -1653
-6677 8237
-2773 2447
385 8038
-6952 -9229
-1143 -7302
-270 9087
-1614 -5276
4550 -9869
4275 -4536
-3611 -4813
-3759 4472
8475 -9219
-6785 -20
-2828 -2998
-6903 -974
5680 -6103
-5317 -6228
-9249 9744
-1520 8785
3845 6700
-9755 6041
4970 -417
2940 -2578
-7968 780
-7073 8173
5340 -4248
-6854 -747
-6409 9097
-8796 -5697
5424 5852
2368 -2389
4352 3743
9555 8211
-4829 -613
844 -2121
985 4417
-7688 9064
3471 -9315
-8455 -296
-1866 5942
3567 2913
-7946 2828
-9937 -3386
189 -9335
-3367 2681
554 -2992
8793 -3893
-6104 -9353
7762 -7219
-3999 -7488
-6321 -3840
-4906 9876
-580 -1956
-7984 -6410
6080 3976
1329 -9849
-6534 5764
-1472 -4566
1664 -2261
-5570 -4284
-2472 -4780
-2017 6382
5467 8677
-7602 -5581
-1891 6946
-5978 2692
-6044 7200
8481 -1397
5005 -7809
-9573 -9433
-5281 3184
359 4675
8732 -6296
838 -8041
-3073 2918
-8424 8167
-8604 -6731
-6363 5870
3783 -5098
-394 1178
-3862 7063
4699 2706
2003 7094
5710 -6277
-7112 7714
-9900 -7414
-4153 -4612
-5359 -5515
-7529 4765
-8728 -8698
9651 980
-5492 -2088
-881 -2874
-3265 2747
9488 -4011
-5169 -7864
349 3100
-6541 8048
8745 -1034
-1262 -4859
-9151 -9395
7954 6922
-6640 7693
-9370 -9330
5952 8531
4183 8868
-6787 -44
6824 9044
5091 -2967
9650 9076
-361 -8231
1641 7852
1080 -3592
587 357
1701 686
-963 3512
1069 -277
1617 -2683
-8573 885
-4813 -3287
5432 9729
-9796 1182
-6412 -7262
9200 -1045
-7521 -4769
2981 -1091
4394 -4623
6704 -1882
-184 6614
8906 6299
1617 -2084
-3282 -6633
-4433 8636
-3758 -8583
186 2841
-1061 4211
-5480 -2295
5561 -5970
-1115 6595
5449 -728
3372 -211
-7713 -8549
-5303 -5702
-8916 4784
9479 -2427
-1423 5039
-7233 -2701
1538 2833
-8725 5022
6588 9819
439 9029
6342 -7279
-677 6528
-5164 5139
3753 -9319
-7080 4993
-2043 9441
4298 -9848
-5994 217
2220 -6371
6546 -5204
526 -778
-7458 -4899
3608 7342
-973 2351
6651 4143
-6414 6025
-535 -6366
-4311 -5672
-9495 3557
-6894 -1385
-1500 4905
-3676 4851
-2237 2660
6361 1680
-1842 2831
-7233 -9604
-500 -4310
-6081 -677
-7259 -2947
6260 -3804
6979 5456
8245 3981
8866 9147
3998 5436
4965 5642
-3061 -9948
-4219 454
-1517 -8128
-698 -3164
3019 -4887
8622 -4825
-7878 4902
-1987 -3207
3340 -3687
-1589 6415
7355 -8782
7521 -8176
6931 -8029
3694 -9007
-2625 -6132
-1989 4584
5934 5743
7807 -442
1826 -5743
-1326 -8283
-7683 -3234
-1906 -1869
3586 893
9639 -5389
-7679 -7661
8944 -4624
-7802 -3299
9823 6084
-1758 -6451
2453 -8691
6670 -3617
-4647 8956
8984 4026
-3291 -6930
-800 -5354
-9741 4185
6961 -1842
9086 8881
5461 -822
-2598 2344
737 8099
4694 4551
-3504 6470
-1145 7552
8929 -9132
2454 -6584
-9217 6742
1313 4757
1725 5667
8495 -4447
8440 -7661
-7617 8693
-6253 3588
955 4539
781 6869
2836 1700
561 -7175
-4874 1473
7867 3674
6038 4777
-9421 -8538
3509 1455
-352 -9356
-8995 -9863
-3802 6525
-7254 -257
4745 -1804
1022 7275
1526 3065
1340 -8637
5304 5868
600 3059
-6132 8861
-3783 912
9048 -4162
-9435 5519
-2633 5449
-1816 4530
-1189 -6328
9211 4777
4931 -135
7016 3871
73 -6144
-190 2120
9456 6269
-5268 -5151
4826 -9768
-2175 1512
-9200 3979
-9533 1461
5199 6001
-2659 -4012
-8988 3474
8655 6815
3530 -405
-1394 -6503
-5012 7339
5015 -1215
-7793 -1018
-2533 -8806
-1387 -1372
4418 -3053
-9673 2516
-5097 1100
3587 -1422
-6043 2104
-640 3833
-514 2347
-7835 -5732
1450 4878
1889 7984
-6911 -3248
-5917 3412
-7762 5826
-372 -4663
8419 -1289
-5643 -7285
5246 -7821
-9715 1154
-7906 9073
-2611 -7084
-68 9390
-9918 7788
4961 4535
777 3256
2476 -4021
2814 3694
4639 398
-8627 7776
-3280 5840
2924 3236
-1732 2709
5660 7658
-4510 -4047
1617 -8112
-9101 6208
-8378 -7244
-350 6685
4389 9429
-7631 6295
-6426 5713
-1708 5173
-8449 -4751
-9858 -4039
8523 -8093
-2980 -8433
-2432 7998
4853 -5535
2227 -5107
-3254 -474
-1609 -7840
-4186 2057
-826 8734
3024 1375
1724 994
-8098 377
6647 311
5265 -8174
5466 5461
-4944 7178
4440 6512
1978 7117
8249 -4501
-113 -360
-5321 2373
9708 1998
-99 -8971
9501 -5387
-7906 -2261
-8865 3257
-1651 6970
-1499 -5542
-333 2534
1836 -903
-5860 -1009
7133 523
8858 1439
-4337 8488
-888 4807
4924 -135
6841 3777
-3897 -2715
6996 625
9249 -1117
1196 -8164
-4440 7865
-6471 -316
-8142 -6268
6419 -7950
-1979 -2484
1009 9302
9915 -4679
-5169 9609
9471 -5178
-5702 9534
9805 5948
-1846 6197
8431 -2791
4448 4348
-7330 2027
-9799 -6623
7313 261
-6973 -2736
-9790 -8880
8459 3395
-3047 2010
2131 -8873
6542 -8710
8004 -6926
8696 4894
-9170 7589
-602 -6888
-400 -3725
8254 -3293
-4956 -3175
2518 -3190
8490 -8398
-4024 5944
625 102
2983 6494
1631 -9462
2216 9064
-7850 5996
734 -587
-3116 51
5898 -7628
-1262 -1452
6243 1207
-4416 -1706
5100 1510
4288 6232
7627 -2223
8798 33
1533 962
226 5739
7743 5318
679 -5585
-1423 -2833
-1479 -5089
1468 3720
4033 6845
2197 -8181
-7444 -4118
5487 35
-7476 -3616
-878 6676
-9118 -6623
7586 -4354
1039 -6791
1405 6176
-3219 -7221
897 784
5130 -9092
-4612 6367
1946 -1676
8135 8512
-3583 8199
-2976 -2710
-7949 -1785
-1247 -2461
-6593 -7065
8126 -3457
2513 6550
330 -1924
8726 -621
9831 5429
1871 9537
2319 2878
-2231 -7000
8169 8801
2337 -7194
8679 -1791
-9611 -6851
248 -6944
-1419 2537
-4612 6579
9038 -2655
1506 -5488
-5683 7898
-4173 -7846
-4282 -2042
8361 9531
5188 7179
-6696 -1889
-7046 113
1603 -2597
7730 152
479 6126
2176 5826
-9470 7525
209 -3825
4305 -7411
7924 7587
520 4176
-9948 2463
7875 -7194
138 5531
-3259 7622
-3145 -4012
-6903 7190
-3690 -8545
-6143 4940
6911 8856
-8607 6173
8125 8843
-1254 3495
2981 -323
-6365 -5259
5276 -8208
747 7770
718 8643
-9112 -228
8480 2124
961 3155
-3268 -5805
-313 -712
7761 -5957
-1524 7667
-6803 -7378
6648 3141
-3755 1255
2547 1452
-7191 -4353
3551 -654
-5770 9698
-8261 -32
8580 9680
5241 9695
8086 -9770
-6452 -3279
-6847 -6172
2388 4757
2662 -405
5657 -2013
-5050 -3941
-4538 3288
-9913 8519
-2107 1634
6857 5332
9584 -7808
-3103 922
-1647 -8192
-7074 -2311
-2535 -870
1490 -9735
3414 6462
6461 5332
5496 -8493
-9113 -9903
-7810 -7086
5203 157
6401 3002
8748 5782
2472 1403
-2832 -3330
7609 -1357
-377 -2754
1555 2614
-5420 7490
-5176 7045
7904 4645
3508 8574
-7037 8476
-2677 3911
-6116 -7260
5567 -865
-4938 -8763
219 -1645
-1543 -9723
628 2660
-613 2875
2865 -1334
6361 -9926
-92 -3036
3566 2315
-4461 -5667
6626 -1628
837 -58
-4978 -1642
3974 -1299
-9971 -5436
-4756 -9086
-5827 6487
425 1848
-978 4003
-9729 -8188
-1281 9614
-8391 -7744
-7107 -1026
-5583 3388
1 9317
2153 -3080
3394 -2756
2455 -5096
-5995 -3363
9378 -8354
6209 -6844
2390 -5467
-7028 6734
-3229 5184
6151 881
-2833 8832
8252 -4750
8619 1959
3089 843
7462 -2690
-2344 9515
-5465 -8001
-904 -3101
-999 9213
3475 7290
5385 -4738
-2375 -5927
-3882 -4602
-7687 -8227
-5225 -5687
8211 1562
-2451 9298
-7703 8882
-2715 -6711
6288 4903
7432 -9783
5209 5267
-3530 -2666
-3265 -2851
8287 1713
-1494 -6595
-4834 -6254
-9761 -6177
3742 6975
-7110 7697
-3543 -1049
-5813 -2368
-8020 -4462
9850 9381
9212 3335
624 5829
-2333 -85
9396 6738
5242 -4410
-6743 8596
2277 -3258
3690 7093
8950 -311
9160 -6498
-9833 -8774
3860 -9279
3386 4846
8380 -8318
-662 -9747
3469 -5730
-6918 -4139
-6892 4962
-3305 -9095
8175 -4818
-1024 1486
-8226 2870
-7522 -851
-3375 7221
3257 -7323
6356 256
8614 -6918
-2162 1769
-9362 581
4390 -8951
1921 4160
3365 527
-8073 -53
-9603 -1805
-2127 -9368
4963 -8791
-6393 -1525
-40 3512
281 5932
-1011 -3991
-734 9002
-5652 -5274
1346 -1488
-3131 -3230
7901 4067
-5714 7576
-5419 7489
-1113 2727
-6773 226
-1543 -5490
5372 -5064
-2321 7855
1143 -1590
8656 3763
-1637 5855
-8215 159
3005 -2292
5748 -7417
-3761 -3224
9034 -244
8157 3125
5593 -5020
-5885 -4795
8732 -9096
-4506 5775
-1807 -6671
3156 -4847
-9763 3821
5941 9544
-4671 2689
-529 -351
1868 -4693
-4343 -966
5408 7966
3943 1527
7416 7519
-9169 -1292
-2147 2049
5690 5179
8546 -5132
4033 -523
2859 3519
226 4642
-3736 9766
529 280
-5082 -5985
-804 1693
8059 4747
-5000 -3515
5544 6305
3731 353
8406 486
1793 -2344
2549 -2712
1146 -2565
3814 -1960
790 -560
-1807 9024
-4400 -1175
2707 -7693
-2964 4302
-7969 657
-9434 -7493
3133 9413
6121 9200
2683 4836
-5128 -6563
2495 2705
-3090 -7871
4173 -65
8196 772
-8131 8906
1844 -8066
9652 -4696
-8126 4296
-4249 858
-1516 -5960
7597 -5987
6022 7428
5614 -5296
-9226 1135
5948 -6150
2905 3273
6469 697
-6615 6402
7047 -5108
8619 -5942
-3715 -1562
9034 7220
-3069 3856
-3993 7212
3453 -7984
97 2570
-7617 9581
2151 -5419
-7576 2675
-977 -6335
-7408 414
1457 2762
-2035 7968
-5707 -3439
-6835 -6463
-5442 -2597
-1201 -4451
-8413 8067
4254 -5050
-3187 -2121
-1472 4314
6982 -1028
3868 -6563
-5288 -2510
3470 -952
8794 -873
-2072 -2917
-2219 1722
7907 -6156
5849 3557
-4211 3980
4248 175
5378 4441
-7500 691
3323 8702
8216 -5687
69 8174
9662 -556
-7792 2346
7718 -5322
14 -2028
-8826 -9264
-9297 3010
-3679 -3284
-4836 -8768
-6688 -5937
-388 2633
4302 -7240
1131 -9305
5185 -8411
4734 2622
2121 -3353
-9066 -8567
-566 3203
8861 -9161
7448 14
5230 -7379
-5745 -8785
-5887 -6381
5998 -329
4278 8942
1505 7518
-355 6812
-2356 -3912
-3824 8647
9644 -4079
7743 2532
-7733 -6516
-6973 8580
-9068 -2909
-6819 -1712
1973 39
-3792 5187
1575 -263
6002 -4311
9586 -1892
-3167 2471
4187 -2057
-8174 -238
-7379 -3267
3207 9188
-2350 -9336
-5383 2300
5850 -7565
-549 -1287
-7721 -3965
-5533 9932
-722 -2076
2099 -5736
7864 -6102
682 1236
9743 9411
-3185 7476
-6586 -9371
-5950 -1001
-9164 4503
2788 463
222 6713
-3855 -5743
7530 -5707
-9300 -5272
-5990 8981
-7 7973
5074 -9206
8688 -7878
-6244 3451
-8033 -3566
7166 -7074
-7805 7176
-4225 -1882
9595 -738
-9256 -7814
4647 2805
7914 3137
-9579 -3379
6165 -3300
-1881 1096
-5800 4203
6916 7816
-3638 -5731
-9844 -9556
-6124 4406
-6835 6511
3497 -1465
-9599 2223
8370 288
7184 787
4625 8166
6736 -3812
-7727 -5617
8032 -5416
-8583 381
5133 -7830
-4511 1218
9480 -6782
-9093 2225
-6937 -129
-8377 -7177
2571 -7147
-8235 -8164
6420 -6949
-7163 7836
6986 7744
2438 -6268
-4866 2458
-7501 -1454
13 6213
-6906 -7798
-70 -4742
8203 -4002
-5111 1292
7553 -1428
1244 -4157
-7228 155
-9999 4666
9194 3274
6035 -1559
1569 -507
-4249 -2115
-1893 1929
5637 -1307
2076 6897
-9593 -8804
-2839 -5380
472 1826
7625 -4776
-1704 8576
4572 1089
5088 8566
9631 6355
-6421 8172
4900 833
4202 -7391
634 -7501
1376 -1208
-748 -5840
-2115 103
-329 1124
-5054 -5886
-6452 2083
3481 -4863
9573 -4085
-5367 -4792
1101 -9772
5969 -3584
3784 3529
280 6200
5747 -6390
2437 9488
-9897 -7109
6580 -6642
7130 3887
-973 -7003
383 7216
1463 9374
614 3492
6072 3180
-6689 931
9487 3055
-4396 1159
1235 8090
5716 -400
7219 1325
-876 -7322
2049 -2244
207 1412
5820 6209
5180 -3542
-6852 6828
1229 3632
-1394 -6339
4575 -5576
4322 6907
-9480 9503
5499 9059
9392 4862
-7543 -9728
-4864 -1738
8408 -6858
7868 1882
-429 -2387
904 -4211
-7018 6572
-7978 -3442
-8429 -3699
8065 3090
9436 9680
-1350 -3439
-9315 2688
9384 2157
3559 -1662
-6588 -6714
-5806 -573
1178 751
-9937 8928
-5809 -1739
-3526 -3618
-5492 -2292
4134 -7726
6641 642
-5274 -4431
7908 -1141
-491 4682
-8318 -2313
-9745 -7734
-271 -7137
7044 4391
-8347 2853
4588 8521
-4501 -1021
7813 3284
3067 3994
9922 554
-2942 8474
-918 -6748
-2128 2521
-8961 -9883
2454 -6745
7696 2861
-3667 -9691
-8538 6760
478 5856
-7075 -9651
-1649 -7119
-9857 5126
1159 2969
-7993 -1135
8454 3858
171 -6059
-5297 -271
3490 -1476
-8501 5274
-1831 -105
-6158 -8439
-1375 6491
-9971 8510
-6486 656
3657 2099
-9040 9464
-6882 -1558
8900 -3483
-4318 -1310
-9103 -7130
-2013 -917
-3934 508
6149 -8830
5144 -7219
-8430 9705
-4774 8945
-1330 -9322
-6442 4436
3107 9905
8780 -4752
-8019 -217
5624 -7136
1084 800
1218 7152
-7979 8284
-6361 299
-8448 7061
-6063 -4491
1533 2641
8496 5664
2263 8582
-1154 -4470
-3684 -4823
2860 -2392
-8082 1219
-6994 575
7697 5642
4307 4010
-9941 4073
9209 -3459
4062 -5532
4637 7177
-8830 7010
-8323 -144
-1595 -2741
-9290 -5473
-1231 -2862
-5494 -4524
3309 7715
5464 4389
-4205 9888
-26 3361
7825 9764
7624 -9767
-3476 9549
-4855 3482
5118 9496
-8821 -3811
-1494 4014
9579 -72
6241 3465
-1535 6352
7120 -9119
-9003 -779
-1167 -9077
1196 6147
8037 1542
-1382 -3722
1672 -6462
8959 -3906
3228 7889
-5127 -4897
7496 -5255
4665 1313
-6626 -7464
5734 -6366
1233 -708
3864 6544
-1525 -691
8995 -9543
7075 4206
-7410 3689
-8874 -2303
-2910 8342
-8394 -9497
2570 9506
1202 5242
-4226 9531
-914 6428
2607 3027
8576 8695
137 -2651
5272 9427
8357 8536
-1107 6696
8057 526
3043 -271
-3134 -9812
-5273 6387
3936 -412
-2238 -6214
-6233 -2113
5973 -2985
8265 6323
-497 -527
6845 9042
874 112
-1895 -9618
-2580 -2706
-1660 1639
-4621 -9678
6372 -1593
-5328 -7978
8937 1873
4442 5382
5731 -9114
-7090 6519
9330 3657
8469 -4716
-6069 -4862
628 -4232
-3807 -32
-8586 8676
-9294 8552
-9095 -4424
-1806 9218
-9214 -3590
6441 6891
6715 -5580
-2818 1825
8384 -3515
-1455 797
177 -420
-6808 -635
2634 -8793
1166 -4005
-5585 5904
2902 -8657
-4374 983
1691 -9616
-9765 189
-4258 -4833
-7878 -2901
4200 95
4047 -3476
-8518 -1853
-6433 5772
-2525 -9126
-5580 8678
-7458 -182
2995 -3945
5716 -4733
6546 6132
-350 -5676
134 -6468
5289 8230
1446 7231
6131 -6123
3675 -1298
-1048 433
-6239 9616
-8974 9433
3996 -3823
7009 8224
7842 7509
-9866 599
-649 -8660
-9264 -9900
-7284 4724
285 -8041
-9817 -8409
6089 -122
9564 -7546
9099 3591
-5112 -6033
9517 -4872
2006 -7524
5207 -2440
5232 -5114
-4660 -6924
7002 4760
-2333 9481
8750 3367
1213 7196
9981 7436
1108 -4486
-3432 4208
3911 6911
-4437 2154
6408 4089
9213 7549
1026 1369
8389 -5837
-5934 4142
8932 4467
1332 -8554
-4906 7378
612 -8035
-9601 2968
8924 -4530
6792 -8004
-8109 5721
-4219 -4115
2100 -4808
-6499 6718
-8958 -6663
7425 7350
-7844 8103
8802 -3907
8117 -6960
-523 -7878
-543 -8469
4726 9886
133 -5087
-7943 1561
-706 -6028
-437 -9403
-9331 -6313
-7225 -2589
1979 -8480
3856 4105
2203 6398
-2961 7047
-1482 1999
1678 7818
7340 3448
7269 4033
-2658 9933
9684 81
-2612 -9207
-4218 2426
5441 -7416
-2981 -5393
8850 2475
7171 -6585
5835 -8705
9032 -2583
5356 4369
1417 -7486
103 -2707
3611 1251
960 -2883
-279 -8082
-1245 -8831
9399 -2591
-3840 897
3709 7983
-7877 7722
5330 -896
-879 -6463
4966 -1885
5964 -7152
-6144 -7632
4072 -4568
-7760 1120
9475 -4513
-9155 -1423
-4876 -7429
-2777 4674
190 1832
5539 -6679
-9858 -2000
8820 3024
-3124 1783
-6886 -4989
-118 7239
9965 8575
1820 5348
648 -5997
4088 -180
9125 3849
5592 -841
-5621 -1984
8536 -8548
-1042 7381
-52 -5619
-4713 -8810
69 -1100
-6621 250
-135 6877
-9856 -333
1101 -2609
-5692 7181
959 395
3852 7238
4728 7145
7770 3848
9933 8752
8556 -5948
3800 -5822
-8951 3674
5239 -2674
3605 9707
-6264 5876
-798 -1133
-9113 -5131
4765 5523
-7784 -8333
-4669 -4716
6902 -8067
-5478 5530
4630 2445
-7057 3690
2959 -2599
8190 -668
2058 357
-9764 4694
-2014 -201
5282 -7483
-4357 -4941
6119 -2915
-2438 9495
7550 -8643
-8599 -6257
5470 -8582
180 4582
-4033 -3284
7643 -3712
-9198 7617
5831 3433
-2280 5090
1679 -4308
-1907 3104
3344 4173
532 -3134
3481 5414
3606 -9304
7484 1475
2304 6120
1241 6361
7725 -1432
-7918 9080
-2137 1313
-8885 -2882
5458 -764
-2717 2320
7686 -319
-3364 -394
2451 4442
4472 1913
-1754 2949
-5711 3648
5671 -5283
9241 -2428
-1199 5837
-4755 -360
133 -7098
-7543 8153
4277 4415
-7467 238
3824 2604
4495 -319
-9424 -9016
6466 9609
-1858 1839
4188 8516
-9800 7924
-191 4875
1707 9109
1069 -1658
4148 3452
-8945 4139
-2040 -4326
-3289 8220
-5706 -7139
-752 -7551
-9417 131
7912 9314
5838 5775
8896 3682
1163 9668
-529 -7754
6478 -2370
-3288 -3605
8455 9846
7684 2335
2034 -3111
-2441 854
-1292 -2966
4174 6045
-4277 2428
5798 -2480
4543 -9496
5720 9786
7829 288
7620 -2579
-2575 -6334
64 -5114
-1785 3622
2789 2336
8462 6440
7691 -3529
-7506 -9379
-5705 -5801
-3332 -8633
3866 -9591
-6116 7859
2155 4028
-6195 -2453
-562 2168
4783 1040
-3697 6002
7981 -4350
-8375 -1136
4669 9842
-5026 -1597
9671 -1184
-5426 7926
6365 -4405
-5239 -9573
-2504 -1265
5942 7739
6342 234
-9531 1156
2717 3390
9596 -2244
-9513 -9697
316 8464
-6210 -9623
-9691 -6460
-1987 -9389
-3815 -417
-4036 3270
-9633 217
7732 -3845
8907 -6692
-3518 1507
164 -405
8414 3683
-9945 -6303
9200 5701
-6242 1098
-6127 7669
2803 1310
-602 857
-3502 -5001
1289 -4316
2903 -3658
8064 1719
8487 8927
-4523 -3825
-3618 1595
-649 -9708
207 -7983
8530 1451
-1635 4983
-6549 -9365
3114 -4746
5042 9217
6030 -3509
9817 3695
-6042 -2016
4532 8871
-6077 -181
546 -8016
890 7452
1399 -7218
3779 1534
-306 8971
-7667 1355
6017 807
-7435 8473
9628 -1437
452 1112
8416 -2196
-4211 -8188
5845 -7048
9554 -8430
-3944 -4030
-7376 -7108
-1688 313
-4184 3284
-6345 -8950
717 8835
-5272 -6620
-8329 5826
-9745 1757
-1487 -306
-3878 -1597
-6317 -7619
-1719 7966
-696 29
-1337 -3273
7302 -626
6646 -1844
5801 5432
-8847 -2030
-5671 512
-463 -25
7497 -4525
-298 -3086
4810 -814
-6959 6840
-4915 -9291
-1748 -8723
-8575 99
-459 3229
-7035 -5071
4105 -2182
-4540 9303
2923 165
-2624 -2743
6371 -5806
-3439 -91
-3428 1540
-7187 -3423
2082 3658
3037 1211
4891 4409
-4876 4747
2143 -7840
-6199 -6483
1621 3800
-2415 3874
-4266 -5346
-3755 -1193
-5833 102
3150 4372
4599 6283
-9521 1032
2614 2442
-2617 4417
4316 9325
-3317 -1199
3559 -8938
9087 9059
-1718 4747
-1240 9064
-7096 -6496
-8115 -8161
5942 4278
3863 -5812
4750 507
131 1469
-8286 -5655
6519 -3908
7262 -8356
7836 8084
4781 98
-9909 -4785
-1465 924
4683 -8441
-8206 -4367
-6441 -526
-8273 -6526
-7247 7857
-4913 -783
-197 7029
8821 8779
-6087 4168
8125 -2202
-8190 782
-9761 -6450
-8843 -7825
184 -6343
-4046 -4589
-349 4432
-6105 8137
9578 6676
3562 1018
-3009 6738
-2264 -2067
6206 5768
8032 -661
3343 8865
-9719 746
-6771 3348
9398 3594
-525 -8846
-3894 991
-4352 1608
-1042 -6894
-4080 -175
8694 138
2330 2254
-2059 -866
302 4582
-5052 9334
1909 9404
5423 -4843
2432 3284
-5358 -6875
-5918 -6612
-6841 -615
5697 954
-6720 9413
1185 8644
9695 -6860
9460 4127
-1830 1767
2695 294
4971 -7535
2801 -28
-9236 5264
5063 -6195
-920 -5268
7798 -1499
-3526 2394
6805 9220
-5150 -9592
5763 -3396
-7 9598
-3822 3922
6561 9772
-9188 -2470
-7123 -2399
6693 3047
4868 -9029
1926 -7339
-7297 1735
1121 -5970
8634 7962
-8409 -9337
6731 9841
8403 -9661
5309 -7426
-474 7632
-9750 -5951
-4962 -1662
186 4260
-9705 -611
-446 2222
4595 -9530
-4472 6392
755 238
-2702 8997
-2487 9868
4013 -407
-3649 1234
4196 950
1383 6244
8136 -6136
-1295 -6771
2047 -571
2218 116
929 -603
-395 6703
-9462 9674
-2257 6916
9277 -5250
-7481 5818
-7024 -4929
4903 -722
8963 -6637
8946 -782
-4960 -7406
-4097 -469
-1157 -7273
-5363 6396
-5552 -5070
-1758 -3812
-1233 -9899
5015 -6321
2473 2616
7601 3259
-634 -7594
2412 -1744
-6788 3746
1407 9013
-6210 -4
9646 -143
2898 7074
4835 8956
-9733 -5480
-6666 2234
7123 4034
5685 1067
-7038 -4924
6897 -6117
-5285 -2104
5668 9890
-8059 778
7205 -3640
-6754 -9400
7647 9679
8105 -3513
-2021 6985
-5576 -1635
1401 170
-2800 1404
-6107 -2113
5521 -4899
-8377 640
9243 -5691
-8328 1437
198 -2218
-1758 -5993
9339 -3748
-9376 -7313
-1184 6323
-9138 -6261
-771 -2094
6905 -2493
380 -3243
8174 -5495
-3102 2242
-9832 2264
3416 6946
-7213 -2534
454 -5350
-8070 -8618
2206 6760
-6678 -5030
332 -8669
-8604 -8817
-6859 -9931
-3517 3430
7794 -8560
-6564 9660
9327 -6480
8801 -7827
-7832 7752
5341 5873
9462 -3588
-4124 -5444
6400 -315
-300 -1849
917 2794
-7644 4620
2788 -5853
-9896 -9804
-115 -2861
-8920 16
-7515 3023
-4124 -6540
-808 4610
4630 7935
-764 -5689
-3725 5680
3347 9015
9756 857
430 7407
-3498 9785
478 4774
802 8010
5223 474
1320 -8973
2099 3692
4608 -2734
-3191 6782
1102 5128
-6398 1576
-8167 8205
-1822 -4489
-7952 -501
-7971 6472
-1900 -7433
-2493 7878
89 7205
6836 -7763
-1084 8298
-5615 -8578
5927 -6579
-1904 3253
-8520 5237
3327 5952
3571 4926
-1240 -1761
3206 2413
-9932 -977
1363 9008
-7007 -8076
982 800
9657 -869
-7449 2568
-7304 750
-850 -1891
9010 -3088
4771 -1311
2069 -8050
-9957 -8025
6565 861
3570 -853
-5062 2111
-6139 -3668
-3602 -8382
-1152 -3911
-8036 4412
-7854 5571
6986 8979
-9803 -4333
411 8726
5087 -3251
6468 445
-6443 7313
7920 -593
-5415 -3427
-4561 -239
-3310 -2352
6230 2195
-3058 -7322
828 4599
-7537 1038
3998 4852
8673 -7391
-7680 -6695
-2807 660
8132 -7608
-8255 -8019
-605 4180
-5910 6993
-7272 9915
5189 -8577
9407 -1729
7444 411
732 1609
-1567 -5334
9250 -971
4119 -9417
3339 6578
-4821 -1548
-4283 -7095
-4947 -9466
-885 81
-6798 4463
-3419 3839
7646 -4707
-6332 5419
797 213
2782 -2061
2492 8694
7402 -7613
-8640 1246
-308 856
2133 4061
1907 6272
9635 1835
6910 -1949
-931 -171
-3830 2732
7841 3731
4656 9617
1791 9788
7558 6842
-8021 6128
-3688 24
-8461 2757
3189 -2247
2739 -3391
-1920 -4403
-7194 4935
-2747 -4416
-6165 9819
-1371 5546
-4975 -2267
1570 -3328
823 -7718
-6002 9911
-4386 2996
-7544 -575
-2429 -2154
-2815 5916
-7616 -8318
-7573 -3606
3645 -6631
-5519 3317
8861 -4217
5185 4880
9729 -3872
-6548 2816
-5925 623
-7054 3386
-4243 -2013
-4993 2340
-1216 2078
1868 2946
-6922 899
9423 -4212
-1451 -2745
-830 -573
-3175 -1902
-9282 -4298
6164 9998
-9910 7754
3315 -6294
-4295 -1727
7432 -1751
-4183 -3299
-9490 -6671
-6601 -2507
-1589 -8570
9243 9040
3356 2645
8455 4607
8900 -2295
-3636 6526
-859 7139
-1802 -1124
1611 -7026
808 2615
3504 -3011
8412 -6796
7808 -7743
-7078 -3141
5461 -6798
8719 -3610
3488 3942
-5808 -2275
-1983 6686
7195 -9755
9731 -7508
-5793 9691
-4126 -3659
9299 -1573
-9660 5450
4545 -8920
2171 -7251
3790 1853
-2289 -7362
-6679 -3626
9722 2026
6421 1176
4692 3142
9976 -9345
-9645 -2012
-3918 339
1693 54
2350 -648
5090 -3415
1407 -7722
330 -1344
-7224 -3809
-8817 7409
-7318 1129
-3286 203
-1355 881
1911 -3608
-1365 -2796
2275 4369
7142 4386
9425 1877
7056 -4713
8384 2679
-5485 5329
-8006 7086
7838 -8047
714 -5826
-6771 7145
4187 8909
-5340 1383
-6403 1590
-1655 6414
-9918 -3092
-8868 -3307
7699 -8946
-9538 -6768
-9077 4233
7465 2450
-885 -9265
2367 -3733
-8888 -8481
158 -4614
-8555 448
6329 9511
3371 -4689
5142 2164
1979 -9231
9075 8722
5093 7860
3891 -9828
-1629 5408
-5396 -9962
-4173 -2452
-7084 673
-7121 2896
3311 -9015
557 2218
-2733 -3752
4328 3294
-7988 1883
-5546 6395
-1287 -8853
7123 9119
4352 6988
3367 9492
-1322 -9698
-9351 307
-942 2383
-5298 8651
-1933 -3201
-3715 2600
-3073 723
-8222 1525
-1814 -5768
-6151 -6875
2855 -8168
-5869 7205
-2806 -9545
4655 4418
-3261 -5180
7014 -7800
7729 5649
871 9543
-7270 -9582
188 -9402
-9716 -5851
-3287 2002
-833 3638
-2319 594
7738 8244
-6114 3683
8006 5392
2452 1956
2671 4977
-5379 1984
629 -1220
7880 -8537
7026 -7384
-9769 -5732
5058 -6374
138 -6586
9393 -1560
-1652 7547
6872 -4629
-5963 1525
1635 9191
9805 7793
9540 -9234
-2605 -2225
4194 -7590
460 6629
-7000 -4903
3114 -202
-8588 4800
-748 2418
-4695 1772
5200 -6102
-1352 -8386
-4245 9086
1873 -4908
-5278 -7653
-7520 5569
2309 -2120
-7659 -9397
2430 -4537
3076 -8845
7001 6433
4983 4196
2755 -8115
1016 -2317
-5394 9504
2656 -3553
-8421 -9699
363 2197
-1457 -6969
-1487 6121
-3137 -7257
-7649 5678
-8126 -9148
-2923 -750
-1773 -9779
6291 8260
-3360 -7024
9709 -4670
6908 511
4697 3977
6127 -7842
2119 -8789
-4851 8885
6574 -9043
8542 -8371
8768 573
-3459 -8216
-8186 1685
9577 3926
-2811 -1927
-847 4872
6582 8637
3838 -7943
-2963 -5735
144 922
1519 -2757
3015 -4580
-7739 9071
2150 8546
1741 9598
-8617 2863
-9046 -12
1140 3240
-5911 5201
-7625 436
434 -6108
-8707 -2891
9781 3588
-9087 -439
2561 1662
6247 -161
2586 729
5694 -5828
8392 -2469
-4319 8750
7836 -9872
7828 -6330
-9496 -2355
9803 -6038
1411 -9772
-6856 -9200
4502 -5055
-6012 -3687
-2958 2610
-8722 -819
7946 3580
-9383 7731
-2185 -2062
7493 -8988
6166 -7480
7162 -6626
-4021 1757
7095 -2219
3143 1272
-6422 245
9010 8632
-7549 444
-224 7343
759 -9655
-5949 9390
-1797 -4484
6737 1782
5094 -3786
-6363 4044
-1785 -7584
4857 1746
4753 4120
-918 -4660
7991 1592
6423 -4960
9019 646
5368 1105
-9654 -5486
7313 5439
-7483 4085
3736 -5312
8139 1695
9343 -6258
3263 -2628
-1870 5203
6368 -8307
4317 -7982
833 5219
-1011 9558
-3215 -6808
-8285 2095
-471 -6679
-743 -3320
-1391 9134
-6697 -7413
3219 3271
1856 7692
-4552 5306
-2953 -7160
1478 7385
7262 2562
8458 4342
-8404 -8765
-2784 -6871
5164 479
-2222 -7023
5213 8119
-6573 4586
8457 -3425
-353 7284
7629 -3940
8529 7416
5739 6283
5310 7245
7473 7971
943 -1129
4137 887
3866 -6802
-6857 7038
5299 6447
2153 -9537
6916 3380
-7299 6336
5406 8889
3153 8633
4796 1363
1011 5264
-847 2997
-9504 9578
-9356 8345
-8494 -1836
-3034 6920
-9892 -5053
-8586 -2894
-2322 9186
-8875 5091
5240 1430
1889 -2781
-2998 6895
4666 -1777
4530 488
7008 8386
-2821 -5065
-1141 -19
-5093 4026
-8921 4743
3577 7435
6160 -4422
6163 -498
7340 -2742
-5258 3767
2923 7411
-1824 -665
-3179 -1097
6423 4267
-5812 -2790
-4652 4401
3050 -2804
195 4335
-1158 5095
-9818 -9015
854 -8778
-3953 137
9312 7617
-3807 -8111
-1041 -5460
6060 -8418
-8195 4501
1062 -4311
-6294 -5194
-5376 -3135
3129 -457
-2222 2582
-4171 -5446
1097 -8551
1750 -8810
9535 -50
6850 1550
5279 -235
-8607 -7311
-7555 -7807
-2487 -1159
942 4421
-3543 -3698
-7405 568
9806 -510
9139 -9253
1614 2320
-1582 1713
3676 -5290
-4103 -2607
2729 -3360
5872 2399
9176 -4014
6407 2294
1227 1940
-4318 -5507
-7294 -7214
-2863 -4635
-2206 -2357
1518 7649
8923 -4444
-4417 -5021
-5624 7751
-9744 5234
-4274 -1118
2078 -5765
-1627 -2880
-4597 9199
807 -4359
-66 5518
-7678 -3069
5922 -8818
9986 1834
-4456 8947
67 33
-1009 -3997
6501 2948
9372 2422
2711 -7812
8736 4370
7772 8409
3028 6659
3003 8165
-655 -884
8593 -7615
-7477 5092
448 -5640
-9546 2313
1121 -5877
-7782 971
-9169 -3274
63 -8107
6212 6172
3137 5577
2428 -6280
-3035 7525
-3207 -7198
-5371 5494
9489 3058
-5530 5993
8163 -2411
-2049 7035
1175 2485
6927 7669
-7249 260
-9733 3249
2622 9999
-5702 -6892
-58 -8643
-8325 2888
-7875 7671
1313 7636
-3774 2059
1158 -2950
8748 9900
-4363 5340
-4850 -5528
-6326 -153
-9718 7081
-8996 -5257
-7150 731
8179 4062
-3067 -175
4090 -6393
-3855 1274
-8548 -5476
1881 -3
5813 -7758
-6922 8157
-378 -7172
5819 -6214
-9231 -3639
-9471 9424
485 -4494
1295 -332
3065 -1982
-3289 -5257
6741 -670
-3234 -5369
-6032 -5854
8463 9324
6123 9852
7377 8699
5266 8023
-2986 2099
-2259 -9363
5605 -796
5519 9515
6066 5593
-3329 1393
-1960 8610
-1672 -3758
-6729 -9754
-7525 -9294
-1561 7790
-4718 3584
4636 -810
-4274 7805
-9884 8504
1664 -1731
7245 1795
6086 -8912
4375 8634
-1507 -3881
6818 -3240
-6928 -6268
6103 9100
3053 6994
-4815 1868
-828 -8348
6355 1049
2826 6690
7668 -6575
3178 -713
-5437 -8602
-6560 -5260
-8924 -5364
4346 -141
700 -1425
2533 -2805
-3711 -9575
-1376 6494
9533 -5435
6630 4993
1367 -1798
8435 4475
8316 4004
-9762 2349
6570 -4575
8566 -417
-4650 -389
8855 3365
9783 -8898
8546 3281
8284 -2183
6383 8159
-3155 -9677
-5395 -510
6297 -1634
9321 437
-8955 7312
-2440 5460
1958 -9392
7176 9372
-3046 -9801
4815 3189
9198 8500
-7866 9683
940 -6634
-3864 6390
-405 8866
5368 3004
-7865 8055
6768 1201
-1075 3811
5925 -2377
-968 -7524
2177 -3131
-3057 4954
-5371 9487
915 -4581
-1028 -7763
6477 9408
1874 9632
-4122 -3470
8233 -6848
5651 3723
1797 9172
4065 7910
-9726 7662
-3468 -8637
-1016 -9813
1219 9367
9822 -3600
9902 5977
-9116 3511
6634 6222
5593 9542
-4015 8474
-6363 -2080
-3611 5211
4177 512
3128 9759
8747 -9112
2052 -2075
-5094 -1595
-6474 -8323
8241 -3615
1613 -8642
-8237 -7830
-6516 3004
-6486 -2538
-3115 3794
-2015 -2148
2656 -6969
8725 -6663
-5702 -5686
6742 65
5110 4992
-2607 3097
-6098 6637
5329 -1366
-521 -9387
119 2619
-2580 6400
-8815 -6159
-1985 7808
7090 9602
7641 -1260
3769 4920
3832 8897
-712 -5524
959 -9310
-2258 -7229
8182 -5043
2319 -6081
7158 2906
-3782 5350
1733 -9944
6490 -6163
8387 7446
2453 -2595
1237 -5772
-8919 -3086
7168 -5356
-1842 5023
-2857 -2712
8397 -5170
-1591 -3114
2109 -380
-2189 1206
2135 -6853
7013 -1624
4156 -3444
-2098 -3342
-3586 3957
-8627 9575
-7102 935
8350 -8381
-9692 4671
-4290 -2483
-9895 -4711
-4536 5750
-1602 2843
-3962 4504
5935 -3287
419 5638
2899 2707
-7410 -8856
-2141 6273
-6779 -1883
2084 9031
9917 -2208
-5167 -5342
-7806 4873
-2319 -3400
8459 -3836
-9076 4427
-2051 -7170
7682 -618
-4875 3164
7004 482
2729 -1537
6014 3492
423 -2163
-5542 -8902
-9343 -6073
-2926 47
4485 -6123
2582 5665
269 -7428
-3939 -8741
-9041 2586
9135 -1061
4954 -3487
1877 -1713
8067 -775
-6787 -357
-7614 2308
-9088 -8758
8578 7931
1434 -7776
8838 -6794
-7849 -123
2678 -387
3827 -7884
586 1933
4371 -1893
-5770 -8503
529 -8876
9303 -1983
-8176 8665
9537 8136
-8927 9065
-7805 6653
-4959 3684
5363 4130
-8483 -2956
-3776 6769
7255 3059
988 -6138
-9132 -9400
7131 -344
-6844 -7054
8442 8495
-5833 1841
-3380 -3266
-8690 9261
4660 -1112
6271 -4108
438 -3208
1933 -4460
-4666 -1617
-7356 -3312
-1700 427
-5078 7455
-9998 -2708
9805 6872
-258 -2435
-8834 -8466
1269 -6465
872 -6481
8254 8940
7638 8909
9149 9615
-1547 1516
-3009 -3830
6004 -8808
-6914 -760
-8115 -6801
1641 -9405
-9041 8670
-4567 -3244
-2340 -2562
3540 6185
-9224 1795
8673 -2079
5426 -358
-355 -5294
-786 -5172
-8589 7103
92 -218
-5414 -1814
4129 -7691
-218 4957
8665 2964
7594 1594
-67 -4702
-2787 3941
-9273 5235
-5268 7928
-7779 -5593
8385 -4127
3213 1893
-9974 -3253
-4756 1508
9190 9295
-6216 -5534
5566 2476
-5614 2494
-6315 4305
-1384 7577
5444 -329
-5575 9846
8146 -6112
7251 -1141
4430 4854
8462 4096
-8734 -1164
6188 -1201
-9904 -4122
-2748 5948
4160 170
-4388 2724
-3798 -1023
3843 8986
2907 7830
-2436 6793
-2703 -2648
-7857 7808
6431 -4636
-349 -3481
-2356 -4656
1270 -2905
-8946 5268
9544 -231
-7179 6466
-6548 1741
7489 3497
-9443 -4430
-6563 -1137
4745 -3185
867 -5600
-6046 955
9370 1065
-6156 8448
-7067 5785
-4816 -7020
712 -7738
-6420 -3585
-1731 -9509
1049 -8634
-2884 -7634
5170 4016
-3025 263
8475 4980
1427 8225
2502 -5766
-236 -1045
4054 1802
-4597 -3789
2949 -8630
-2823 7608
-4738 -1804
9291 -1815
2625 -6136
3522 -87
2137 8388
6615 -2189
1679 9900
1233 -2170
-8819 -7371
8137 3114
4017 5265
2121 -2120
-2310 3587
511 -5438
-7783 369
6540 1241
-8428 -6431
-2697 2513
48 -9910
2203 -5040
-2315 -540
-6228 -9611
-6685 -7068
-5563 7365
4205 2044
-3349 -9499
1557 -9919
-5891 -1952
7176 -1504
-6402 -9930
-2131 -835
-9765 9034
-6138 9009
5745 -9191
-3425 8720
6766 4161
-5730 1401
6267 -7012
5200 2333
-2210 -1134
-5554 -215
-351 7848
-9730 7282
-6077 -2384
3478 9273
-2044 3442
2632 -4975
-5335 -3442
-8326 111
5653 3523
-1565 9433
-5116 5884
-8008 4744
824 -4415
-3509 -448
-4472 8415
-1292 4989
8944 6163
-8409 -5641
-7287 -8235
-7485 -2368
-4744 -3128
9162 5623
-132 -3656
-8240 -2939
-8199 2251
527 1807
1037 1118
2044 -2896
-2207 -9889
-7880 3130
5252 8073
-8991 -7838
-7525 -9011
-91 -1852
7898 -6091
-5297 -6846
-1078 -9316
7329 -5347
-9119 -5803
-5316 -864
-1931 -4217
933 -9224
8068 -9477
-293 -7591
-4172 1956
-3303 -9086
-1370 5532
4833 -6091
-857 4907
1434 8637
2013 4686
1749 592
-4330 9011
-5562 -8281
8328 8098
-396 -7491
6466 9220
8002 -6378
-2415 5044
-9798 3818
2471 8448
4091 6619
-2614 7503
-5137 -9882
5018 -8467
-2478 -5259
-255 5184
6741 -7291
-6254 5093
6996 -1219
5752 -6667
8267 9624
-6606 3650
1673 -5902
7530 -5747
9449 7189
6081 -5105
3100 8041
9766 -6968
-1730 9436
3909 -1504
9649 5413
-7458 -9831
1530 1799
5182 -4665
8566 2412
-3842 -5212
8367 -388
-421 -5085
-7097 -3625
-4447 7828
-6792 5415
7903 8467
829 -1114
7593 -7140
-4753 -6887
-9684 873
4120 -2875
5395 931
4597 7843
6789 6261
-7098 2322
-2502 3195
-5535 -3365
9953 -758
-7698 -1115
-1921 -1429
-6267 -5500
9669 -4024
-4799 5468
-5676 4007
-2871 -6875
-9116 -9979
-7870 8642
-3458 -8228
5730 3893
2546 6320
8067 -7706
-9125 9419
5829 -1043
2342 -483
-3750 6312
-9795 -7188
-7965 -3614
-6223 -3554
-2906 -1183
7559 -971
-8142 -9943
8242 -5170
333 1325
-9821 -4487
2254 3598
6413 -9632
3133 -1206
9109 9415
3889 -2341
-1688 6363
2324 -240
-4999 2814
-9004 -2617
3052 6805
3381 1730
6981 422
-4805 -4813
5077 -663
8113 -1913
-1451 -2590
5330 -3354
-6634 -6809
-3047 -2174
821 5188
5328 3117
8461 8317
9353 5922
5699 -8075
9494 9911
-4702 3965
-9325 -9896
-2644 -8129
-9133 -2107
-5173 -2920
-4379 4650
-9987 1605
2360 902
-3259 2351
-9040 6568
-1775 -6400
-4189 8897
7495 8812
9101 9010
7374 4945
-648 3043
-2601 -7375
-984 -6484
5251 2408
9503 7723
9350 -259
1296 9955
8944 -3956
-6695 -2102
7291 -9917
-8410 -5563
-7359 4432
9126 7405
144 9064
1063 -7889
-6692 5437
6386 -2006
5702 -6252
-1297 -7952
-8896 373
-5485 -8396
4233 -9632
3445 8379
1494 6702
-8169 2708
-1621 -4112
4513 -99
-159 4546
-3028 -6687
514 765
-4546 -6117
6277 -2602
-642 2799
-488 -5715
1158 9904
4392 -640
-9719 -5083
-5490 8003
-728 797
-5860 921
-395 9520
-342 626
8909 5070
-237 -2493
4338 7881
-2621 -9432
5232 -8416
809 5065
-3197 -8177
-7058 -3577
-6978 -5720
2135 1318
-9766 -9517
-9134 5641
9325 1700
-6457 -7226
5087 594
-5289 -6076
1226 7813
-6750 9971
5244 -9459
-9947 -5021
-8453 3734
9055 8884
-6969 3877
4469 6750
-6675 -1866
-5748 2366
-4554 4112
-8665 -7890
2388 8877
-6361 6762
-629 6761
-9941 5783
9205 -722
-340 -271
8754 -275
766 -8042
8405 3438
-2738 5277
-5823 -8172
3855 -9680
-8858 -8693
3247 -7860
-9938 9555
-7813 366
-1939 -2887
-1875 -1414
8560 9269
-4198 2338
807 -472
-6920 2676
-2331 -4852
8766 9481
-956 4998
806 5946
-7608 7381
-7541 -7998
1168 5300
6779 9528
-8481 1228
5791 4511
-7837 -5571
6706 1767
-6459 -4608
2719 6026
270 6362
-7455 -9913
-1446 -9532
-8291 9508
6886 5795
2294 916
-4303 8858
9032 -280
1804 723
5886 -8023
5530 -37
9430 7859
5850 -9202
5262 -5610
-139 -922
4289 9230
-1557 8493
3391 3112
-8217 514
3595 -5325
-7886 -1299
6949 1729
-8398 5685
5104 -2603
5629 3073
-474 4401
-8026 -6456
4696 3341
711 -1095
5909 3690
-1367 1421
-4746 -4706
-9801 1685
5528 -225
-6608 -7331
3226 -5322
-8316 4332
-3275 6999
-8333 -7108
808 -3310
-3837 8222
-6929 3116
36 412
-8939 -7500
-765 -3906
7553 9581
5743 -3050
-3174 9543
1521 6862
1782 8019
-168 7849
5348 7123
-6584 -7465
-4115 -3810
6243 -7182
7470 5587
3368 -4832
4152 -6115
3353 3142
-4263 -6682
7320 292
-357 9775
8020 -8858
-1702 2021
5049 -4965
4603 -7169
9766 8774
5053 6699
7164 8765
5982 5019
-4755 -4175
-5087 -4136
-3782 1394
-5840 7473
6912 9497
-8601 -2091
-3168 -1254
3380 9132
-5163 -2352
861 -9397
-740 -6173
-1923 -834
6941 9383
-8294 5013
9575 -5239
-5087 194
-4142 6525
4476 5343
-1816 2455
195 -4129
6711 3730
1816 5244
-9884 2697
7597 766
-8979 -7944
3072 -1037
-2517 -6002
4624 -5227
17 -9650
9489 9963
7196 -1630
-2301 -9903
-5138 -6783
-1566 -4804
7105 -2704
3144 2066
-4356 -6941
3441 4249
-6205 -9606
-7612 -9038
-3962 -3260
968 8641
4156 4616
5030 -6114
5102 8743
-125 6435
9828 8018
-7205 9989
2966 2599
6565 -1021
552 7101
5068 9262
-6686 1347
1390 4561
1482 919
-8610 2554
-7229 -6028
6011 9717
-8315 -5870
-5773 -4856
1601 8575
-1572 -8173
-9870 -5117
-6856 292
4129 1043
-4917 2837
1319 1720
8876 -6601
1311 -4024
-3672 -4605
1342 4400
-530 7380
-4079 -3170
-2846 -5868
6869 -8074
-2609 202
1430 -2666
4429 -1838
-4565 2851
7128 7441
-5235 -9095
-228 -1788
-77 4741
-3081 4581
7885 6092
-5064 8120
-7934 -2472
7572 3002
-81 -8605
8267 701
-9 5413
9234 -1322
-7049 6998
858 8697
-5771 -7534
-4322 -560
-3391 6741
-2404 -4536
4146 -9579
8998 510
5946 9610
7297 -5268
2198 4982
7826 -1480
2013 2472
-565 4166
9313 -9246
9921 4081
9777 -645
-2464 7717
5036 7419
3575 -9382
-7585 -115
-2961 -3574
9378 5139
-443 -9383
-8042 -8219
-4412 4031
8632 -8958
-7828 -2893
4613 5941
2515 4202
9126 -8304
-8656 6890
-9391 -2531
-6457 -4728
-5894 6477
-3598 -6536
1295 3761
209 2750
1363 -5883
4985 -5284
-3874 -9711
-1343 -6346
-4902 7350
-555 -3895
8751 6575
5161 -3135
-5899 -8372
-7059 -580
-8485 -1509
-7429 7720
-728 2451
-877 -3895
7252 327
4217 3808
-4574 -823
-2041 -392
-8707 3786
-2562 3645
1455 -4524
9052 623
-5287 -7990
2282 2416
-1968 8667
1580 -6401
7064 -4516
-7791 2759
-2295 9135
4045 -7931
-8350 487
-3000 2551
4067 877
1260 -880
2008 1881
-5168 -4732
348 -6426
-5583 8728
-4050 7525
6710 8998
-7416 3121
4459 7279
-812 576
-1894 8963
-4359 -1413
-4183 -648
-4721 9241
-4330 -8944
-6268 9058
5095 9998
-3409 6979
2174 6078
9490 -7720
6980 6324
-532 -2764
4121 8497
-6913 4335
-4626 -7265
4361 -4176
-8411 3196
-5118 -5523
2070 7828
-9563 -7613
-8571 -4238
7050 4367
4333 -455
-1272 -4333
-2667 -8136
-7014 7208
-8042 -8966
-5829 -1272
-9012 4188
839 -7705
4881 -2178
8183 4022
-9564 -7462
-1701 8908
5244 -6769
-4163 -7364
29 -7792
-7542 -2298
-2435 -3062
-7566 -3694
2626 7844
-4570 8570
-9961 -1631
479 808
-794 7570
-7057 -2126
-156 2042
-8753 -1310
-2245 -3626
6074 -5950
3938 9537
7678 -5398
-6054 -6665
-9055 -5746
9101 -7079
-7081 5441
-8825 -8369
-4640 3473
-5881 4197
-8161 -6412
7303 5365
9640 8345
3732 -8321
-8772 5149
8657 1091
3294 9792
8154 -8448
-536 630
7 9818
-6984 4977
-6131 1639
-3060 9160
295 2319
-95 -9938
-9078 9061
-1481 1495
-696 2018
7967 -6728
4184 -1559
-7355 3829
-979 3241
3604 -6986
1566 3143
6598 9053
-8657 7392
5172 293
-7151 -523
-9382 4291
-6790 8885
7149 2487
-9203 201
-1290 -8117
-50 5930
9920 272
-8966 -4169
5881 3200
8005 595
4576 8059
-7588 3550
-9602 -3406
2345 1087
-4129 3218
-5670 -5665
-4110 -8207
-2757 -6404
-3601 -5624
-8600 -9862
-107 -5377
-7891 -4265
-3158 -6937
5605 -3115
9323 -5861
7707 2705
-3080 -6203
-3334 1387
-9747 -6690
5879 -9260
-5490 2391
3620 1796
9126 -3997
720 4059
-5738 389
-602 -3316
-7018 9200
-4669 -1641
1216 846
-8064 7116
8414 599
4949 -2376
3749 5563
3309 2654
8994 -1643
84 -109
1219 -8866
294 -9165
-1292 -511
-5257 5652
6125 8515
8713 -2509
3076 -3252
-8750 -5702
3211 5757
3723 8252
2209 -5112
4818 4655
1359 5797
-2230 9532
-1729 -633
5013 9881
-7914 8679
3308 -3705
8241 5462
4682 351
5642 -136
-985 -4663
-7182 1784
3348 -2465
6649 4037
-8988 7728
-7565 1447
-4370 -5288
-8922 6017
3302 -8609
-7576 -388
-8651 4479
-8498 3282
-5827 -1669
-6819 -8753
1281 9101
-4415 -6099
4300 5194
5155 506
1880 -7840
6165 666
-6758 -5489
-7828 9219
-5885 -3513
-1752 -746
-1777 -3746
-2058 -3328
8004 9611
4123 -3148
9190 -6871
-1678 1680
2893 -485
-947 -1408
5193 9341
-8439 9671
-1675 -9913
-2721 9991
8854 -5723
-1445 -2524
5957 -6454
-3141 -2519
-9848 7796
-4139 -5734
-2137 -5561
-7937 227
-4742 -1827
-8585 -8721
5739 458
9770 -6150
-4730 6547
-5758 9235
4900 -5449
2770 9143
1153 -8639
5666 -7610
1019 3396
156 7840
112 8773
3868 -7720
-3810 -9999
-1590 8886
7928 -6642
-8475 1248
-8384 7763
-3844 -6736
-1248 4678
6908 9110
-9162 -3215
-2006 -3875
-4354 3749
7843 -3438
-2538 5708
-8242 -7183
-3758 -9819
881 4417
-1880 2755
-464 7176
-5812 542
-7124 166
3351 7978
6617 -482
2295 -2700
1199 9003
-2615 -4251
4507 6143
-1669 2347
-2420 5061
130 -6538
-6054 8197
4001 -3915
7351 -8758
-1946 6295
-9475 -2172
9456 -9712
-2301 8669
-7868 -3673
2591 -1422
9909 -9286
1686 2776
-1204 -2186
-2553 6859
-1567 5143
4774 -7467
9131 -8687
6894 -2467
6275 -1109
-3135 7730
1837 7252
-49 7953
-2458 9337
2564 -4380
-3621 -4075
-6175 -9363
-4993 -7220
-9246 7422
-6035 -8978
-2237 1235
-7973 7813
-4287 4131
-5676 -6755
1052 -1546
-9673 5565
6217 3930
-1225 -9551
2904 -3090
-3105 -9705
900 3618
5373 -7097
9540 3230
-7460 2877
7935 2010
-105 3084
3417 8862
2721 -5369
-8336 -2555
5137 117
3270 -3418
-6274 1373
-909 2998
9073 2010
6114 6267
-3405 -5132
5801 5901
1664 2899
-9765 -2191
8355 9126
4699 6935
7950 9454
-8506 -7333
-106 -7538
-3767 3525
9004 -2080
9307 -9778
-2666 4720
7999 8550
-695 9600
4981 -9247
-5628 6062
-3799 1145
-8193 5584
-5491 4796
3226 1326
2403 -4236
-1651 -7602
1708 -5404
-7250 -8645
-3228 1115
4491 4030
1821 4642
-2377 -69
7090 -1098
-6964 406
-1127 -26
9466 6870
7022 -320
9291 -477
7575 3248
-1865 6087
7822 -7754
-4714 9589
348 4464
4091 4718
7759 -7282
506 -493
-7824 -7350
6168 4931
1089 -7018
-6618 7523
4801 718
-7169 9818
9605 -6293
-1741 -2221
3340 5767
4079 -6798
-9075 -6777
-7201 7922
-9889 3921
6116 5771
-7495 6142
-6112 5931
2093 9557
5107 4558
-7723 -7565
-7875 -3121
-5418 8789
-6877 -5998
746 -631
7978 -6600
-7753 -1136
-6548 -3853
3671 -9327
7349 -7656
-5460 -6597
3317 -8339
1767 -4776
6974 -2845
-3014 -2468
-8857 6654
4633 2264
-2923 -3475
4258 -2964
9527 9358
-9472 -4474
1254 -8606
-451 -1318
-8421 5722
-373 -8127
-1827 -3712
9343 9780
-907 1659
-3611 -2590
8304 -3330
-1721 9183
-2101 -2763
-5928 2536
-6196 -6887
-194 4348
-4343 4577
2506 -1455
6276 5981
-4431 2758
-8606 -3893
1383 6002
-4588 -725
-4023 522
-2908 6946
-921 -5548
-3075 -92
-229 4764
5309 397
711 -982
561 -3898
8100 -7763
6251 -4264
-6890 -5551
1951 634
-6808 -31
-4899 -4705
-7816 5194
-1253 2573
4546 -2164
1290 7765
9781 -2997
-638 -576
5948 -3605
-3023 -892
-9253 -8412
-2303 -3229
-1682 457
5074 -7606
-2700 694
-1592 -5402
5604 -106
1617 -8789
6700 -2777
26 6723
1895 -9678
2153 -590
9360 -2345
-9243 -4159
4225 -2486
-183 4952
-8293 -1273
1629 4816
298 -4679
-9052 -6288
-511 2821
7613 781
3100 -3428
863 9842
-3954 6886
2779 -5144
793 -8580
7784 4339
7168 6153
-6414 -9606
5624 3648
-1044 -202
-111 2139
-6518 -4084
8764 9738
6592 8919
9133 -6727
3439 8547
-1387 -2987
-5021 -9011
-3073 7627
-7273 -5416
-2582 -7891
1170 2806
-1886 2678
-7490 -4265
5317 6864
7223 3030
-1423 -1515
-4344 -6897
4098 -8323
2540 -1594
3933 -4445
-3355 -6340
8230 -485
-7212 2313
9351 1264
2971 -1584
-7034 5918
1256 -5256
6733 456
9941 -8796
-7092 -6805
6610 -5220
1910 2751
-132 4102
-6881 5413
8479 7384
-3953 9004
7582 3118
2778 8552
2294 -1196
2688 -7007
-9017 -5237
-1813 -7126
2426 -8123
6500 -268
4947 6418
6499 -4047
-1351 1693
-996 -1246
8574 6459
-5676 2622
4942 5235
8004 -7337
5237 -9639
-6502 564
2717 4006
7037 -1046
-4547 3815
3196 3683
-5753 -7957
-8463 -2329
-6568 -1295
4538 -7337
7889 7238
-4448 -7059
-1042 -2594
-4796 664
9332 -3285
-2479 -8394
-3572 -1742
-6578 -5628
-3810 5486
-71 5069
-1508 -1363
-3326 2550
2967 -8462
-2751 8151
-5817 -5796
-3965 4485
-217 -8821
6989 -3216
2577 8425
3079 740
5195 -1688
-1360 1494
-4885 9224
-227 -4640
-6794 -9758
2957 1406
-7625 919
-7223 -9491
4888 5154
8812 -6461
2098 -7432
-7364 -6606
-1351 4515
-9751 8886
9600 7556
-3414 -2069
-8301 6615
5153 4005
-280 -5670
-2774 2436
1855 -3325
6520 -1527
5577 -7716
-7011 4381
-672 1948
-2395 3025
-8676 -6154
5259 -8566
4028 4407
-9245 1478
-9378 -3563
-8796 2885
-7413 779
555 1889
-6983 -914
9584 4061
-4444 -275
29 -1869
-4064 -2937
-3894 1042
-557 715
-2872 8747
9946 2331
9925 -4427
-724 675
-3901 5120
-7346 6343
4067 1113
8635 7397
-9081 7311
3496 -5145
-5424 -5302
-4370 6969
5495 -272
3996 -7036
9620 1429
6635 -8712
-9210 -3793
-4787 839
181 3191
-5615 8322
81 5320
-4254 8994
8729 -8924
3768 -5883
-8199 -9012
6183 2958
5805 5130
4108 9217
-6999 5017
3187 463
397 1224
-7146 9424
-995 1674
-7244 268
-9926 1065
6881 -7245
2861 -9041
495 4419
-3616 4599
-6432 -2908
1199 2179
3045 -3103
9696 2307
-1657 6220
-1854 -1761
7605 -8422
1486 3527
9066 918
1068 -4949
5959 -5666
5458 4586
-2217 2044
1587 -3639
8511 -2965
-8903 5752
-6799 404
-7430 -6053
7624 6728
-2540 3530
6305 6664
3833 3213
7289 5096
-1884 -1038
-9507 35
5906 5076
8248 -6887
2521 -1852
-3727 1541
8136 1599
-3274 -6780
-6293 -6712
3460 -5656
-1101 1003
9127 7595
3933 8082
-5629 -5199
-451 9426
-6413 832
4685 8958
-6876 -6154
-2683 -2861
-4135 2717
7926 -9091
-964 1340
-4648 -5872
8915 -7732
3415 3519
646 -934
2362 -7972
-9141 -9077
-5105 9172
1556 -8198
-4403 8819
9314 2794
-8071 2360
6699 -6681
-7371 -4110
5486 4485
-5293 -8314
-6695 -2489
-1892 9040
-881 -8500
1383 5740
1328 5048
6382 -4764
2283 6419
42 3082
3580 9723
5745 -6591
6314 -9674
-5524 1755
-8037 8645
-8491 -1067
-2830 -2228
4286 4647
1485 2009
-148 2648
-8027 1931
-1086 -7087
-449 3673
-8846 -4374
-4327 -9612
8426 4740
-3620 -25
-8630 208
-6327 -6189
-6669 911
-97 291
5630 -3808
1112 -319
-8983 9188
2735 -6515
210 9591
7792 -6611
758 -3918
-6261 1515
3577 2383
-7788 3690
9001 -9254
1362 -6441
-6494 -1418
1155 -3688
-3628 -2120
8669 -7479
-9835 -8496
-1662 -1296
-6008 -1891
6075 5015
6625 633
3530 1048
-6571 -948
1257 8079
-4361 -368
-6744 2364
3073 5799
365 6387
4151 3359
-2558 -5002
7408 -1827
-6997 3388
-7811 1921
-9622 3773
-5667 -9581
947 3839
4261 754
6964 -8786
7294 -4089
-6989 -5619
1372 -2631
-131 -9724
9707 -5322
-8188 4905
-5101 9682
-9050 6182
-5501 615
-1927 6161
3391 -2706
-2871 4783
7945 1750
-207 6373
2905 -4329
-3617 -6067
-739 7457
-4874 7795
-2437 3831
-120 -1222
9774 2799
-8517 5468
6717 4689
574 -6823
-8398 -3309
4642 -2408
-2736 -7563
3967 7697
1767 -6400
-1124 -5492
4772 -9945
-3943 -1967
-2655 2407
4319 -929
-2794 1813
-2410 -7120
2217 3228
-179 -1859
3609 4303
-6112 9410
668 -4392
-7160 5206
7924 9238
-1800 -215
-7614 2005
-7366 3987
5831 4358
6448 304
-7998 -5158
-8978 2904
47 7026
-2792 -6874
-7108 -5510
5106 -4296
-2546 2533
4397 -8216
-9579 6039
3158 -2584
-96 2073
4173 7529
-1501 3005
1299 6563
-3640 2335
9097 -2425
-139 2148
-1143 1093
-4910 -9531
2938 5985
5725 -1187
-3092 3247
-2659 2424
-3193 -8318
860 7959
6370 -249
3306 -9861
-4880 -1644
-1054 -3298
6178 5933
-2007 6086
3033 4717
-5727 3154
923 -9069
-6628 -9943
-6727 -2989
-4059 -183
-4936 -8337
2223 1883
7117 -4933
-4895 -7464
-5609 -1580
5882 1116
-5792 -8484
5807 2666
2897 6132
8709 -8629
5021 5452
-6966 -7704
-9226 8074
-8056 -8558
6338 -2297
1661 -9978
-9969 -1741
7955 -5950
-6088 -1363
-7250 2821
-5111 3969
-4857 8645
9822 2539
-3485 -4172
-8488 -1256
-8609 -6350
-2620 6820
-7854 5545
-5180 8946
355 9433
5667 -8518
9997 254
9576 1599
7296 -8422
2446 -3103
-1311 -5493
-8751 2554
-2071 6760
-6442 8782
-5856 -5574
-2571 9487
5852 -3779
5441 -4200
-1689 -1905
-1884 1262
-5718 -2099
4575 -2536
2687 -8005
-1622 -4614
-4321 -7854
-572 7812
6281 7391
-9023 -2661
-8289 9632
-1247 -4835
8124 632
-4061 -7439
-9541 -3755
-1359 -599
2791 -8693
-2925 -2103
-6097 -2365
-8834 1512
-1844 8744
9842 9057
8039 -5209
-4743 4222
227 2629
6702 2354
-483 6196
-3328 -8961
-3932 4241
6498 -761
-5284 -8304
5454 1490
3548 7934
-2175 236
-1406 9522
9292 -3017
8173 5567
-2566 -8326
-637 -1746
-3102 -4102
-5585 -7192
4632 -5133
5613 -375
-7030 -2141
323 -5019
2109 -1264
4704 3438
2083 4576
-5752 6814
-7531 -4977
-4689 5804
6212 -2637
6791 -6339
9980 -1766
-981 7244
-5083 3628
-9161 -1116
3087 1715
-9105 1976
-8132 5743
-5592 2642
-5955 9434
516 1428
-3928 1018
-1482 -9330
6613 -6794
-5753 -7114
-2239 9264
-1689 -5130
162 75
5085 -5617
3372 -3042
5962 5124
1057 -719
5789 -6963
205 4356
-6832 5784
-2710 8501
-4798 6374
-3476 -2996
-3564 6517
6518 5678
-917 1073
9368 -9619
1690 3979
2988 4380
4817 -6093
-5746 6423
1558 -4236
6948 -2733
-7052 -8703
-8574 -8264
-6939 -4425
2385 9799
-9988 -7674
-6113 -7652
-862 -6346
-8296 -9638
6555 -6253
7287 1377
5172 -486
286 -7906
-967 9235
7155 4712
8519 -515
-8064 -6935
3746 -9031
7551 -4723
-7357 9023
745 -6446
-448 9162
1832 -3716
6277 -1093
-2622 5252
7647 -5070
-9116 1011
-6272 -3347
-6277 6062
9722 -4400
7022 4056
-364 -3390
-6348 -2732
-2219 -7762
-5402 658
-2201 2418
-1945 3117
-6710 6142
-7461 -4870
-1858 -311
3078 6234
4477 8779
2961 4782
-1693 -6531
-658 -1266
-7383 -7173
7363 5339
-2435 3652
-6248 7427
6803 7195
53 -477
-906 8010
4277 -777
-6234 2092
-2418 1868
6657 4836
-8603 -8500
-9745 -8291
-7329 -2536
3660 -7628
3732 4235
5445 -7689
-4008 -4
8257 -9362
-41 7507
6608 7521
-6413 -1274
447 7654
3205 7913
-7422 9117
-6207 2742
-6442 1102
-5328 512
-5343 4662
-1499 -5104
4546 -1293
-8484 501
-4338 8016
-2369 1917
3035 -8241
4800 7367
-2556 3401
2202 -2587
-5607 -5099
9852 5490
-7790 5587
322 -4500
-4248 -6315
7163 -6348
2542 -6435
-665 -5465
-3879 -2229
-7307 5113
-3137 1537
783 -4837
-1374 4877
-7887 155
-1614 -8265
-4558 4782
-485 -4852
-8667 6988
4001 -6879
1592 -1251
5755 -1717
9653 7821
2901 -3340
-669 2153
4953 7272
-3123 2238
-391 4569
-6487 6912
2171 3335
-6677 -869
5729 7005
4790 -2431
1116 -1115
616 2870
-9169 -7223
9795 7554
-727 3118
-7239 -4895
-249 -7426
-5377 7792
823 9462
3819 8208
3030 -6351
1291 -4422
7119 -1015
5190 8524
-6632 8422
3534 -3090
-9347 5850
-2719 396
7987 117
4206 -105
-6298 5768
1721 -55
6436 6726
-877 6514
4081 -904
-1151 9183
-9260 9733
8197 447
-641 -2115
402 1253
-7154 2939
-2644 -5282
2102 -9800
-2686 7432
8046 -1962
-1969 5186
1289 -5362
6132 2858
-9352 1001
-7668 8061
4857 3710
-2981 -6190
-2366 6743
-5215 6439
7837 -3071
-5927 7123
332 2301
-3878 9469
8824 5625
-8805 3408
-2490 1802
6469 -1588
9255 -4102
-3082 3061
9883 -3266
6409 3267
1539 573
-4060 4332
-6635 4385
-6864 1948
-4018 -1466
2007 6498
1645 1386
-345 -5178
-8521 4984
-2984 6756
4711 1393
-699 3138
2063 -2523
-4354 6650
-134 -4932
-3096 -1662
6808 2553
-8090 -9415
-5337 -4919
-1748 -8482
2425 -5350
-173 7959
9091 2692
8885 -1261
-4038 -8247
8551 -2182
7978 -6721
7797 7668
3151 2607
6831 -4901
-8290 6043
-8029 8022
5657 1394
-1468 -5347
5136 -8559
3425 4902
-9182 7356
-8790 -426
-7526 -5056
-5877 -6230
-5119 594
5548 -6293
-9983 105
-4542 4251
-1871 7319
-8035 -829
-4887 8209
-6292 -1200
9271 9438
1148 -6512
7544 -6449
-3235 932
6248 -5282
-8141 1386
6069 3996
-2042 -5785
-4618 -4537
7394 -2228
-5983 -901
3795 -6054
6914 -2345
-2011 5018
-2084 -7048
-9491 4280
-3912 -7436
-6792 -1558
-9082 -3046
-7928 8314
-9650 -3756
-4324 606
-1152 -1680
-2766 -8994
-5433 9573
7706 8064
6452 -8360
1507 -3006
6949 -7100
-9574 3048
-4538 -8278
-7028 -2567
-4478 6416
-3842 -5977
4807 7431
9448 4814
-5873 6596
-295 7984
9757 -3891
4626 4420
6979 -2973
2384 -4730
5680 3783
6921 7707
8839 3121
-5347 -5225
-586 -7975
-3239 -1984
-8402 -3979
-2718 -9640
913 3553
-1671 -7425
1181 6381
9589 -2017
-881 5426
-4584 1079
-2303 -917
-2070 4122
-3170 -8552
5248 -435
-7392 7382
4565 -870
-6513 1023
-6597 1008
7161 6944
-4796 -969
2806 7958
4976 319
-1641 6854
-2538 -7056
-5964 -2947
-7510 4794
5371 -4467
-1305 8278
3061 5041
9128 9010
5780 4860
-3643 9509
-9927 -7908
-9749 -6543
1045 -7562
4561 -4018
-3722 3944
-9561 -1475
7569 730
-9626 -5379
1145 865
-1672 -6196
5339 9591
-5887 8615
3597 -5664
6155 -7887
-7548 2574
6848 -8511
4392 7149
-7062 8090
4995 -4498
-3742 2145
-6982 1077
-6275 3544
9697 4116
-4014 -9073
3757 4597
2689 4728
-4980 -7526
-1859 3899
8122 -7992
-1594 -3175
5017 5097
3942 -8469
-8998 6284
9735 -2710
-822 9825
6993 -8420
3626 -4299
3008 4141
6374 996
-5747 -4541
651 -8714
-8970 5746
6022 8447
-5446 2000
6418 4243
-6405 -3094
-5120 -5088
9140 8515
-4952 4245
-9933 7644
-1141 9784
448 -5120
6028 1871
3747 3959
-5689 3179
276 -9374
-1652 -5562
3296 -6758
8280 6798
5136 -1330
2895 597
2597 624
7073 8575
4346 8005
-9966 1144
2126 156
-9722 -3182
-353 3743
4117 -1483
3898 2805
5017 -2293
767 -5218
8559 -7351
-7164 -7141
-5077 -185
5287 -8956
-4540 -1953
-7364 -7308
1134 207
-2401 -8622
-7262 -3594
-5971 -6190
2469 -6566
4520 -5906
-9646 -2261
5329 -1746
9710 -8625
7278 3700
5869 1435
2869 -1936
-4766 2515
-2143 4370
-2033 -2572
1566 5993
-2373 6796
3666 -6261
9858 -3460
5354 1486
7306 7029
-6030 3042
-6159 2966
2802 3515
-2589 -3987
-453 -8289
-3103 -3543
-8217 4459
5626 -7666
2149 4913
5679 -1457
2243 2347
5140 -9036
1135 -4836
6504 -9137
-2942 -9345
-6040 3041
6739 -1301
-9671 9083
9669 -7572
-8237 7140
627 -6245
-9056 -8794
-7593 5515
4745 1211
-8210 -6223
3508 6833
7562 4937
-4164 -6583
1110 -2802
-6898 -1315
3235 8811
-9840 5770
-7028 7095
-4183 -7714
8867 5213
2841 9047
-2208 1568
1753 5301
7027 -7340
1452 9163
5608 -1317
-1890 9375
-5828 -3935
-8 -8549
-622 3062
-8356 573
8530 5749
-9821 3216
2622 -3352
-3584 191
2486 -8115
8196 4257
5900 -1889
2412 8966
3679 -230
-76 6281
-5065 6059
4428 -1076
-5423 6862
5389 -2204
-4811 -6773
-8692 6393
-4376 -2543
5561 -6475
1874 -224
7701 -4734
-6754 -8460
4185 -4254
-1949 9344
6895 3898
836 3838
-5399 8228
-7702 -6032
6900 -7458
-2701 -3252
6773 9248
2605 2392
359 -6609
9450 -4516
-4407 4740
3474 4152
-4531 -7645
2011 7040
-5110 -8899
-1970 -4015
7494 9692
9521 -255
-9821 -2354
-6940 7915
-4778 -5575
-2044 -2249
-8064 -4255
-4653 -6218
9947 2145
1664 6488
9501 -1651
-984 5387
5208 -8101
1649 4533
-3955 5733
9955 644
200 6426
-846 5554
-3875 -5038
1043 3912
2770 -2146
1394 -317
337 -6805
-5296 -2954
9766 -5816
4930 8542
-8983 -1349
-1236 -3743
1680 -1488
-3119 1171
6023 7708
7901 6275
3974 1779
-8600 3195
328 9795
-9579 -1359
6463 2690
1441 3825
6592 2298
-41 -8469
6480 -2296
-8324 9898
5129 -7106
-9273 -125
-9546 9264
-6220 -9090
5707 -5950
-3570 3617
-1872 5827
8943 -1433
2797 -5809
8303 6758
3464 -9517
520 9880
-2704 -4926
-8106 5526
-129 -1783
-3019 -7624
2994 5138
-5702 -5733
9443 6377
-8393 -3681
-7100 9608
-8630 9222
4863 -1940
-9021 6739
-8399 5628
-9013 -5109
7348 -2670
2094 7948
-4891 -142
-7154 5765
-1170 1453
1711 -9716
5598 4279
3733 -2692
5918 7425
9052 7077
7566 9079
6407 508
-2444 5699
1737 6570
6835 77
-3934 -8845
-4 -5135
-2584 -114
2401 9370
2780 8962
-3738 -2887
2515 -1491
-4712 4056
3202 -1508
8518 6314
-7277 4632
2905 -9209
8111 -9115
-2605 -2218
-7080 -8316
-9648 9521
-8588 3019
-4344 6332
1877 5800
-7623 8534
3729 -9655
-9545 -3767
-4710 -3517
-3378 8009
-3394 -2753
-3295 2505
-7661 1087
-5260 -4081
1754 -1286
-8515 -9308
6856 8826
-2130 -9429
-989 -6240
-884 2712
6060 7606
-6752 -6068
-7436 5349
-4410 6818
-722 466
4424 3484
-567 8658
9253 -5788
-4665 6280
4414 -5027
7941 4068
7013 -6488
-6792 4914
6888 -5968
5437 514
-7032 -9943
-4433 -3439
-979 31
-9891 -7553
-475 2563
5347 -8203
-6092 1948
-7400 -1289
-6425 2351
1776 767
-7102 9015
-4355 -8371
3321 3067
-7979 -2382
-7795 -1543
3094 6535
-5217 121
7281 -354
9246 -1697
7580 3627
391 -5645
-4792 1737
-8589 -6245
-42 7543
8239 2323
946 -1079
7806 -5930
3132 3729
-2778 -6382
2246 -305
7712 1513
1298 -1269
581 4227
2185 9460
2902 5320
-2437 -12
-4822 -1550
-4118 -6672
649 -2754
4971 7257
8517 6540
8341 -141
8716 765
-6846 1222
-60 8826
-9764 -2196
-91 -8671
-2523 2227
-939 -6041
-4520 5125
5038 2046
4516 896
-3834 8280
-1091 -6005
2892 -8506
9160 -8110
7163 -9990
-9023 8639
-4001 7180
2064 6145
-8357 760
3639 3376
-8781 -876
2200 -7553
-175 8353
8149 -602
-3402 -8363
-9199 -7387
-7003 -9493
2960 3762
-5438 -7768
1295 6415
5039 -1843
-2841 -5941
-9863 -1779
8094 348
-7459 7488
-8296 7097
-5743 5924
4234 -1059
-8472 -3857
-6172 -1284
-3891 -4400
1031 1384
-9637 5651
-9626 3791
-6610 6625
6984 6090
-6234 426
5620 -8704
3884 -7502
2030 1200
8560 8879
-553 -7859
-6233 7729
-4388 -9896
-6594 5702
1300 -4212
1528 2481
-4063 1381
4046 7391
9572 -9596
-6417 6379
8786 -3554
2970 -8109
-2920 9374
8552 -932
-686 -9206
-2376 -7862
-362 -8791
-7947 1162
6583 -209
-5568 2600
9718 -8447
4400 -4918
-5762 -8155
7487 7129
3836 -8282
876 -5797
-2307 -7662
-3853 -4939
7586 -378
9982 8977
-7792 825
-9245 2644
8003 -913
-1073 9408
-8205 -1907
-3370 586
-5835 -1379
1812 -609
-1129 7015
-5161 6309
9842 -8841
-3292 5994
-1034 -3909
1699 -878
1323 -6451
-4435 5071
-1634 -3142
9689 -5114
7663 -4594
3408 7546
-6743 4132
-1909 8719
-2481 -6714
-3178 -5058
-2263 8458
-8786 -2389
-3630 -6722
3373 6161
6820 -8120
-88 4487
9391 2082
4920 3654
3757 8821
6529 6020
-8324 8445
-6090 -3850
-8984 5981
6904 -5897
-6336 4629
-830 5292
6353 69
-8577 -5258
-3942 -1989
393 -5129
-389 8837
-5533 1802
3835 -4358
2214 -8448
-371 4494
-1373 4817
-877 -583
-3852 9467
6685 -9999
5211 5587
-4037 -6047
5854 7431
948 2896
7711 9337
2833 3911
-8314 -8544
1580 6891
2321 -8607
260 4513
-9781 -4938
-7735 -8829
6798 326
6644 -5216
8373 8486
9590 2910
8826 -5190
-6100 -8642
637 -6291
7914 3841
-2045 -4179
6175 -6216
5160 -9540
-5041 -1297
1903 -263
-2000 -891
7838 -3396
-7158 -8597
-9945 -1546
6966 -6805
2804 -8088
-9917 -6336
2061 5965
-9873 3483
6455 5918
9802 3526
4967 6063
-7068 8846
4258 -7148
-7324 -9289
-6474 6655
7360 9210
2136 4992
-139 9906
9069 9622
7162 4835
1329 9359
-6944 -6913
-7252 4859
4998 -9865
8283 6369
-8906 -4054
-112 -2657
-4279 -4722
-4390 1755
859 6756
706 6468
-7265 -8183
1073 -2147
9314 -2548
-894 9856
8413 6969
-9297 -8839
4527 319
-385 -5222
-9500 -2951
6199 -6837
-1648 -4806
-3230 -2800
1279 -4590
-7813 -2
1129 -5097
-1208 -7177
8549 -9208
326 -7779
263 -2655
5345 -1078
8517 4909
-1667 -1037
-6952 9590
-2999 -2981
-3459 2437
-873 1739
3328 -1925
7378 -3028
-6427 -7143
-9358 7405
6637 6846
8388 -1552
-9302 2955
-6115 -5014
-4655 -910
-1281 889
9554 -8450
5064 -4400
-2021 3938
5003 7308
3913 -7306
-5594 7893
1025 -8202
8238 366
5174 -5972
4584 8750
-7556 -7339
-4038 2209
4615 -6724
8291 -7172
-1447 -1201
2442 -2274
-8919 4193
-9122 -599
9810 5569
-3151 733
-5058 5053
-1239 6854
3774 3854
8438 7656
1212 9408
9408 -5896
6969 5161
8006 6437
459 4229
-505 876
2720 -8432
639 -8791
1548 -4722
-5186 1644
3614 737
-2458 183
-4496 2704
4405 5090
-5504 -8895
1989 -998
1901 1654
3352 -516
-9125 1541
-2953 -7869
9063 6809
6873 -4672
-1845 6435
-3895 1448
-9720 -5195
-8 9111
-8460 8983
7790 -1059
6766 6649
-3146 5113
5776 2530
-8094 2644
-8364 -249
-6596 9870
3517 5034
-581 -7548
-3924 -1294
3034 7311
-9303 -9836
-6093 -6970
-7679 -4267
4288 -7560
-345 -1429
-8597 3484
7548 7961
8758 -6971
7447 -2029
5740 8181
-8900 8797
-9026 -8012
910 5469
8142 -2542
4823 9382
4862 397
-3960 -5482
-2867 -6186
-260 -6395
8754 3170
-7248 9616
-1037 5448
6462 5710
3887 -3291
5126 1917
1139 3113
1239 -707
4785 2456
2119 8424
707 -107
-8258 1206
-5557 -1042
2785 2773
-293 2303
-190 3251
-1720 -2566
-3465 -8656
-7448 -5136
-1331 -8813
6260 5458
4989 4026
2035 -5355
686 -9904
7966 5529
-9283 5016
5019 2368
-4545 8843
2011 4858
1759 -5927
-2910 5219
-8214 -4921
6677 7709
8014 -984
5228 -5459
-4331 -6025
-5993 -4217
-1146 -1654
731 -1078
-4266 2657
-5255 6852
6337 6976
-8256 3638
-7644 8395
8742 1781
-4601 4911
-2824 -67
-5480 8505
6589 -9270
9980 -6777
-2835 6915
-3925 -2841
-5990 -1337
-9510 109
1563 2586
-3166 -3738
-4077 3700
-6893 9254
-9679 -8226
-8292 2233
-732 -5000
4881 2577
5359 -6250
-2805 -4773
5164 -5384
-1349 -3341
9421 5451
-329 -8009
9024 -3276
-5046 9411
816 -9015
7818 713
-836 3607
6325 -1642
9039 8974
-8727 9202
9229 1934
-886 8550
-6760 -8352
-7824 -7206
1190 -2639
9648 1179
7553 -702
2060 -457
723 -7297
1593 -1899
7868 9895
9670 -8711
-1480 -3863
720 5739
-4467 1472
8315 485
9778 -9434
874 3830
7797 -457
1079 5431
4142 9606
1219 8454
2490 6347
-4581 -6839
4035 4146
-3495 -4966
-2851 -4622
9894 308
6701 -9093
-4354 6220
-2979 9236
-6523 2627
2735 -2203
2663 -6758
4010 -7840
-4286 5596
3792 -201
-7938 6227
-1584 492
-3692 4591
6341 -5109
-8375 -8924
-9732 9028
-8899 -1714
-6716 7551
-4614 -28
-5381 1446
7776 -431
7595 -6253
-6248 -8186
-5553 4201
-5203 4285
-1425 7827
-9244 -9309
-4140 -6761
-4089 3209
8074 -2552
-4588 5029
324 3310
8769 -1549
-8194 -8750
2288 1129
3661 8604
783 -4247
4566 -4099
8012 -9116
3083 -6458
184 9594
-3776 9802
8501 5493
-5237 -6691
5517 -230
-9824 9768
-7928 -9895
-4100 -9611
-5022 7920
5122 3512
-1302 9123
6876 -3077
8517 9844
780 -1898
5843 -901
3864 5161
-9843 3346
-277 -1465
-167 843
4394 -7545
9560 8451
-1425 8897
-4070 7827
1131 -2308
383 -4300
-1689 15
2116 1665
2848 -8468
4117 4712
-3605 1249
-1690 8242
1239 9913
-8399 -7917
6851 -1476
8654 -8807
-7964 9563
-4675 -4881
4520 -9005
-5836 8151
8507 -6238
-3451 -6539
8905 470
2842 -6798
-9835 -7390
418 -9282
4990 1988
-9362 -3936
1183 7681
-8155 5110
-8355 7604
-4036 1310
-2840 9191
1040 231
1688 9924
-7411 -8764
9945 7239
7911 -9100
-3682 1000
-129 -1802
-7838 5755
-9937 3082
9729 -9515
-6589 4667
-1195 -2396
-4974 -7205
4050 6799
-4715 6333
3897 8531
8010 8848
-1076 1281
-8376 4086
4760 5257
-7723 -8559
-4594 -7254
8946 -8022
645 2880
9186 -3596
-6805 -7905
-3255 8772
-4921 -7591
7846 -1078
-7673 9133
8134 -5913
-9642 7420
661 8567
3642 -4690
-4101 -8345
440 -8875
-3728 -6473
-5345 9766
-4405 8538
-1226 1417
-8993 -8502
-1193 7439
-4971 2334
3452 7387
-2105 6316
935 5315
-7484 -4290
-7690 -3425
5631 778
-9497 6328
7716 -6906
-2973 -3336
-6734 -6849
3738 7263
3509 8006
-5707 -554
-6227 4921
2135 -809
4039 -5350
262 -4517
686 8673
1499 -360
375 -6874
-4019 -9601
3031 -8787
4609 -8291
-5759 -478
9485 -8521
3854 3386
7090 2229
4933 6848
6764 -7648
-3663 -9028
-6800 4367
2199 7990
-1050 -1156
5795 2104
-8770 -7048
-7476 4982
-4813 -8563
-5642 4968
7009 -9001
-3985 -307
4952 4380
-1330 -2103
-3617 -9982
-5536 -8148
3204 8398
1126 -7036
3213 -7916
1812 3958
-1285 -447
-4422 78
-7692 6773
-2196 9212
-1506 -3430
-7611 -6413
-3653 -239
-3840 -5029
4565 6012
8653 3239
2273 6928
-8984 9833
7806 2749
-8865 8162
5284 3188
5711 248
7640 8469
1193 -3404
5711 -810
3012 6178
7137 6177
5400 -9558
1010 4565
7212 -7565
-5877 9170
-9672 -2741
-5361 -3733
-3097 -8313
255 -4388
1891 -7546
6095 1051
8232 4862
-3128 3770
-8061 -6642
-3778 8069
-1550 818
568 -6449
-2361 699
-7247 -2187
5617 -5609
7806 -4962
6620 -8626
9769 -9056
9187 6164
-9914 1594
-2302 9163
-7509 5982
8996 -6785
-9900 214
-2659 5290
4352 -9983
-8679 -1094
3247 -7044
-4123 -7721
2613 2149
9651 -4395
-5738 5393
-9732 -6831
3753 1580
-6169 -4611
6129 -7039
5950 -8333
-5383 -6299
1425 4075
-423 -1489
3230 -6602
-6708 -670
-4117 -5984
9559 2292
279 5938
-8956 1643
5182 -6723
-9196 -6491
5778 3428
-454 6551
9375 4499
6795 815
-1417 4843
-1533 4695
8769 4568
-1700 -3565
5507 -9106
-9141 6869
9134 1556
1824 -5564
-4010 -1
7582 1054
7744 -5550
90 7209
-6000 7994
-2294 -3253
-7011 -9847
-5905 1221
9356 -5371
1885 -3280
52 -9821
-2469 6497
-5424 -9226
543 -5898
256 7663
9816 -2660
1483 -136
-7528 -9157
4550 3775
3276 -9140
-7377 -7237
-7593 6810
-9694 5544
9020 1621
-7056 -5781
3505 916
736 -4726
-7311 3277
3582 7188
-7728 -3768
1800 -7209
-2872 8009
3220 7594
-4044 -5097
3864 7615
-6385 -5059
5558 3453
5213 -4558
3712 9020
-2675 -9979
4465 -8638
4207 -4665
-1399 -1394
-2428 9499
863 -4294
5385 9840
8366 2333
6265 -1734
-1741 -5644
3263 4464
3882 -6601
3255 -1641
8436 -8353
30 2457
-6518 395
2870 4214
-2762 -2077
-2093 -933
4534 -1066
1366 1554
3512 -962
-919 -8928
-2918 5120
9873 4316
-5315 6800
6962 4082
8117 -5194
6546 -4766
8546 -4945
-9137 9984
2961 8571
5768 -4246
7683 -1322
-940 1512
-5305 -2806
-6613 -7301
6156 -6317
-8735 6962
-6339 9862
-6740 -4359
9946 -196
-537 1192
9058 4780
2917 3967
6447 -2693
4003 -1275
-1220 5046
8502 -2562
-1001 -4133
-996 -3092
-1134 -2127
9593 -7248
-1226 3766
4891 -4302
1769 -4970
2753 8084
-3209 9305
-6675 -6356
-918 5255
-3109 4973
-3440 1222
-8460 4656
7934 -2367
-4859 -1243
-8507 -9746
-8012 6154
-9304 -8799
580 -250
4535 -3378
-9562 5354
-9679 1517
-6872 -248
-1374 262
8102 -5631
365 1442
1040 9310
-4313 -1757
4374 -6415
-1329 -3174
7024 5774
5887 3444
-5739 -5066
-3239 -7129
2509 -4493
-5975 -1513
-9424 6354
-2773 7468
-2412 7326
3174 9402
-4805 6927
4116 1230
8782 -6969
-6885 9583
-9374 3623
-1815 -2535
-5736 -191
1786 -4586
-131 -5733
1868 190
7648 -5067
-7564 -1147
-3072 4193
2794 4241
255 1907
-2539 2274
9943 -1148
-6070 -2515
-2862 -6824
-1235 6757
-9491 2217
-3711 -3605
1898 -1139
-1779 -3156
6736 -1943
1272 -7734
4260 8527
-1231 -3997
1462 -280
-9211 3892
-9140 2467
6975 156
17 -9963
-3277 -1705
877 -5417
4418 -9264
-4715 2674
8354 -6346
2120 9240
195 618
9978 1229
-6897 -1432
-9952 -5534
3179 -9201
5439 347
6257 1495
-6338 -5555
-5674 -8865
-1214 -225
7286 6188
-8763 7595
9568 47
-580 5840
3910 -4048
342 1189
-9269 -2958
2980 1903
4206 892
-8832 417
-1685 -515
7994 1973
-5739 -4915
5417 -3799
2051 9160
7625 5646
-1607 4880
-2833 2329
-3309 2807
7519 9382
-2722 4301
-6889 5795
-2208 -5892
-5962 -146
5141 1760
-6195 -3511
7645 -1135
9628 5683
9418 6082
5483 -1509
7727 1459
-40 7419
-5081 1855
3935 7197
-3401 9082
9670 50
9582 -3081
-1511 -4977
-109 -1182
-6870 9568
4070 -9670
-1042 -5361
-5442 -1186
417 3993
-2977 6584
3468 8473
-982 -7511
4278 -7684
-1334 -7649
8854 -224
4973 1685
-5159 -7196
3925 -1706
-3934 4900
8265 -4257
8871 -8894
-3993 -4688
-98 1195
5654 -7581
-5409 -8113
2048 448
-7751 1428
8620 -8973
-3159 6188
-8158 -8324
-2586 4380
9894 -1880
8790 -2780
1440 5446
-5334 -7501
2604 479
7962 8504
-7576 3603
-8550 4610
300 -2063
-3212 3627
2653 1071
9073 8854
-262 -3459
-9171 -8420
-2679 -9296
5877 -8801
-3845 -2783
948 6809
-1815 -9456
1198 9135
-9900 -8758
7058 806
-8164 848
9366 -7869
-3977 5342
674 1657
4903 -4663
2236 4925
-4742 -670
8072 1918
-3614 -5703
1942 8307
5985 2122
4185 4827
2356 -8443
-3583 3502
-2068 5893
-1554 -6269
-697 3216
2016 -4414
9389 -7989
-5664 8986
5988 2366
5287 7837
6262 -5660
-509 9335
8454 1053
-4775 9209
-8818 3038
-6082 7976
-6930 -3036
-4237 5278
2766 -8093
6856 804
-7581 6013
-9598 -2593
7493 9039
-7793 3759
-9510 4639
221 -8218
-7543 9177
-296 -7418
-8386 -1157
4604 -5327
-7512 3366
-7288 -7304
-6258 9840
4318 2565
-236 -7221
-5841 -3573
-531 192
2531 -8494
-9247 -3152
-1740 -9271
-8120 -3864
625 -6386
-3991 2714
649 1326
-3139 -1184
3686 -8150
5290 -7795
-5035 -8991
-279 -9978
9710 6239
9950 -4055
6823 6606
3085 812
4701 5328
5071 230
-3504 -3752
4727 6933
7635 1305
-2081 6144
4807 4601
-6488 7424
9309 -4634
-7010 -5333
-7136 4992
-1143 -7934
-9756 764
5030 3835
131 9611
-5198 -3416
-9430 -887
-4474 -9259
-5633 5826
929 -3247
-937 -7979
-4043 -6255
-174 9716
-8454 -9156
7920 -6381
8072 7567
9943 2706
-3629 893
854 -5219
3590 -9718
-7885 7749
6362 -8303
3844 -355
-4701 2691
5108 -9109
-9137 9750
-8719 6603
7871 3206
1574 -8793
710 6524
4226 -8695
-3822 8035
7173 6180
-4651 -9049
-4318 -2137
5242 -3113
1095 5746
-7388 4728
2022 -4765
-7125 -2537
8544 -5250
-4488 9038
4052 3616
8555 -7042
4849 -8877
-5958 -9058
-3823 -9859
7938 7636
-7457 4602
9836 1219
2442 2218
9229 5735
9105 -4620
1220 1373
8097 596
-479 4464
451 -9429
4646 -9443
397 -9484
1203 -7788
7279 -9214
-3914 -3694
4372 3926
9236 -97
2060 3855
6084 -2566
-7132 6981
-3386 -6187
-5463 -2777
8673 -2501
-4783 -2618
-824 -6030
-3750 -3439
3912 -3147
-4204 3404
8890 1438
4395 -7864
8 -8870
5599 5744
-2119 5822
-6886 9005
2916 -962
-1316 -2714
-1334 -3229
895 -5172
-7482 9530
9728 -1415
-3519 760
-3204 9024
6299 6980
4535 6836
-7839 5384
-8784 2424
8189 -5799
-848 -8625
-1610 -5954
-4120 6004
-5360 -8974
-6075 8024
-2813 -6780
-8355 -1945
1392 -4992
4393 -5479
6750 8795
-8315 -4825
-1613 5274
-5265 2605
3657 3544
-654 -1798
3671 -9106
-9737 728
1079 523
-1612 9167
1258 351
2396 9862
5593 -5044
-5975 -1807
5719 1577
-8138 4004
-3034 6375
-1383 6425
7386 -9015
9534 -3361
2470 -3420
-3041 -3456
6302 -1517
5728 7354
-720 8519
-6546 9972
7997 5191
-374 1163
-4661 -9019
-7950 -936
-1439 8202
-2533 -2860
7419 4467
5529 -9819
987 1646
9653 -5463
7315 8470
-5270 -673
-2522 1806
7793 4204
7288 -1603
3882 -4645
6581 -8349
3964 6235
6418 -1401
-9887 3815
2977 -7382
8655 -5909
4291 3927
6657 -590
8002 -6007
9899 -9025
-1033 -4092
-9075 1554
9443 -958
-1569 1078
5307 7773
-4392 9817
1098 57
-8481 -5617
6729 -5539
3418 -3184
-2670 -2096
2233 -7621
5064 1893
-4875 -9360
-9020 -2618
-9384 -523
9620 9518
-6740 2921
-3819 4509
-6010 -311
-2778 -2121
7269 7165
-9713 9974
-1462 -3870
-6392 -5541
-532 4859
2449 4487
1950 -6020
4 -8563
-4091 6285
-6112 -8778
6091 -7402
3759 -2426
-3957 250
6045 1050
-8150 8375
9330 -2807
-9205 9622
3957 -8459
-2490 281
-1053 9744
676 -8286
5312 -4607
9635 -7259
9408 -1350
-4418 9360
-9513 1662
2529 -2848
-8028 3186
-4521 -6922
-2427 -4081
-8917 -6332
-9011 -8806
-476 1248
4300 6761
-5841 3380
-1201 -681
8431 -8688
-8280 1175
-1044 2302
-38 1465
-3288 -6639
-3015 4633
3286 4591
-8240 6347
-8569 6613
1236 2204
-2217 -3795
1792 -2151
3754 5330
-9403 8057
2784 -994
-2009 -5262
-692 -2534
-7911 -8100
-6170 3375
-2534 -2137
-8313 2609
3030 -5476
7855 -4463
4565 5263
-6813 -3545
6833 2671
-7257 -5531
-6684 491
-8884 -7268
-1785 -1939
-1051 -7531
824 -3173
4585 -7499
-3056 -1143
4339 5015
3005 -6980
4261 4929
-9412 630
-9562 -4191
-7646 -5211
1839 -1708
-4692 -7600
-5697 -7353
659 -9395
8883 5888
8372 8623
662 7672
1509 -7034
-7221 -2254
-5376 -6490
5791 6479
1333 8427
-1772 -1236
4960 4775
2430 -4603
4300 -8742
-9309 1068
1669 1819
-2520 -6284
2229 5104
-9843 2264
2058 -65
6420 8727
-1757 6988
5956 -8226
3182 6155
5864 2517
4951 9816
7538 -8114
-9360 -7471
-1829 -5777
4415 398
2290 -3402
166 -2007
-7234 -7899
3057 -2174
-2194 4284
7766 -7748
-9087 6299
5464 2199
-9026 -2536
9366 6704
9333 -8483
-3573 3391
-8149 86
-5094 4970
4295 8516
-8690 1773
7833 9096
1204 -5731
7713 -2558
-8171 11
6541 -4106
3549 3825
-2868 7438
3512 8731
3548 -9559
2942 8239
354 -2930
6246 -2928
-9994 9474
-1307 8049
-3995 5882
-7113 4495
8572 8694
-4092 -8679
2062 2654
-6152 -1774
7661 -3896
2767 -74
-9609 -8493
296 -2489
-8940 -6902
4369 4860
-6534 -4979
-8866 5160
-5004 7474
-4230 5740
-9896 -8427
-7922 4272
-3283 1098
-357 -6554
4200 1635
6290 -810
-3014 -121
-7523 8168
-4292 6252
-7452 1043
-9462 -3079
2712 1398
-3727 3605
4177 7391
-3850 -997
1903 -3292
-3171 7462
-5084 -3199
-1720 -7969
-2858 28
-1865 4679
-7893 7995
55 6097
-6251 -2444
5494 92
-1767 2576
4618 5495
-7250 -8309
-1266 -9763
8190 -8727
4543 -5211
1431 -4464
7752 -7989
-3566 -4857
-9724 897
-4298 1299
-5825 164
-4391 1743
-3374 9749
6636 6556
-1950 -4026
2261 9608
-2147 -7956
962 -4449
-2074 -8314
-2719 -8614
7140 3473
-6518 -1820
-5189 1670
-1949 -6934
6206 6550
-3811 1401
2875 -3497
3445 -7868
4409 4674
-6265 2855
2524 4572
-5308 3684
5154 7652
8770 7966
-1476 -3889
-8501 1085
8062 -9451
4612 -319
-3643 -6466
713 -146
6957 3852
1476 -4083
-2878 1406
833 8814
9452 7398
3175 7297
-6536 9970
-4812 -3262
-4931 5051
1930 -3080
-411 -1186
-690 -580
3080 -6441
1725 -8441
2055 -564
-8423 1343
6126 -4436
4907 -5156
-6733 1282
-9736 -5840
4913 -520
6711 8770
-5500 -5722
845 -5024
-6982 -4915
-7198 -2816
-6201 -3797
8451 1780
-2291 -4285
993 -7316
5676 7390
-3739 1422
2708 -9460
2191 -4990
-6558 -6934
4781 5711
-7095 -3604
7524 -648
-751 -7754
-3370 5292
1151 -2667
2246 778
4732 -5353
8442 -8015
-4889 -993
-3270 7922
698 -9396
-8476 1802
-299 -7716
3939 -7116
931 2927
55 -6964
8006 8470
-9730 -6961
-1799 526
3695 -7575
-1745 -2096
-4164 -3779
-8355 -1412
8110 -9010
4394 -4212
-9364 4089
-7385 3355
8668 727
551 -6225
4451 7182
5100 -7239
5721 -8987
-1161 0
-9936 9647
-8800 -4665
-3258 -6669
-3110 4317
8931 -304
789 1472
-2351 4096
-6111 7950
1064 3926
6728 5624
6724 5811
-1871 4327
1984 -3367
8527 -529
-1707 -159
5498 -6695
-936 2254
1516 -7798
354 -9632
-7217 8199
-7821 -4973
-4181 -9862
2921 4872
-547 1183
-4870 -8102
3276 936
2347 8860
-3448 -3603
3146 -3951
7109 -5741
-5074 -8130
-8199 -8446
2485 2980
-6177 354
6570 3441
-9245 -6986
-437 -7491
-4664 -7211
1826 6624
-2215 -3311
-848 6070
-3863 6206
6158 4128
8951 -4713
-6601 -7464
4639 -6491
-4300 -1920
9665 3639
-4522 -6261
1889 -2321
2870 9946
-1576 2204
-4465 1302
-7233 -9965
-3490 -8402
-3852 2778
-1453 6262
8440 -2159
5746 -1337
-5736 -4489
242 7890
-5254 4832
7916 673
-7673 -1981
-2943 -2171
-9857 -5050
8659 -4188
3981 7902
3292 -6075
-9684 9293
-6816 4875
-793 2294
8410 204
9169 3775
2063 -133
7347 -6341
-9794 7114
8655 3451
-3859 6946
4408 -5043
-1637 2960
-3862 -7218
1556 -9022
-9083 -6465
7142 -2776
3959 2080
9282 996
-7927 -780
3720 7133
3253 3130
4315 -9120
1536 -6276
-4917 -9985
-6837 -7470
4831 -550
-9523 4200
-9321 6620
1124 8917
-1781 2385
5390 -3396
1080 -2145
7225 599
3944 -1886
8461 -9512
8050 6586
-4385 9417
-4826 3878
-1570 -7760
236 -6912
-7112 -9771
-9248 -5423
8631 7770
-6472 843
-2597 -3218
7016 -3276
-3067 9149
-8855 -8032
7682 -3740
3550 8978
-7465 2296
-793 -3563
-3544 8206
-2363 -7040
376 2323
-2195 459
5054 -3359
-8157 -7162
3081 4221
9890 -1417
8055 7943
-3763 -2111
3744 -1229
-6008 3620
3713 -2021
-126 2297
9941 6940
-2209 -3162
7057 887
-4117 914
-6989 9719
-1975 3846
-6632 -5083
-2194 -9107
2974 485
-9534 -2781
6897 1540
6929 1237
-5819 6778
1066 -1008
-3551 5861
-5498 1214
2736 -7692
-763 8193
-3993 1570
-8795 7812
-8059 5321
3057 6635
-723 -8183
1584 3498
351 4272
-6549 920
-5477 -5888
-7458 -9798
5451 -517
-3248 2828
5936 -932
5212 -699
4439 7320
7529 -7083
-2216 -7091
2870 -7551
-7956 1194
4501 -3248
-6002 3069
-8800 -4645
8092 6414
5522 754
-134 2638
1030 6017
-9547 -5841
-9190 -9121
-6632 -191
7293 9585
-8311 6183
-6890 9888
8794 2149
5548 2200
8232 -9506
7000 -6894
3987 -3357
-2844 -8048
5873 -6282
-6985 -7050
1141 -5712
-4063 -9108
-9217 5090
-1128 -2300
9674 9849
-9050 665
1264 8402
4562 -4600
-4142 -2932
-5495 -8174
-2802 3042
-535 8618
9777 -6978
9106 6926
-6275 -5522
-6455 7810
-5923 -7928
4453 -5064
5271 1084
-1563 -3874
169 3501
8205 -3668
-8481 -7733
-1077 -2654
4075 -1325
-8534 6802
3634 232
-4500 -1994
-7375 8545
-4311 -9981
-5643 -1067
6036 -4641
6849 -8165
5328 1653
-4329 3338
3200 -2737
-3246 -9155
5807 3269
5765 -1577
1238 6538
6485 9685
-5526 8812
-3708 -2888
-4160 -2800
3727 4976
4635 -4390
2165 -9209
-198 -4988
-5751 -2933
6206 8281
-6039 4405
4728 -9009
323 5126
8384 -3594
5351 3586
8341 1044
-1181 9697
6263 6872
-1675 7754
7638 -9580
-3749 8538
-635 -8819
-6280 -8084
6927 5232
-744 -6218
617 1994
-2318 -6209
8540 -1744
3055 -7544
-593 4512
8543 -988
-7405 -5720
-7024 -3665
4464 2252
-6277 5237
-3274 -6077
1181 -5329
-1171 -6503
-1203 7045
-5393 -4961
3077 -7149
-6233 4207
4657 -1485
3814 2071
-4079 -1009
3955 -5586
5765 -9862
-8596 2385
-2714 -1841
3979 5001
-5006 -370
-8177 -822
-4152 471
1968 4187
8022 6231
-5003 -5343
-6549 -3708
1539 -4601
7394 -2020
-2978 4182
-8297 7776
8596 -266
-5649 -2026
-8215 -3396
-4346 6050
6263 9474
-1187 -7966
6035 -7729
1601 8349
7409 3783
779 -2673
-7428 -2104
7882 3909
5611 -6056
3669 4981
3263 2223
-7887 -3533
-8202 -5957
3108 -5270
6018 -2046
-9128 7302
-2701 -6742
-8245 4370
4873 -5174
5066 -6740
4921 -9771
-8627 -3587
-5424 1244
-640 -6215
7569 -3000
-3995 3812
2634 5314
3238 1845
-2627 -7109
9989 3872
-1209 -2896
-2804 -9143
7096 9127
-9883 95
3280 -2934
-4009 -4177
-2821 -6050
-6516 3321
8086 -4651
-9346 2603
7937 9537
-7229 -8610
-3704 9754
1348 8419
-307 6958
-9116 -9053
-5930 1696
3381 -4720
2935 4751
-5240 4978
2786 4251
-4140 8384
-7517 -1833
8263 -9849
2964 1978
6034 -3141
-5057 5493
-2107 2342
-7600 2268
3291 49
611 3321
1465 6208
-2602 1421
-2780 6973
4725 3275
-8754 8347
-7420 2025
7297 4761
-791 2260
-1951 -9387
9789 -2488
2888 3878
7274 -5340
9002 5163
-5522 524
-8842 -6556
-2924 3806
5825 7756
8874 -9645
-4622 -4235
-4987 9620
-8674 -2804
9882 4487
2084 -1890
2365 6688
1848 1995
-8162 2974
-991 -7167
5946 1528
-56 310
-886 3333
-8486 -5473
-8269 4550
-7998 5747
-1755 -7604
8262 -8531
4266 -8071
851 4233
8146 9065
-6371 -4871
7436 3097
4041 4010
-9507 1111
1574 5229
4173 9792
-7837 -1111
9074 8272
-5141 -1169
-5981 7825
4854 4524
-9599 -8355
-644 -1140
-6974 702
-6700 5313
446 235
-1189 3125
-7143 -438
-8005 -1214
-1683 4737
317 1716
-4075 4907
60 5775
-5620 6401
-8000 247
-4279 -3980
9188 4977
-3773 7267
-6485 7754
8443 5537
-6803 2937
2710 -4236
-3026 -3571
-5920 -7843
-3185 2476
752 7586
-8263 -6465
-2269 6426
529 7462
738 9881
2830 -4331
-1226 3467
341 6750
-7742 -3816
5052 -1369
4109 -2841
9584 7677
-645 9584
-3867 -7773
-4035 4491
3837 -7422
5666 -8632
2264 904
-5335 3185
-3950 9447
9809 1316
-1513 -4936
-3339 -1083
9856 4671
6499 -4984
-8729 -2531
-5562 -6403
8819 -4838
-5344 8612
-2424 7115
4860 -6424
-1129 3709
847 -1830
-3962 8172
-5331 -7744
1027 3905
-9539 2441
-6086 -1612
8313 -5160
-483 -8334
-5246 9396
6123 2046
1922 -2697
6513 5830
-800 -591
-6993 -7502
5335 6331
4689 2925
-441 5873
3469 5389
1050 -5973
-1642 9577
-606 -1516
-4183 -5524
3534 -3887
-3501 -3685
-1176 9531
427 1352
-2650 5658
2430 7465
2502 -3245
-517 6947
-9488 2792
4632 -33
4560 -8027
3066 6796
5269 -5006
7537 -6704
4135 -2118
-51 2684
1320 4293
-6541 5165
-4991 -9326
-7251 8823
-4395 128
5556 -1876
-7148 7866
6576 2929
-425 7773
-8109 -8069
-9986 6516
2710 -3476
-6983 -9564
-6842 -6478
-8000 5001
6152 -4777
692 -533
5659 2235
-4632 1499
-2033 5609
6094 -881
-1985 -3367
4423 -9087
-7964 883
-9246 -6653
-4298 40
9482 -9367
-2960 -8340
8313 2209
1674 3470
6010 2657
-5891 571
-4959 1978
-9103 -572
-2690 -719
-4464 -2832
-6457 6176
7784 -3839
2749 8572
-9834 -8348
669 8865
4406 6702
-8415 2364
6924 5202
-2830 8061
-5231 -2166
-546 -4750
-8097 -5663
8148 -4762
-6303 3833
8965 9707
3715 -2026
5422 7326
2157 6213
9301 -4233
-9223 994
-8390 2338
-1707 -6349
-789 5558
-7694 -2586
2097 -9427
2706 1835
7693 8032
8653 -1925
4113 7424
-1489 -5219
7613 -9025
-4960 4505
4261 -168
5470 -3415
-3455 9904
1686 -9727
8809 4146
6789 5604
587 -5881
2248 -89
2373 -8056
1855 6006
-585 7698
3385 324
2584 9272
-3252 1821
9011 6583
262 -4235
2774 600
-2223 9892
2846 -2672
3993 -7198
-5416 7777
2674 -6275
8562 6264
-6581 -1269
1350 1532
-7230 2805
5741 -5242
8158 -3197
9888 -4989
-2813 -5528
1168 -4360
-59 -7442
-1456 -5567
-7736 -1242
6532 -1236
5443 -6827
-4349 -3756
-4830 -8975
-2658 -2573
-8297 -6667
3095 7788
-5836 9522
-783 2507
1403 6742
-7402 -4857
2981 -8920
-5938 5823
-3421 -9171
5007 3137
9412 5873
-9007 -7881
2222 9832
-2487 -9441
5282 7113
-3700 6251
2838 1841
-9720 -8154
5491 -2249
-4213 7534
8846 8501
-4107 5046
1664 6028
-5689 9278
-1174 8358
-748 -3908
5965 -1008
2809 -26
80 -1727
-9674 -7640
4715 -7057
1762 3146
9703 1155
1921 3907
-1635 7897
2765 -5409
3256 -9278
-3915 -4913
-199 -4006
7910 1437
-4423 9655
-3539 588
2781 -7821
1566 4950
5775 9109
-9455 -9268
1458 2456
7612 4367
-6688 -7492
-9972 -7445
-4645 3229
5036 -6923
1842 -5101
5154 8216
-5566 8152
-6453 8152
-9143 8804
7295 -8444
-8486 14
7946 2083
-8819 -4086
-236 3147
-1844 -9440
-9894 -3839
716 3296
8081 -3595
-3795 4830
6812 -3859
-8192 7890
1090 -1778
7480 6205
-8600 8307
-8968 4276
-5759 -4120
-7418 8901
-9458 -8124
3206 2425
2105 -4775
-5258 6601
-1126 -6344
8094 -4747
-2810 5668
-4809 -2526
-7809 -2832
-2312 -6411
1466 -9953
-6861 -797
7360 -2393
406 1832
-9350 4370
5464 6285
9710 -5534
-6555 5975
5053 783
2475 4282
-5582 -9669
2521 -8001
626 -5606
-5200 4699
-3028 1029
-9552 4968
1661 -94
8176 6949
-7071 9531
-9061 -8142
-911 3631
5098 3250
-2671 -5754
-9552 442
-6516 4957
-5288 -3854
-4004 -7737
4449 -97
5516 5926
-6035 518
735 9513
4587 -3511
-9172 -2116
-6192 -120
-2311 -8850
1525 -6932
2641 -8104
7666 -8936
4345 1002
3783 2720
1920 -4538
1796 6586
404 -614
-6265 7617
-5538 6327
6410 -6789
7429 8910
-6249 1524
8600 6247
5929 2923
-3650 -4812
5165 -953
7558 -2349
6919 -2379
-2287 -9351
5909 -2904
6565 9681
-5232 -1591
6617 -1643
-8786 -1059
-3577 -6075
4342 686
-2849 8947
-8668 -8114
-4283 7318
102 -3910
4127 7568
2468 4401
-968 -1467
2093 990
-365 -6313
-8724 8644
4470 7076
-2275 1632
9786 1089
3531 1403
8319 1989
9920 -7429
1879 -5832
-590 7708
2244 9035
5200 8319
-5762 5916
824 -6413
3132 -3991
969 -5800
7324 923
4175 2894
4421 3213
792 7498
2074 -989
-8959 -9118
-7770 -1069
355 -2615
-2634 391
-4429 -1838
-8428 -6009
2550 -7742
-723 -4990
-3540 -9838
-3507 -6389
1883 -6062
-1895 -3220
-1831 -5131
2828 -5043
-4726 -2593
-4538 4324
3501 -9660
-7522 8389
610 8742
1953 9396
3900 52
6128 1921
9920 3204
-2852 3560
-3933 558
-8546 -539
6285 8636
9735 8138
944 9340
-9346 5508
-668 6371
3844 -7252
9708 -7422
-2094 -6625
7432 -1085
8699 209
3297 8429
-7358 -5743
1957 -5162
-7120 -3568
5571 -6999
9083 1231
1234 9845
-6038 -9299
-6185 -3623
-5842 -3144
-9299 2908
-6356 -9989
-6442 711
3602 4766
7257 473
-3970 8810
304 520
-6340 4322
9319 2965
-8133 9583
-5347 -6395
2654 -5719
6337 -1291
8911 9553
5359 -117
-6095 6359
4889 -8877
-7832 -4870
-4803 4794
-1836 5168
2315 454
7299 -3178
2939 1719
-5421 1683
6943 4439
2290 7226
-2430 -8830
-617 9515
5759 -459
-4882 -9287
-9050 1911
-5632 8716
6227 6715
515 9119
-5308 -6993
-8797 -301
281 -3254
9209 899
-8857 4997
9911 -3179
4779 -9613
-4979 -6465
-7919 3864
6344 -959
7447 3107
7107 9304
-9949 2295
4250 5027
-7893 2785
6362 -1301
5503 36
4071 3112
6978 1019
1527 -8867
-5344 8336
4604 8557
-2302 -9062
402 2148
-1040 -5262
9347 -2864
5261 -6463
3424 6031
3311 4799
1688 6015
7291 -4157
-712 -8865
-7403 4792
9036 5776
373 7727
3960 -1015
-6794 -7164
-6936 7903
6424 -6122
-82 -8107
-5240 8986
6444 2863
-4657 -6036
-6486 7927
-2581 1517
-3025 -3611
1236 4423
5606 4227
750 -897
-7884 -9510
-9466 -8940
-5438 -9067
-371 537
9076 -41
9216 8731
8975 -9182
-2176 6673
-277 4772
-150 309
-8093 771
-3609 5547
3311 -4671
5228 2608
-4387 2723
-8672 2069
1438 -9345
-1281 3741
-7448 -3571
-6153 9682
6363 9174
4045 6264
2617 3907
2688 -4658
-981 4387
2431 5727
9721 -7349
9271 -7776
3204 -8437
1577 -7774
8359 5592
-4070 2236
508 -5806
-8106 6440
7453 -3115
-8789 3246
-2383 1607
-5414 6875
-5041 7439
917 2113
2339 6102
1278 -5238
2608 -8090
-1496 9308
5393 6184
1063 6369
3011 -7912
2800 2536
7895 -719
-9763 -7312
5466 2882
-7929 -1540
-423 1769
8390 3407
-1618 -2165
-8128 2083
3287 -622
-3932 -115
-6964 8795
-2404 -6182
-9983 7498
-7852 -8348
4237 7873
1688 -4699
3476 7949
5049 -3793
-3554 4788
-9214 6437
2065 -5093
-5575 -4723
-4047 -2799
-5050 -1162
-5994 4315
5875 -3540
490 7588
8100 -4812
3852 668
-9012 -1049
-1809 3455
-7370 -5666
-864 -4754
-1773 2155
-1313 7669
-6162 9952
925 -1996
4801 -881
1341 1643
6005 4770
-4989 -1284
7793 6017
7839 -7039
1933 -8885
-113 5374
2125 -1180
-5763 6993
-5849 -6248
-2400 7379
-4989 5148
-8192 2420
3402 9570
4931 -5243
-9571 6003
-8179 -8028
-4203 -6927
-3544 4077
-9813 5635
-4 -9535
-2528 7455
-1027 8510
6529 -7766
-2502 -5642
9280 -9591
-1664 -137
9781 -1309
5625 -6071
-8403 2508
9759 -7468
-4987 -5250
554 7577
-5728 -7725
-2613 -1689
-3787 -7264
-1506 5359
7670 6347
-1027 -9086
5350 -6162
9401 1331
-7651 -4951
-4542 -6959
1055 159
-2241 -8969
-289 -7836
5796 -1661
-5846 7569
5883 2642
8417 2305
2197 159
-8900 -3421
1499 -9998
-4975 4175
5593 7733
-5006 -5047
1376 -2662
6528 -5490
-1554 -2444
-9838 -4474
-6458 -1122
-5952 -3954
6374 -4269
491 -8191
-2351 466
4068 -7364
7260 -7232
5657 3281
-5644 5784
3682 -7387
-5236 6797
9587 -3953
4196 6215
-5586 2160
3009 -663
-8820 -356
-1993 8762
-4903 -4110
-4481 -7081
614 3481
-5824 6519
-4953 -7900
-5716 2496
-858 2664
-1366 -8781
5825 8028
3501 -5697
-8163 -7253
3391 4351
5727 -922
-1859 6392
5183 -6067
-273 5404
-500 9705
-2641 9334
-7853 -3584
1853 6248
6132 -5297
7691 8478
6384 8928
5140 -3053
9613 4612
6299 -5017
-3634 9102
-8103 9511
-7283 -2282
7064 5155
9235 -6
-4545 4511
-9096 8972
-9523 -6156
6581 9065
-9588 2381
-9130 -3815
-6458 6928
6620 -9578
-2623 3065
-7611 1862
1758 -2911
-3733 -4775
3541 -2538
-495 1777
-3265 333
5185 -9301
-425 3137
6557 608
4409 1218
-1807 -8262
7973 7703
9218 4732
4051 -2938
-9896 -2130
-1143 2597
2719 -4216
4607 -645
8493 7947
3314 -9359
3717 1497
-3175 8990
-5220 9846
-9024 -8716
-869 3684
7536 1732
-5185 9961
527 9566
9500 282
-5472 3980
-899 -7030
858 -6904
-1210 3033
-9986 6842
-3931 -1575
-5879 -2181
-6822 -3393
-9697 250
-2465 1293
-7506 -8814
-8163 -1994
7777 -4044
-8947 -7803
-1243 -6918
6850 -633
-2276 578
8183 -272
4617 -8718
-7506 7457
243 -754
7364 -2084
-6289 -4394
29 8645
-5777 578
-5360 4029
2090 9296
5814 -3240
-3566 -4903
5033 -3774
-4951 3821
9157 8547
9133 -1265
6133 6713
-4557 -2335
-7633 -6320
-4684 -3448
8955 -9656
-4961 8200
8011 -6474
-1815 -1475
4438 7463
1311 -178
498 -8119
-3654 9170
-3143 -7085
-2750 8908
4078 54
7967 5258
4946 -5593
-543 -6685
2773 1602
-3322 -8383
-7279 2138
-8204 -9883
1677 5073
-7010 -2942
897 7111
2254 465
1441 9871
2751 741
-938 3685
8256 7392
-5356 7704
7852 3952
1875 2566
628 -1422
-9378 -588
-9257 -966
-1036 6899
958 1328
-8669 -4681
9488 -3505
8849 9379
2456 2615
7589 -3377
2055 -6592
-4736 3900
7424 -8774
-7239 2846
9752 7119
5511 2358
7481 157
8068 -3821
3342 7860
5708 -3338
7570 8620
6129 5220
-8145 7987
7972 2458
371 -215
-9972 8593
-5449 3328
-4294 -2687
4070 -6830
1033 9165
-8778 -4133
8589 -4909
-4366 2313
8245 -1429
7844 9575
1141 -536
-7973 -3703
8875 -8254
8837 -872
5004 3066
4040 -3201
-2047 9242
1836 -9639
9950 1143
3882 -5208
-4045 4152
3435 -7018
-1379 6073
7266 -6665
9877 -7614
-3580 -5572
4637 9539
9688 1851
466 -3596
6922 5
5330 1069
3694 9668
-812 5759
2720 -7408
-1476 1922
-4001 6258
-3010 -9347
26 -5993
-7376 -2849
1723 -4558
6380 -3792
7138 2821
2800 -1748
-5651 3901
-3507 2579
8326 -7134
624 7748
8117 977
-1201 2021
1220 -83
5959 -9306
7890 7489
9098 -4461
2610 4065
-4238 9816
-614 -6366
-2523 4751
8708 -642
-701 -7955
9786 3660
-3148 -408
6703 -6636
-6844 990
9599 662
7353 3488
868 23
5717 5863
-3148 3670
-6879 9325
6820 3850
-8111 -3704
539 -3390
-1689 -7481
368 -5614
7340 2355
6574 -2972
-3674 -1709
-6811 -6261
-3755 4971
-5061 -4616
4251 4203
3278 -6311
-4515 -6404
6420 -1902
8267 -1283
-4519 -3869
4357 9730
5127 9498
-8393 -488
8826 -7212
-5387 8351
2047 1315
-6365 -1856
4449 -9892
-5623 -3870
6379 -7170
-5526 -9462
7668 8693
-3428 4099
-4339 595
-7273 306
7977 -7713
-2972 1744
-7280 -4475
9395 -1624
5071 -5944
-4000 -725
4515 -3670
1702 7872
-4693 5738
-9697 5876
4546 822
9458 2152
4521 3835
-2308 -2701
5692 6997
-4291 9853
383 7942
-7179 -9526
374 -9399
-4672 1905
-7554 -4042
7968 -5423
-9663 -276
-5893 9503
-4337 569
6117 5586
-1705 -256
-1159 -6928
8369 9048
5401 -4433
-4025 -9599
6760 -6134
477 -7062
4054 -2758
362 9378
7982 4697
2460 -1243
8709 -8283
1467 -9093
-366 9116
-9050 4888
-5632 -4500
-527 8557
-2912 -6172
-5447 -9844
-4636 -3528
-4566 1054
3421 3266
8078 1976
-9892 9348
6798 -4573
-8071 -4684
-637 1609
6373 -1733
5818 6458
-8840 -8139
1014 -7788
4764 -7376
5878 -3081
1760 -9644
-468 -4468
150 -4536
-4187 -2149
385 -9555
-6489 -8136
1343 -906
52 -1730
-6905 2872
-4415 3309
5303 -7884
6174 -3560
-9521 -6072
-5017 -5405
9538 3850
3861 -1209
6532 4493
7080 -3236
8286 6149
-4972 -5917
-487 6123
6169 224
-254 -7011
-8512 -3180
-1439 7006
-8355 1308
-2188 2855
3495 6575
6679 -9104
3953 4517
8235 8964
-4085 4390
-4036 3062
-9265 -4261
-2561 -1554
126 -935
4266 5613
-4698 5616
6509 -4701
5542 9656
1592 -9689
2011 -6066
8581 5606
-905 -9878
9734 -9769
9963 -2670
-1448 8380
9001 -6730
-3449 2799
-5699 5210
-2885 9082
-924 6423
-4201 -6214
2950 4973
7165 1892
-2362 -6416
5028 3418
3721 520
-8197 7776
-4226 -8679
-1273 4145
-6008 6820
-9133 153
-1495 5162
6408 -5551
-9542 -2947
-3513 -1215
6237 5556
-7242 -251
-8713 5224
-3330 -9146
-1157 397
2550 4211
-7902 -5660
984 580
-9710 -2617
804 6445
1253 -3323
5857 -7288
-7018 8282
2903 -9639
4036 -62
3961 7511
1099 -1524
-4648 -1908
4997 -2591
7324 9920
-9951 -1931
9923 -6402
-5740 6762
-3407 -5559
4833 9502
632 -8949
9558 -7513
7320 4031
1955 -3888
-7344 8006
2117 -9688
-3704 -4285
-3082 -396
6357 1078
-6329 5723
-5074 -414
-3841 -3473
-4910 -7460
-8083 -6882
-5699 7424
8919 8346
3508 8879
-3235 950
-7511 -8921
-9912 195
-2076 -2218
-6771 -9260
5984 -4245
-4504 8848
3833 -2715
2606 -2301
-1536 -1120
4703 7849
-7629 -4067
9078 6277
-10 6157
2033 6498
2661 5248
-867 -7058
-177 -1356
-1850 4872
4041 2613
3574 -964
3559 -1449
-6955 6032
3999 5744
576 4873
-306 -3380
-193 -7964
-5897 -9638
4276 2561
-3542 6801
7938 2672
-3177 7132
-4075 -1754
9322 -8738
7281 -5516
-7975 6146
905 52
6443 -5876
534 -6742
4448 -2860
2079 7918
5295 8612
2835 3612
3759 9638
3184 8755
3724 -3954
-8857 -1551
1796 -250
1341 -7943
1406 6502
-9368 -1421
-3890 -8755
837 177
8576 3849
7774 -7533
5676 -3688
-7037 -8477
-7378 3298
-5814 -4278
9317 9730
-4016 -3246
-7794 822
8083 7252
-8201 7705
-2857 -7734
1403 5199
-3106 -6433
4660 -8023
-8472 -9605
-5949 8994
9258 1631
-3820 -4354
-8682 7371
6288 410
-7074 7327
2320 -9842
4227 4386
4237 -8786
-9074 7749
-3681 -9939
-5941 -6919
2260 447
7113 -9518
3023 7894
-9311 -4104
4937 4277
-3190 4817
-7482 2326
8375 1753
8128 7474
3014 4077
6611 5903
1273 -5967
-1367 5729
955 -8514
488 -4221
4498 -9533
-9892 9111
-9922 -2668
9316 4377
4070 6961
-8265 -9373
1954 6962
4969 3499
857 -4376
-1466 -4653
5431 4605
8305 8954
-9329 -7426
-3411 5682
-7740 -4457
-2214 8846
-7066 7699
9661 -5222
3695 8921
7589 -4893
-4409 761
-3843 -463
-5781 -3628
591 -7881
3490 9428
-1851 8077
-1893 2270
2545 7675
-4258 -1346
592 5452
9221 -7783
3841 4717
6200 8731
-9002 -1507
6232 6677
-6448 -687
6465 -7756
-7591 5894
-8147 6110
6211 -1456
-2123 5052
-2592 -8750
4756 -1331
1876 5033
9077 9242
-5274 370
-1243 9002
-2322 -111
5432 -6357
-5461 -1716
-3705 -6127
-8851 -1281
-9857 -5206
-44 4651
3935 3968
-320 5871
-7521 9738
5015 5451
1594 5369
3661 5129
7331 -8039
9303 -720
-2488 3237
-7688 8749
-3840 -4654
-870 1137
2783 -6075
-9058 -4274
4983 5866
-5399 -6746
-5137 -7354
-845 -5102
1732 8723
8463 -1591
-3774 1014
-8117 -9987
-1166 8429
5777 3832
-9564 6069
4465 -593
-8469 -8918
1229 -1424
-7032 8350
2141 7787
-5450 6367
3481 9266
7555 -4848
8497 2960
8192 2602
2129 7762
1854 8376
5039 7014
-4029 8619
791 -2692
-2588 -2983
9378 -5999
-9540 6755
2116 2262
8825 -9354
7797 8058
-5421 8521
2839 -2111
4067 967
2597 9839
7263 -795
-5599 7960
8833 -1237
4907 4962
4999 -9614
-1174 -6620
3757 -2902
2789 4458
1900 -2548
-6089 -934
-8844 -2357
-8040 -6737
7788 -6676
8778 -7118
-523 1113
-6744 1283
-9983 -5415
4564 2799
8290 -4947
-8701 7943
-7979 213
-6171 -9371
5745 -5724
5573 -4703
8922 -2591
-579 153
-8086 -8361
1445 8601
-1837 144
-5051 2491
-9194 -9571
1549 -4182
9357 -3342
-2841 -138
-1601 3279
-3941 -5858
-7301 -4510
-8286 4760
3724 -8506
1461 -5
8621 -8253
9459 4554
-5989 -8299
2464 2726
-5250 -705
1242 3732
4194 -6060
-317 -827
-6976 765
760 5378
