10
-79 757
-40 -333
-505 -723
-36 -23
-8 200
-56 -148
519 542
337 839
-470 -792
255 -436
15
926 833
-767 -915
493 348
-430 510
541 309
-963 -642
-67 -557
117 -681
24 673
-587 -271
-329 -467
-631 -134
-543 986
-599 192
862 -286
20
655 -504
640 -787
-171 275
246 -241
953 131
-631 -159
-629 87
-36 -351
-609 -130
472 -327
336 676
-558 380
-950 995
-182 -981
882 -431
-712 589
-672 -589
-665 -81
774 -263
-877 994
25
174 -434
-947 -571
520 -581
-964 -208
907 459
371 318
552 999
-397 -212
80 506
553 358
-289 -504
-568 -130
79 -949
728 558
-790 494
572 363
-315 -29
515 -777
580 787
333 744
710 649
50 -677
-172 430
376 -831
97 -507
30
-92 914
-598 115
-792 209
-765 -974
-596 814
698 -423
-152 154
54 347
870 180
762 581
939 -447
-711 96
642 235
-660 -10
-249 823
717 34
-686 -938
-270 730
999 -78
682 634
93 -862
-225 969
357 754
-940 -931
530 -476
593 -581
-853 399
-534 -593
-582 453
-829 -730
