50
4866 -9078
2352 2098
-1268 7339
3877 8049
8956 -7563
-756 4639
-1286 9284
976 4500
5092 -3791
-9172 -3780
162 5366
-3807 -5477
3037 -7029
7240 884
-795 -9418
298 9152
-2999 246
3722 -8991
-7278 -2051
5666 8350
8256 2071
713 2679
-7510 6743
-4637 -5914
-1459 4146
-7756 -556
6622 -2855
-6272 -5190
882 9226
-1713 -7279
5311 -8753
-8480 -8969
-4075 4817
9431 -6228
7668 -6549
-6909 -7248
5878 -9253
-3839 8159
-756 7465
220 9005
74 -1684
8852 -3240
5562 5962
1217 1474
-9316 -4689
9991 -9577
-3842 7910
-3083 -4786
9563 -1380
-4531 7030
80
-4507 1616
-8818 2175
-2908 -7246
-813 5611
-5043 -6299
543 9137
-3772 -8321
-2430 6588
-7668 7190
2170 8216
-3909 8807
-9418 7142
-8752 -9473
5582 9975
-9095 -6983
4573 -9052
9975 -9133
-2879 -3996
-4424 4508
2812 4667
-6999 8831
-7644 3299
3567 6193
7539 5796
-4186 7652
2281 -8885
7429 -1675
4832 5941
3482 -6519
2461 -2855
6871 -831
1915 907
-5088 -2355
-4866 3174
8376 -3745
5727 -5677
-8331 -6125
1842 -6187
-5007 1259
3710 -3995
7478 6752
4538 9440
4249 -5095
-8786 8527
7301 -5311
-2433 -8414
-3205 2184
-6683 7571
-2531 5950
-6302 -5105
343 6456
-7774 5903
-2883 -5035
-4292 5527
-2007 -1764
7248 -3679
3360 -1294
-4380 -3103
9569 -3800
4892 7761
-4150 4643
-7360 376
8999 -6759
-7100 -123
-2386 4072
-514 9789
1410 364
8470 -9211
-5998 -3473
-1505 -9072
-2647 -740
1592 8056
-9848 -1817
1126 -1948
2567 -9578
-1793 -2042
-8723 7829
2125 -8375
4433 5912
4704 4448
100
-2704 -4710
816 -7953
342 -9154
-3520 -8902
-7432 8710
6321 1504
-17 7601
1717 -1024
2136 -3763
-9862 9276
761 5095
1276 4151
-321 2668
-3465 4932
-3439 4280
-628 1210
-2371 -4029
3929 2012
-550 -6465
-15 2137
-5800 -4898
-7483 -7011
-3488 7770
-909 7368
-7276 8972
7310 4071
-2994 5352
8114 -4662
-7343 4163
2772 -8209
2716 5358
-4342 9363
-8687 8815
2081 3058
-6333 1106
3158 -5175
-1955 -6886
3596 -5028
-1403 -538
-1388 5514
2686 -7807
4458 -1136
946 -3111
5504 -8332
9291 -4297
9754 2957
4150 438
2977 -765
688 -115
6871 -1132
-9675 -5763
-2831 225
2592 4331
2804 2037
-3948 -1695
5394 4129
8301 -6275
112 7999
7967 1132
5472 1723
-1158 -2076
4461 9901
9092 -1581
8149 367
-1009 -6792
-8558 5650
-9498 -7032
-9064 7989
-9665 -3704
7927 -9224
1863 7249
-6312 6732
-7385 6707
-8817 7087
-55 5417
8079 2348
-7244 593
6247 -1313
1671 6292
-5898 8503
4974 -2420
9297 1438
5049 -3597
3966 -328
4090 1754
4631 2520
-5928 232
3248 -3972
8978 8776
-8012 -223
6247 8599
-1594 -7430
4672 -2411
2755 -9932
-4732 -4437
-2607 -3191
1799 2520
-1100 8631
2366 -8356
-6182 3515
