100
-5933 -9533
-5750 -5494
-2401 7115
8389 2212
-8968 655
-9658 4852
9348 -3707
6089 -8166
-1035 -6434
-227 -282
4516 3128
5328 -9784
-9982 1507
1208 -8763
4937 1279
4288 9385
-2326 2919
-9501 233
3630 -3397
-6712 4950
1551 8638
-4860 -4942
9463 -7925
-6271 -3631
7888 -6755
9301 1759
366 -9220
1297 -8446
-7934 1018
8648 7002
9473 6982
-6098 -7087
-4125 4674
-5111 4921
-8595 1982
-2320 -2863
6670 4090
-7088 -7283
-4233 4678
-2708 3407
7366 7216
-9248 -2197
974 6287
6323 -8257
2594 449
-3614 6268
-5095 9384
6473 -8434
-4327 9152
-8860 -6713
-171 1564
-7590 3078
-5330 -7569
6844 8601
9810 -8333
-1223 -6146
5723 7306
-4188 6697
-312 -2217
-9156 6228
-2949 -6663
8917 1879
6268 -8701
-4327 -9960
8259 7120
824 -1163
-8159 -6347
2219 7090
-1020 7920
7938 -6703
5330 6833
-1845 -4813
-1411 922
9172 8337
-5843 -4487
2694 -1276
183 -5178
-4760 3912
3632 5118
5442 9606
-7797 4290
-5182 3432
-7525 -9395
-1992 -8992
-2878 -8352
-247 7762
5756 6812
9523 8496
594 -491
2801 6625
968 -9315
-2000 2554
-573 7655
587 -8751
4249 -2262
-6020 9865
503 1909
9410 4388
8018 6875
5211 -5930
200
-2906 -3217
1545 4912
-7924 -7111
-8168 8586
-8372 -2265
-8526 -8313
4152 6160
-3590 -7078
7953 4903
-9941 1700
611 414
-2985 -6621
6439 -9010
2865 1913
1141 7610
2078 -6529
-1243 8791
-2028 2254
-5113 -7575
3445 4301
573 -8968
-5299 9486
-3866 2501
2498 406
-6333 8005
-7217 -213
-9438 -8185
6993 -2902
-6986 2439
7297 6438
3969 -6185
-9594 5560
1637 -2326
8659 779
942 -9650
-3922 -1265
5318 -2073
1257 6620
2437 -1459
7249 -6792
9710 -5548
-929 -6658
-7582 -8752
-7903 -9766
-5906 9912
7844 3140
-5625 -2786
9218 6444
-9893 -1073
-6887 -2663
-7035 1171
-1106 9833
9193 -993
2928 -6263
-121 -4771
-6785 -8671
6983 2196
2724 -4397
1534 -3119
-295 -8609
-9129 -870
4054 532
5862 4360
-6683 -1661
-9600 -6221
-2278 1199
-96 -1162
435 2582
-7027 5592
-276 122
-9233 9247
-4142 1688
8630 -2293
4070 -7030
-9551 8960
7866 8634
5901 -8122
-5026 -267
-2262 -9895
-1905 -5231
3229 1165
-8552 6187
3904 -476
6467 176
5574 8235
9141 8482
-2784 7759
-3392 3397
7409 3477
776 4628
-8863 -7874
6284 9121
-2638 -5796
200 -8804
3750 5996
-9654 -5128
-8176 8809
-37 6856
-8176 -8719
4704 9644
-9621 -6798
7129 -4227
-108 -405
1825 -3462
1560 -4444
2842 -9612
5250 -2880
9030 6709
3856 4395
8314 -4651
1307 9621
-7997 4778
3593 -2999
6159 -4563
6343 985
8342 8654
-8869 -8872
2043 -4300
2235 9877
-2212 -5058
974 226
-6131 7141
-9172 -9561
-629 7188
2799 -9404
2543 -4795
2333 -3566
8828 -7329
3504 -2828
9390 -3498
-4314 1513
9091 8075
-8856 -8510
8892 4489
-9644 -7602
6359 988
6038 639
991 3339
7291 -2850
-7467 5419
-7683 567
-4673 -9166
161 5246
3323 1812
4894 -2729
-136 4689
-7665 -6294
-9344 -7012
-4470 7457
529 4044
-6398 -36
8129 7689
9097 -9511
4154 -4309
-8849 -2535
-3996 -7241
-7216 -7570
-872 -1707
-2086 -4132
-5730 4559
-2827 254
-7290 -2903
1777 5136
-9182 4701
-7843 8420
-4580 1604
-6791 2178
-7963 -1527
-8010 -7688
-2975 3505
-1706 -6686
7602 -5612
62 859
2642 -4446
-6556 6524
-7070 -3920
-9881 6349
-9751 9340
3902 9149
-1867 -1642
-3802 1912
-874 6663
3244 2655
-5365 -8392
8537 -7622
8772 154
-6830 -255
9655 -3016
6524 -7680
2672 1628
8259 -471
1775 9477
-2364 -5614
-7486 9488
2514 -9705
3900 -4212
9716 -2957
-3483 2276
-1857 -1861
-2951 2218
300
-2900 6805
7557 3844
-7845 -2937
-9104 7808
-8779 4504
-6393 7208
5441 9801
-7079 9896
3576 -7621
8900 -9652
-6632 -1034
1549 5602
-7840 1393
6807 -477
868 5340
1013 2139
3110 -5318
-9813 -9954
6392 9493
-8186 6854
8215 6059
9430 8477
-5908 4922
-6849 -9008
-4154 -8273
-5351 6852
-7903 -9538
8365 3037
6916 -2745
6656 -9087
-5465 1585
6171 5167
4143 1307
602 -9112
7956 2898
2202 -6444
-7114 807
-503 -8245
-484 -386
-1140 1913
-7582 -1666
7086 2568
-902 3852
-9015 -348
1673 5430
-7849 -2459
8347 -5581
38 -8712
-8770 790
-5966 -6767
-432 4610
-7927 -416
707 6749
1519 3504
5027 -3693
-9315 -8692
-2149 -8423
8044 -5298
2623 5150
-7405 -4685
-5668 1213
1870 -7368
-1491 7563
-1632 9025
7622 7209
1682 1250
-8546 -6090
-7188 -7160
-1716 -4483
-1716 -8408
8659 -7307
-5627 7381
-7403 730
-1219 6339
5298 1403
-4470 5761
-7813 3338
-9035 -2948
6552 4232
-5929 -956
-5074 -8164
-3656 -1380
7133 -9056
-7760 9519
-8691 4736
9692 2664
9834 8512
-2674 9293
4347 -2937
-8322 4972
2267 9730
699 9421
446 7751
-9814 -1217
5686 -2943
-6561 -7614
-4039 1371
1986 -2425
3304 -5508
-2849 3291
1455 9524
8220 1387
-3154 301
-5175 222
4563 9343
-9972 -5937
-5055 -8468
-7475 182
-4452 7540
-9343 6649
-1153 1951
4348 5353
6166 3696
6786 985
-8787 2878
72 -9810
-1206 -4267
7699 4591
5043 -3067
-20 9209
-9554 9339
8107 -3442
961 8760
8167 9500
-9526 -1123
7055 7065
639 -3329
480 -6889
8875 -7765
2451 -954
1917 5866
40 3586
3490 -5570
2988 -7402
8998 -4866
708 -7637
-1553 -9651
-1374 6885
-4338 -2791
-2862 8933
-7176 2568
-435 -5972
-1934 9904
-1759 -3241
6581 4479
-3209 -91
5558 6446
-5656 -8236
5610 618
9518 3267
-8573 -1806
-4649 1283
2292 -9622
8495 8416
-232 1179
9424 9264
9591 1772
-342 1207
9648 -4926
-2687 -4246
4233 -9135
5400 -8538
7358 3493
6398 3681
-1944 9108
4061 8186
3550 -5874
8342 -3721
6441 5205
-9643 -8595
9968 -1000
-1710 3971
1500 2112
2348 -3932
5844 2998
4323 -6357
7823 -2676
-7407 656
7309 -872
-4728 5638
7981 -5468
-8364 7056
-3130 565
-3709 9540
-3059 -3099
-1480 8643
-3977 9632
-4784 6550
22 -1576
4644 -9923
-9583 1880
-6612 -1444
-1309 7131
-8977 9158
-482 5404
2313 -1346
9120 7098
-7738 9462
-1236 -5997
-2682 6828
6695 195
-7427 7881
4043 3137
-470 -4740
9872 -8209
7901 -1506
2349 2529
-5018 -6834
-6473 1974
7393 3722
5272 6117
2429 1468
-9653 3112
1237 4981
-7470 -3328
7964 2143
-3847 4144
124 -6724
-9122 -7458
-8654 8463
6206 1943
7464 9301
5801 -2436
401 2694
-6360 5920
4450 -2891
-4231 601
3583 344
-4583 -7200
-195 2951
4908 9471
2169 7683
9653 -3690
6220 2826
4810 -6749
-9231 -9913
1809 9586
8202 2064
190 979
7601 1571
6857 420
6463 -8259
-1454 5029
8547 5337
8284 -9086
-4133 -80
3979 1186
7205 -5540
9508 -1919
-3698 9256
9449 -4359
4507 -8682
-1839 1746
-8429 -3979
539 3590
-9855 1862
-5260 -6502
7631 -3909
9506 -9030
5592 7589
9967 1916
5393 8669
-1197 264
9745 -4852
-6272 -7274
6963 -1944
2412 -7844
-3452 784
-5999 1022
-1499 5865
-775 -7311
1769 265
-3168 -2607
7609 -1056
-3540 5467
5307 -5214
-1126 -7210
-1508 3890
1747 -3868
-5586 -260
5977 -7152
-4383 9244
-1206 -6198
-4394 7729
-702 3967
9987 9974
6021 -5904
6518 -5149
2718 -6393
2634 3694
-721 -1863
3466 -4916
-5998 -79
8076 -1264
-581 -8663
6621 -3734
3765 -9230
2534 -7568
3002 738
-5722 7951
