500
-680 -7482
4124 -8489
4493 -1232
5027 -8806
-611 -5870
-4534 -382
-7709 -1936
761 4775
1081 6344
3748 7647
-2891 -9431
-318 -9894
-544 8223
-7915 -7682
258 -4782
-7880 4763
8839 -5162
-5234 9935
-6338 -4813
-8472 7450
8683 -1163
-5516 2803
-1720 4654
-6545 4783
-1469 -6564
3658 5178
681 -3574
8409 9389
-3385 7994
-1375 7830
7384 417
-9449 8861
-218 8139
7410 -3366
1705 -9692
2136 1691
9593 668
661 8116
-6402 -6257
5093 -8453
-7683 -5141
7677 2394
5901 -1041
-8646 8141
-9609 2840
-126 2138
8548 -7558
3593 6897
8855 1363
9699 -1504
8932 -632
1696 3987
2758 8500
-8515 -8356
-8235 -2490
-3282 -6157
8550 1069
-1886 7641
-1719 -7802
-656 1553
-7953 -1619
1321 -4540
6853 -6433
-8904 -1792
7220 6004
-2225 1336
579 -637
7374 8834
1619 -2672
2698 -6904
8764 7195
-7653 6559
8882 -7959
-7229 1677
3566 -2844
8934 -2127
-4124 7358
-2860 -801
-577 517
-1949 -1689
3090 -90
-9958 508
4560 -1886
7927 -4467
235 -8620
-4461 7491
7439 -7286
-5891 4704
6783 6489
793 -8471
-3279 8861
5935 -797
-2935 -8408
-8046 -1629
-9704 5224
969 -1347
-9132 -296
7113 -5487
-3023 8762
-7278 8611
-9137 6866
7232 6747
-5337 4549
2095 -1924
6587 4212
-4264 -990
7728 477
-6178 -2141
5579 3861
4602 3973
8185 6029
7292 6957
7943 4563
-7126 -4672
-4710 6188
8075 -1914
6362 -7201
-4291 8374
7026 -3830
-1599 7664
-2319 8561
-5920 2437
-886 -6162
668 -5071
4044 -8576
-314 2787
7969 -341
-4259 790
-5507 -6049
247 5164
3349 9481
-497 5553
-5414 8231
6929 -2520
-9397 -482
8413 8549
1350 -9946
8706 5729
-7661 -991
-7461 9577
7636 -4493
-4750 5276
-6493 -7729
-2043 -9499
7422 7588
-1742 989
2986 1311
9285 -5792
7943 1698
8177 -2763
-7872 -6560
-7966 5864
-247 6079
-5271 -5054
5856 540
2416 -1606
-2570 -8658
6128 -884
-8195 -2196
4254 6977
569 356
2677 -7446
268 5372
-4333 -1756
-4078 6271
-2040 2161
-7342 203
-913 -8096
4810 8983
-8291 -4866
-9134 -7795
-4710 8510
1196 9891
-1719 745
4515 7862
8381 -3459
6569 -1230
-1352 -955
-7543 -5206
1941 -9129
-6311 -3106
-3078 -4047
-3071 5970
-5185 2418
-5734 -1368
-8837 -3503
1693 2959
-7213 -5101
542 -9791
575 9301
-2580 6608
-4345 -2612
-924 -1325
-176 -289
-4494 9632
8052 -9019
4342 -2364
2877 -9072
4981 -4418
302 783
6175 7283
1798 -3125
-3136 -2477
9626 -9847
3717 8318
-2902 7141
-2618 7653
9927 7001
9875 1023
4397 -6945
8929 9427
6131 -1008
6729 1263
-7622 454
8747 -8508
-9860 -3142
5105 -4010
-2065 -3246
9490 1371
4049 2414
-8810 -150
8865 -8537
1105 -9122
-7266 9209
6267 -9659
-7356 -5582
2982 2866
82 9535
5213 -5775
9079 -7906
4931 290
6122 8179
-4911 8482
-1209 2915
4468 -5855
2564 244
8921 5052
4764 -9492
-168 -8611
-8715 -6586
3513 1356
9726 697
-9260 -4672
-817 4198
-6943 -5547
-2314 -7168
7477 -3250
-9320 -8877
2729 4752
-2989 -6321
-5156 -2860
-5929 -4330
-9963 -1904
-2460 1460
6868 6622
4452 5842
-4723 -2038
8994 -408
-8504 1320
-5539 4584
-2746 9061
928 -6069
6233 -5098
782 -1383
9678 3947
3902 -5525
2013 -1636
-2164 5060
4545 4367
-4612 -6494
8265 9622
3011 8596
-4205 1027
4518 -5609
-2763 6465
-2524 -9456
-4462 3242
4601 -663
-9571 -7920
4138 -3136
-5087 5704
-1655 -6742
4891 3852
2692 1549
6495 5600
7574 -6754
6562 -8308
3611 4024
5364 -3582
12 1345
-1579 -1848
-2133 170
-4007 -4291
-4747 9359
-9046 -69
-7221 9690
-4296 -59
-9572 8051
-4411 -6030
5953 3692
686 1575
-5618 1474
3258 9147
7295 -8962
-9262 4429
2868 -20
7064 504
-1255 6645
4731 351
-2082 -8424
7215 7447
-9488 6779
-7701 -8912
-3788 8222
-2793 6085
8850 9698
6371 5847
-6146 6900
-5753 -5432
-4012 -4860
-6666 3847
-8853 1890
4532 -5929
-7844 -6944
-7501 -9154
-5831 -2969
2539 -6510
1451 7703
-3696 9398
4689 7297
-5624 -3595
2847 3261
9893 6876
-1802 -127
-3386 -2977
-7138 -5510
1568 1585
-280 -1105
1381 4820
2385 9422
-4252 2092
-2996 2162
3536 -899
-2163 -9166
-8208 -3782
9369 970
-5102 -221
4650 5245
6130 9978
4440 -7205
4957 191
8959 -8074
-1546 1262
5541 9224
-1179 -9844
6741 1221
5511 6233
-7061 88
-7153 -9697
1927 -4115
9824 -9536
3691 -8894
-3599 1532
2363 5580
447 -311
-1434 4820
-3271 -7335
-124 -448
-349 6724
508 9374
7539 5916
-4871 -9682
3179 9851
965 8285
4690 1190
-9626 2959
-8043 4057
3819 -4854
-184 -1628
565 7435
-957 1256
-7404 -913
-7698 1567
-6325 7852
7852 -2344
-671 2033
1282 -8070
6425 4492
-4625 6135
3247 8576
9850 -845
-3495 -3473
6066 -3332
-1500 -4726
-5225 -205
3207 -3125
6036 4620
8780 9502
-3072 -7140
7016 -7345
7056 6888
-1277 -6555
-7382 -4459
4394 -8106
-4450 1221
1391 5099
1922 6398
-9085 -3550
5583 -5475
5997 -8298
-7394 -4049
6447 2815
-2684 1453
9290 2883
8308 7596
-2812 8566
5646 4255
3495 -4214
2696 3396
-5771 2978
316 510
-5800 2521
-6653 3250
-4237 -5530
-8231 1824
9748 -5978
-3388 175
-4161 4514
72 -6273
6034 2300
5282 2152
5661 7987
-703 -6344
-2171 -1451
-6554 -4716
7555 7170
-7918 7094
-4036 -29
7628 -4659
-9333 3659
-2129 -9817
-4761 2354
8432 8103
-3128 8531
-9489 -175
2941 -7877
4220 8203
-2592 -1776
-2280 8990
-5436 -7390
2307 3832
1253 -7974
-2437 3737
-7512 -8819
-9635 4861
9414 -8748
9703 8097
1404 -8353
9369 5532
-4692 1791
-6395 -6869
9404 -1650
-3742 -1264
309 -9516
-9397 -4916
9467 214
-6436 4707
4472 -9341
5542 -5031
-3299 -7556
5514 1027
6470 339
-4332 -1833
-3899 9662
-3330 6187
-5083 7884
-4137 -5746
-3199 -3196
3718 -6834
-1893 -7409
605 3854
5948 -9162
-2339 -3324
-9544 1449
2908 -5075
943 -2928
-875 8691
-3293 -5749
-3238 569
3193 -1966
-7638 -8866
6682 3241
-5668 54
-9678 7388
3893 7516
-2270 -7882
7764 1099
-9121 -8908
-5793 6150
1981 2829
500
-4624 -6073
7800 -5910
4922 4690
5114 3687
4068 777
8665 -6008
-1275 -7115
7673 -5106
-6018 4563
-549 -3599
2464 -1203
2418 -8723
6081 8215
-8798 8052
5535 3575
5302 -6654
5060 -4154
3002 -9567
-2936 -7347
-6986 4009
-8548 4175
-3208 2770
-2062 5801
-3430 5577
-8589 -3906
3448 -4852
-1483 -4179
-8467 5298
821 4262
5907 9873
8924 1517
-6134 -8244
3158 76
-7306 -2063
-1834 4685
7656 -1680
8645 2280
-9119 -300
-1502 1152
-5379 1847
9388 2053
9650 6372
-3810 4912
1219 3080
-9926 -844
8706 -3873
9305 9140
3583 3452
4461 -8182
8273 29
-9503 8349
-1398 -7615
6769 -1185
-6615 4776
5406 -4609
-3250 4845
-8726 -1923
-6545 -6702
-8304 4822
-986 -1190
7843 4870
-1218 942
8302 2301
-1324 3505
2433 -7595
4585 358
-6399 1130
8886 2443
-2276 -9636
-808 -5018
-4325 2372
-9307 2841
-6274 -1498
-6009 9362
-7400 3881
-4397 1951
-4862 -8453
8752 4224
7756 -3685
-3643 -3014
17 2769
5918 6361
1692 2245
5822 -7007
9205 -5850
-3620 -9095
-9569 -3349
-7143 9991
-8306 -1594
-6516 6147
2524 9726
-7047 4323
5033 -898
3911 2302
-4641 2248
-5796 -9691
-6242 5836
-3547 -6388
-6349 9791
-1860 9526
-7665 -2040
-2575 -167
-4884 303
-3411 -8867
-4433 9291
256 -3561
-9905 5661
3104 5788
6348 -54
-2503 -5545
5475 -6520
2422 6828
8915 -3230
-5436 -7643
6054 -6485
-8973 7243
-8125 -5324
-2385 -6399
5616 -3287
-1249 -9934
-7156 -2668
-4370 -5741
-6420 -4986
8823 179
28 4902
-2942 -8515
-4277 6797
2067 -2542
-2407 -8634
4736 3138
-9742 1755
8031 8393
-8257 4553
-8640 -9695
2248 -1255
-9998 -5318
-74 -2290
5242 -9040
5463 9751
-7687 -898
6107 4721
-1873 -9818
2324 -9826
7040 -9638
-1862 1138
-5467 -4068
1425 4909
-584 -7898
7337 -826
-2650 5119
9037 -9640
-4693 -4539
483 -4712
-4452 -3122
6961 5093
-7171 -4740
4834 -3967
4109 5612
-6488 6049
4854 3511
-1908 -9879
-6364 -9592
3053 -1194
-4554 4154
9030 -8318
-8880 8660
7481 8932
6215 1516
-2394 7537
-3229 5628
7117 -828
-4069 7316
1232 4007
8536 2917
9586 7511
6847 -5799
5507 -1041
-3322 -9856
-2502 235
-2872 6466
-8390 3223
-1862 -2156
8402 -9890
7108 2162
4581 -8322
3320 -3944
-6746 7759
4746 3180
-4887 7131
-8529 931
-4354 5908
-8760 8275
-6632 -8930
2958 -9444
9124 -2185
-2238 -1913
1597 -154
-7534 3128
1896 4579
3264 -6184
-1099 -4380
182 4456
-9585 -6620
2678 2409
275 -675
-5094 6485
-8354 1722
9992 2653
7023 -492
1621 4743
2912 -3585
-2595 6185
-7960 -4712
898 -6326
-9334 2515
2311 7904
-3602 -150
-6653 -9002
-1973 -4496
-4099 -9223
847 -3810
2385 7047
-3231 4634
-3165 -6376
-2760 -307
-1859 -9196
-5405 1450
-5584 5638
4602 -8689
2920 5427
235 4010
6796 -3157
-4976 -2798
-8009 -8659
-2071 8517
-9213 -9480
-3826 -3266
-4396 6285
-9366 -5178
-7178 5983
-3618 9120
4875 3157
-3051 4110
9196 -3004
1906 -9509
-1933 -2019
9274 9497
6969 -3024
-4393 4635
244 1230
-162 -8774
-5456 -5247
880 6505
9909 -5294
-3539 -8251
-5432 -3547
-8891 -5520
3158 -8569
-1187 -7411
-7222 9189
4152 -9216
-9407 3341
7158 -8758
-8900 9864
-6806 -4945
-5587 5758
-7892 -598
-6590 -8590
-3347 -4481
764 -2085
7897 4512
-8454 -3766
-9927 78
-3442 -9067
7512 6549
-3093 -6319
8301 7983
9435 -1683
-5894 -2699
6209 367
-1457 -406
-1276 2927
-4856 -8501
3266 -6083
9904 7703
8893 -5617
662 -9683
4673 -8447
-2614 8014
-661 2232
-9056 -1062
-3443 7283
-8745 -1067
4105 91
-6087 -6731
3135 5368
-6727 -2481
-2531 -8114
-5783 1244
-3736 -8322
-8406 -3338
8771 -2554
-1993 9763
-3004 4551
6053 -5226
-8563 -2327
-3729 -9379
1524 -2979
-7545 -9685
-6229 3683
-3116 9588
-8682 2631
489 -3035
9635 7350
-261 -1604
705 7384
-1736 -2836
-8001 -7063
-5115 -7656
-6569 -6814
-4102 -3515
779 -3034
5666 8135
4924 6752
7975 -6673
-9999 7308
-6482 7664
4508 -6344
8615 7785
6863 7413
-9961 4739
-5478 -4338
-7189 -8400
-4025 5338
-5786 -1374
-7265 -288
894 -9640
6331 3467
-407 -1969
1945 -5975
8219 6974
-224 7823
1378 -4067
-753 339
2777 -7234
8792 -2138
-3321 -5712
7479 323
-6830 2842
-2465 -9284
9008 1039
2506 1314
-9758 -1596
-4260 5220
-2813 -4864
-1523 294
-8980 5306
-7426 -430
8955 -4345
4479 5095
-3025 9987
8387 -1803
-3848 -5871
8174 6643
7126 -5883
4395 -6607
-9650 -5172
-4307 9637
9024 -6161
-2927 -8082
-3611 -4468
2691 3245
1888 -2341
-7650 9694
-1913 -9079
-2288 2454
4407 7641
6643 6175
-9896 -1360
-5856 -1364
9206 -8369
-1574 -9832
-7523 -8830
2174 -6908
8345 -489
-1110 -9472
-7966 9773
-4547 -1020
5012 6283
-4994 -3071
-7618 -7835
577 -1205
259 1335
2136 -5700
-4744 -1473
-1935 -2909
-4376 -5759
-6723 1159
8722 -4406
-9562 9042
3300 -1120
-9821 3088
-4680 -98
5122 4194
4392 -4988
1383 5186
-3695 5425
7091 -6669
7498 -9013
-7536 -7178
7859 5346
166 -1757
770 -4641
3241 -422
2827 -4270
-6947 -9954
8638 0
4264 582
-5898 -8501
6456 -4800
8302 -1136
-2116 -1353
-5666 7337
5142 -3225
-4166 -9053
-13 714
-2219 7447
6004 2035
-652 -9559
3313 -4661
5938 -3792
-752 -46
6368 6704
9446 6121
-5123 1983
-1628 -7323
2531 -8974
-8871 7997
-5295 -372
-7420 5553
-3786 8528
-3425 2599
-7767 6181
4118 -7928
9443 -628
2102 3697
3095 4029
2242 5641
5186 -9696
-6462 -4439
1627 689
281 2396
987 -8807
-1452 -2069
4279 -808
1054 5209
4773 9548
-3719 -4984
-1439 4921
-3116 -7363
-5958 -3103
980 3612
-5333 -8093
4678 -303
-3335 -9661
-3171 4380
-349 -9854
3974 2444
7857 6243
-4809 2441
-6585 8758
-6045 5989
-9761 -7230
4015 4315
7191 -2693
5921 -8966
6485 3911
-885 -5003
9365 -9560
8459 -3367
6125 8280
-3612 -7582
-5597 -7549
-7692 -9289
1466 8036
-6573 1506
8411 6206
-8099 5033
-1544 966
-4853 1606
-4856 324
5954 554
-3611 8331
-9897 4940
3186 -2609
-2760 7132
8362 -3333
-9752 -7289
-4648 -3830
4902 -9832
500
-2050 6012
-7013 -552
-4623 8921
2025 -1072
2943 -4390
-6322 528
8588 5207
-4302 -8901
-3296 -971
-7861 3374
6890 -8915
3576 -7584
-2807 2013
3120 -4597
7893 -8680
7597 8962
-5923 8259
-9169 4427
-1987 5492
-5695 -9752
6206 -6589
-6510 -75
-4158 7833
-2977 -9326
7565 4270
-4423 -329
-7036 5269
4076 6330
-3512 -8972
6688 -440
-1328 8697
9076 1265
-5867 4719
-5339 -8945
9351 -8056
-4739 2931
-6117 3868
6462 1097
-4341 8912
-9113 2981
-6512 -5561
-1130 -3294
-4627 3261
-7375 9723
8694 798
1615 6140
-8238 -1312
7941 8649
-9406 9675
1425 -6560
-5097 -5439
1983 -707
1458 9436
3023 -8838
-587 -9764
-5013 -7387
1120 3367
6747 1278
1408 660
4692 6560
6236 -8118
-5171 -2454
-3077 -9821
7241 -8076
4830 3960
-7786 5037
-6746 -2432
-6636 7680
5237 4073
-7773 -3625
-214 -973
9354 1215
-7114 -1826
-9408 6334
1910 5431
-1364 -8052
7366 6036
-1799 -7380
5170 -1580
6867 -6423
-3593 465
-4100 3121
-766 -5772
1911 -9395
-7273 1335
-8146 8394
-3131 1143
-7073 -5393
-5107 -9466
-6021 -4439
-930 -7786
9949 -4057
1703 3468
7198 7267
7158 7226
7256 3015
-5938 -6417
5099 2843
-8343 -3911
-7405 1551
-6607 2816
4611 6050
3090 -963
4364 -9591
-4155 8145
-4608 4596
8386 7045
3573 7967
-5818 1674
-563 1825
-5634 8267
-8045 8424
772 -591
-3604 -6025
2835 -9618
-9072 -4871
-4217 5433
-6862 4189
-8758 -5523
9449 -8104
8171 3039
-4593 5338
2515 6274
-4740 -7337
-5445 -4971
-3365 -5450
-8382 5790
-5664 288
-5116 7516
-1110 -1039
1394 5698
6832 -5020
7050 -1491
-9454 -813
8235 -6880
5415 4489
5146 408
-1709 8276
7779 -1798
2281 7384
-9 -9211
-4687 1568
2963 -1310
6020 -2877
1995 9153
2799 -3831
-1710 -4601
9147 7492
-3645 -9768
8730 2926
-8207 -38
-8934 8563
631 8111
-9558 -5241
-5291 1481
-8797 -2788
5287 -5876
8986 -6016
1631 -1710
-7062 -2295
-8990 5783
-2550 -4624
6333 4851
6559 980
-5263 1836
2554 3775
4481 -49
2790 -6304
-9722 5924
-6717 -1084
-5090 -9203
2003 -6620
5926 2450
9976 -5072
3296 2242
-5334 7879
1558 -4140
-7910 6605
6289 -5965
-1996 -8660
8428 -3685
7650 -4767
-2781 8866
6345 7575
5556 -4002
-1976 2196
-5359 -8245
4963 -4416
-4598 9262
7813 -4264
-166 2812
3717 3577
6096 9597
-2022 -5944
514 6939
-6649 606
1072 -319
-1192 -8832
941 -2665
478 8226
5125 -7971
5402 9523
-9313 -199
-4771 176
-7450 5024
-3653 -3631
6668 -4837
-3386 -8
4978 1838
-1409 -6997
-454 -9375
2940 2466
-4543 8929
-3774 7488
-6145 5527
1342 -7385
5077 9451
2945 1829
821 6686
4297 9399
-4226 -5329
5298 2452
412 -4998
-3732 7622
6439 -9048
6517 -7017
-1901 -1248
-9143 338
3452 274
-6728 9649
9980 8213
-9989 -9940
4035 -1783
-9215 7210
-6618 722
2025 -1069
-4567 9610
7566 -8388
5439 -8489
1369 -9577
-4791 -2556
7893 -6379
-4073 1747
3326 -5986
-3082 -6488
-5112 -1389
2451 -4164
3206 7836
1589 3779
-863 4666
-6114 -6572
5944 -2736
7364 -6643
7013 -3576
9805 -2388
1827 9512
107 -1368
5435 -2475
8050 -2963
3643 150
-9594 -6089
2077 -4134
-6010 -2288
-7527 -4653
5983 6817
-8549 -3614
344 5168
868 -2960
-1433 -6233
-1860 -1966
-1118 3021
2199 -3185
-9234 -6197
-6515 8061
3780 2008
-9493 1228
7152 9364
9476 5143
8202 1221
9333 -8530
-2488 -6434
-5853 -7609
6500 -4105
8223 7090
-957 135
3272 8479
-3873 7369
-8926 -2803
-6361 1692
-4619 3866
2517 -1057
7810 2075
-9548 543
-7092 -6829
-8710 -6723
9980 8326
-2183 8436
8141 4294
9738 9674
9032 -9500
9137 -1803
-9135 5699
2022 7795
-4226 4871
-5637 -2385
4984 -629
867 -9927
8246 -9604
-6291 -1964
9879 3723
467 -42
-6342 8186
-7634 -5848
5631 -5466
-5920 -833
483 8954
-7609 -2061
-1379 -5066
5252 -4614
-8287 -9383
-4448 -6440
-830 8159
-4820 8261
2520 -965
2109 3990
3113 -252
5884 773
70 5902
718 5869
-4833 1063
4005 -5588
6310 -9648
-8878 2485
9436 -9972
4469 1592
2281 -2261
9699 -1846
-1178 -9748
-1058 -4604
-5795 6331
-9356 -188
4344 -6054
2481 -1950
-9682 933
-5901 8547
2869 2409
3789 8959
7670 2529
4028 -5583
-2225 -6190
-2486 -1804
3995 302
3913 7369
5174 3225
8313 -2612
-3945 -5008
-887 -9205
3968 -4677
-4739 -8372
-1988 -8149
7270 3517
-1994 2747
-388 -9656
-6726 -6053
1420 -1179
-3480 -786
-75 727
-1462 -6372
7210 761
-1887 2394
-406 -853
-5623 8558
-1266 -4976
7965 4896
-7989 7391
5430 -5772
5698 -6187
44 8964
-1693 -6477
2745 9283
-1435 7515
-740 -2380
-4015 8586
4304 2657
-9124 -7679
5030 1544
1689 -1461
-5652 9031
7365 1267
9103 4091
-1811 -4444
-6834 -3244
218 -3977
2267 1405
9884 -8663
6598 -8692
6164 1314
-5899 2155
8786 -5199
-437 -8744
-7833 -7472
4350 -9105
9243 2685
-5113 7535
-5885 -5342
8016 -9370
6999 3093
-7567 5454
4507 -4588
-3666 5105
5229 -4536
4590 818
2069 -2283
2792 -7520
-1435 3188
500 -833
5857 -6125
-9934 -3181
4160 -2251
1819 1813
4118 9596
8882 674
-8704 -8170
-7399 322
-2940 4366
-6819 3358
-4575 5334
3372 -8005
6798 -6101
-3916 -3143
3600 8307
-8000 4881
-7400 9215
-1145 -9382
7993 797
-6547 -63
6392 8585
8064 2049
-6910 6349
-256 -4480
-9755 -8056
6369 -9659
-8255 -9044
-4554 -9309
-4285 5356
-4424 1170
-1240 -5486
-2290 -7618
-4531 -6127
3568 -1241
4037 7140
6502 -3094
-1475 3338
7953 417
7422 4767
5130 6682
3295 7088
7674 293
-7516 7192
-6867 9807
-7977 5325
-294 3815
9264 1247
4761 -4678
3898 6125
-3685 736
-5231 -5748
-625 -304
-8325 687
5413 1159
820 -4735
-7638 842
-4532 2079
-8084 5042
-5412 -6594
-4247 -1332
4573 8142
8449 -6357
-3874 -2225
-5903 -4181
8639 -4795
-5244 5909
-5743 -7845
-7200 2394
-7245 770
4707 -3945
4823 7591
-8384 3110
-7325 -3723
-2575 -2216
5832 -5590
-4926 3228
-1965 -1890
3989 1352
-7002 -8882
-9494 7670
-5119 3030
6549 2090
-9988 9110
-8057 -9397
