1000
1420 -5403
-5256 7837
6042 -5638
-1149 991
-6808 8034
-3699 -7066
-3420 4442
4798 -2930
-2381 7314
-3973 7636
-6146 5146
6654 -8113
-6589 3430
65 -8730
-2121 4571
2891 672
137 5671
-3076 3810
4420 6051
-2569 141
3858 -2138
1314 2522
7311 -8610
-6504 -7111
-491 1847
-4108 -1718
-6376 -6434
7067 -9825
1625 9733
1967 -2971
-1973 9051
1085 2238
-9965 -4694
-2081 -1184
506 -3899
3948 -8082
-2773 -8592
-4824 -3783
-4425 4388
9538 3526
5273 4923
-7885 -4101
-4384 -1832
9070 -478
3156 4497
1931 5650
-9243 -6132
-3905 440
-348 -4837
-8248 6988
1132 -7756
8284 9953
9172 -2508
-3022 -7386
4789 7038
3739 1641
6029 9038
-6364 -1170
-6807 8130
-1766 8893
-3344 -6749
222 -8230
832 5345
-3113 -8682
3270 -5385
-2345 -9582
-2808 -1300
-4788 1296
-6277 5575
-4074 -5054
-1610 1417
-7819 5426
8975 7177
3923 -2000
-7369 3965
4027 1392
3392 6134
9649 3763
6595 -8530
5701 1670
9820 3262
1 8835
6373 8270
4131 -5713
-9912 3742
-7786 -193
-1203 7601
8508 8033
-7831 -2111
8860 2529
1380 -8131
5113 2581
4216 -6213
-7886 -9508
9529 -6331
735 4091
4339 -3698
-5419 3558
-4169 -7006
-475 714
-5217 -8888
-9032 2971
51 -9377
7546 -4238
5310 6276
-8676 2661
-7501 7143
242 -1942
-4826 -5295
7506 -8716
-6678 -6371
-6767 -6933
5108 5022
-9896 -5322
-6998 4049
-7586 -33
-7050 -2469
-3315 -4343
-4101 977
6658 -129
8991 -2402
-1860 -5472
6130 -924
640 987
41 8256
-1887 -107
3223 8009
5882 4238
-5534 2049
-4572 -329
4294 2001
7292 5965
2015 -6028
3097 -5065
6526 -9112
-320 -6547
4919 2665
-9217 1843
6252 -4682
-5825 -1166
2123 -1463
9133 -5747
-2771 -5439
-7952 -2687
9568 -2092
4407 9243
-8917 -8325
3031 -2315
8406 -2433
-2157 -6051
1551 -9159
-8562 -2689
8425 8743
-662 -4446
-915 -233
-6256 7587
-3662 -9606
1483 1751
-405 2466
-7654 -1122
-222 2402
5070 -3796
-1064 7517
9107 6080
9657 -807
-2369 2305
2870 -546
5841 5233
-1652 6086
-5612 -8005
-7726 -1716
-4614 7169
6571 9127
-8086 7767
-6043 -7713
-4860 -712
3108 3159
7577 -458
-2874 5352
8917 -6048
-9999 -4583
5628 1028
639 -5570
5833 4928
9716 531
-2821 835
713 9639
-2090 -9010
-6661 3682
699 -7016
-2 -8059
-6782 2351
-8663 2100
-2679 -4641
4734 5198
-7401 7707
3143 8889
-9057 -7148
9283 -3314
8235 -4192
-8142 -7617
4763 8264
-7364 -9197
3693 -7570
3216 7747
9784 -7396
1077 5215
-6600 7236
510 8438
-6097 -4199
3474 5053
534 5325
-6877 115
4639 -5748
9233 3888
-7625 -3650
-2985 6418
-7783 5927
-794 -8468
-4422 41
7777 9278
1832 4533
-4822 -9821
-7791 3047
947 1219
-2518 -7970
-4161 -5428
-6719 4372
7381 1245
-9238 5989
-9575 -2127
-3084 -8439
-4169 -5370
-6063 2822
-8845 574
-2031 -9819
-9679 -904
-820 9495
-7304 7055
717 9562
-7915 6443
6804 -8719
5968 -1704
563 4186
-715 1931
5997 -5798
2582 -9799
-4493 1159
-6863 2339
-3358 -4288
-5070 -4727
-8035 -9661
1869 -1515
7576 -9467
-1573 -5307
-3502 -6976
-1174 6946
8849 -8752
-3236 2049
-6871 8194
4646 6564
206 -6719
-2379 5640
-9411 6421
2235 2630
-8144 -4422
6980 -5929
-7248 -1439
6907 3273
-3665 -6756
3337 -1610
4984 5633
7740 -6594
5365 6599
2772 -9545
9816 7999
-5062 7432
-2452 904
-4981 2247
6770 -179
5459 5089
9119 3122
7415 -8905
2908 -632
-2547 6535
-5614 6941
-4110 6384
396 4421
-6990 -1095
-6034 -6174
227 5288
-8151 6576
4421 5089
-9584 2284
4363 454
7616 5156
-6050 2134
5199 3659
-1807 -1582
2314 -1379
1175 3404
4463 5317
3374 -4427
8250 8970
-731 973
8774 -597
9694 923
-573 4631
-4185 9004
1260 -207
6082 -8569
1031 -1458
-1569 107
7144 -4042
-7740 -3327
931 -14
-5319 9887
6753 1333
-4382 -7502
-1843 -866
-1284 -3691
2514 -6801
1245 6934
7017 7720
5028 -6605
-4187 -264
9149 -6530
-6195 -6709
2267 6496
32 6085
3714 8680
1238 -9639
7194 4689
-1617 -1875
-4911 9811
-7492 -4923
1445 7664
8868 2803
5182 -8540
-1929 -6783
4202 -2357
9913 -6764
9560 9131
8719 3324
4903 -676
-9527 1242
6601 8335
5292 -2108
-1382 -8125
-5556 3122
6043 -1936
4436 3432
9881 -2533
779 -4555
-6814 -9000
-8584 2984
8441 7890
-9928 -284
559 -784
9409 8068
3125 4335
5758 1025
1630 -6201
-9705 8885
-846 -120
-1377 -3227
2514 3601
96 -9579
-2857 1577
-4396 2171
-5054 203
3881 6772
6672 -7181
9552 -1198
-6891 5961
8220 4743
6759 4469
8823 197
8133 -7364
-2077 -7581
5683 6209
4032 3508
7447 -3587
5394 -7926
-8055 5207
-6816 -225
-1502 1970
-6336 2933
-1319 -4916
6798 -7218
1301 2068
649 5791
-5094 -9971
-5040 1391
3224 -9678
-3071 7470
-131 3079
-8952 1413
4307 4023
-4376 5395
-2709 -1368
-4286 6394
-3765 5493
-3624 -7362
6362 -3905
-5589 -8822
-2162 2267
5047 8743
-6574 -3760
7016 7275
4436 7129
3838 -7264
-960 -6449
-7227 6868
-5381 -6679
-1910 -717
351 -8570
7983 4218
6985 1813
-2460 -8793
-7346 293
-2219 756
-3921 -644
-9169 -9002
2439 8242
-7831 -304
-5813 8035
2948 6547
2121 7618
8006 -5962
-7690 -7561
5128 -7930
4313 3927
-1572 1835
3970 -3216
-7371 -9149
5428 4004
-1244 4875
-7316 -4737
1484 6169
-1625 -4100
3736 1280
4022 2459
-1376 -5478
-2600 1863
-8932 4947
-7937 8157
-3989 4950
-7935 5580
3802 2402
-318 -4097
2856 2245
5437 3833
742 1377
3000 -9445
1840 -1882
4204 7506
8232 2922
7403 -7388
-264 8650
2986 292
9280 -9914
5552 -7396
-2373 6757
7260 966
1408 -4252
-7434 -5803
5596 3169
500 -9097
-9929 5753
4272 -1661
-847 1834
6476 328
7949 -7431
39 -3592
-9957 4333
2359 911
-5240 -8138
2395 -9200
-3566 -2118
3030 -8875
-975 4251
-4718 -2425
832 2513
-6843 -2279
8494 2561
4223 -3361
1362 2114
-7621 5344
-9428 -1686
-5416 379
-6486 -1024
9564 -3947
-9623 9694
-356 8789
-4309 2780
-3553 6837
-875 2258
-9946 -7732
-5585 -2278
-3260 3522
6505 -5571
1536 4515
649 9696
9094 1414
6353 -498
9166 2508
637 -296
7723 6406
3490 1807
2923 6028
174 5777
1005 7958
4489 8982
-1862 9401
-5721 -7181
7668 -1194
2915 433
-8832 346
5905 -2837
4587 9784
170 -9604
-4383 -1656
3037 -4326
-8973 -5559
7475 7909
-5301 -1020
-7766 9061
-3687 -9330
4807 5238
3133 -9826
-4572 2687
1447 -6207
-8640 -6340
-3183 8266
8243 4976
-3886 -5771
3547 -2381
2544 -2221
-883 6319
-2193 -4582
3148 2554
6413 6534
5983 -1150
-8393 7158
-6043 2598
7844 7450
-6578 1696
8292 -8786
6353 -3367
-7492 -6759
-6572 -2545
-4168 2451
8591 9155
-1222 -1880
6545 -3305
-6927 -1305
-1411 -1840
8224 7040
-227 -4290
3143 -4640
-544 -1635
8081 -1926
9109 -9717
9860 -3552
1470 -9837
-6477 5920
-5033 6865
-3455 4682
184 8416
6766 -7493
-4875 -5181
-2486 8328
228 -5685
9583 9114
9301 4155
9571 -7672
-914 1782
9534 6906
2827 1282
-1275 7248
-9545 6039
-1698 -5702
7211 -4362
3263 -1630
9445 743
-4744 917
-1818 6784
-6024 6694
9488 -3441
-5409 3823
3986 -9501
-2951 4070
-9155 -4519
-6897 -6341
9631 -3260
-7948 1046
8059 9764
1739 -9457
4633 -2843
-7501 175
9685 1168
723 -1769
7346 -91
1377 9449
-4343 8876
5813 -6893
-4514 -8171
-5694 5435
8703 -4339
-2884 -6970
1768 3396
-2653 -3312
-594 6736
-3441 1174
-6957 1808
-9494 -5350
-9418 2186
4323 6817
3988 -3123
-2245 -5907
4354 -3997
8242 8899
8622 -4692
-809 -8309
-8479 -1387
-501 -2078
9633 -5379
222 -9183
-7750 -8394
5176 2902
-3016 -9562
818 7519
62 2988
-9943 7994
842 -8420
5724 -3356
-1118 -5418
7757 3239
-7464 2244
-7404 1244
-4450 830
-7359 6325
-4327 145
1477 1230
2072 -4915
8745 1343
9587 4102
-2769 7350
-7107 -7525
133 1822
148 -7830
7507 3052
-9087 -2923
7917 -9569
9306 3717
2611 5450
-8465 -1675
8646 -8321
9796 -9133
7930 -7355
-9510 -7129
9797 405
-2328 3424
-1754 7006
-3345 -8522
7952 7308
938 3897
-6459 -2651
8294 -9878
5655 7327
-1530 1619
-5514 5179
-1685 -9525
-4030 862
766 -7630
7513 1324
-6035 1660
2693 -8446
9058 1244
9646 8226
-9962 -1139
3894 1088
-2382 -9472
-4772 -6978
-585 2816
-5700 2261
5927 3260
-5933 9316
270 -7011
-1726 6845
9220 600
4530 5380
2648 -6058
5524 -1645
-2319 -7797
-3042 9754
-3566 -4809
9642 1105
-1432 -1058
50 -8321
326 -3581
-8365 5036
-5508 -6101
930 -6319
-1087 -3585
-1836 2644
-908 6593
9999 -9227
5059 5141
-8960 6483
2044 2301
-611 7103
-2312 8588
-3472 3464
8094 7445
678 -3175
-7428 3749
7670 3295
-9958 4805
-4921 64
-7119 1772
-8984 -4227
-5574 1654
-7708 -1487
7897 -4275
-9870 3015
5269 9341
-2489 7202
8592 -997
-8745 -7772
-4087 5631
8408 4893
-996 -198
-9938 -9457
-950 -6088
-2415 5401
-4681 8456
-8596 8692
-4855 3753
-8465 -9377
-5104 2360
3133 -6577
962 -3669
-798 8725
9957 -7830
4462 -2429
-6331 -3945
-1807 7697
-5117 -2166
-4444 -81
1828 -3008
-6059 -7109
3163 -9702
2459 1844
4614 -9562
-7409 7575
5189 2661
4006 -6754
-9088 -2092
-7629 -9351
-644 7870
9369 -5605
-4591 -6947
-8398 -7061
-742 7450
2792 4170
-8176 -6910
5848 4940
2909 1310
-5367 1793
3397 -8886
9963 -4682
-741 4616
-1017 1927
3221 -6072
4560 -5713
4281 4031
1566 -3505
9513 -4402
6758 -1790
9074 9322
-877 -3001
750 -6977
8142 -3648
-7294 -6915
9141 -2470
-5657 -2119
-4366 5865
-7662 -7428
6277 -7565
-7493 -5054
-9548 -9127
7099 -7137
-444 -3567
-9191 -1674
7576 909
7018 -9750
-2710 -3130
-8253 9953
-6876 7632
3686 6636
8452 -7415
9831 3874
-276 8810
-5322 6142
1737 -754
-5277 -9485
-7821 4691
-3488 -1017
7921 5064
4804 -493
6241 8648
-5358 7559
6796 -3520
-9724 8740
-5070 4178
-6924 3813
-9651 1394
-9877 -5693
-1827 4458
-4655 -8135
9831 2991
-232 4720
6542 2535
7045 1127
8211 -9539
-714 -1827
7919 -7889
4353 -5129
-78 5150
5928 -5883
-6809 2986
-9656 -5560
-1267 6922
5952 7695
7513 -870
-8905 -9934
-4537 -3202
-1118 -9276
6462 -184
3088 -1162
9296 -2904
6149 -3326
-2295 1629
2101 5538
2037 3268
-9356 703
9160 7235
-3544 1995
9446 2022
3211 -7047
7937 -327
7429 9120
-8805 -4138
3333 -7354
1971 7312
1031 2166
-4772 1057
-8424 -3803
-2954 -8887
-1632 -8272
-1895 9998
4702 -72
3611 7977
7070 -2364
-5845 7891
-2362 -7965
-5343 -1191
-4855 5505
-6486 -8985
8075 -7581
4294 -5397
8280 6954
-8108 -8039
-5464 -8683
5166 3902
-906 -4734
-9566 520
9351 4443
-7354 2660
-5841 -3111
9527 -638
-2338 -3258
7974 -5657
1663 -1404
-9068 -8444
9728 -1329
-8287 460
6793 -3419
-4194 1258
-2988 -6031
-8834 2859
-3409 -5199
3839 -897
-9148 2878
-5339 3266
-5363 -2557
8059 8513
6370 2637
-3190 -5348
1267 3568
5688 8187
-50 -4553
-5951 9433
-1395 -4153
-8080 -888
2378 -8818
-4871 -6043
3253 -1580
6721 6598
436 -2673
7852 -8817
-4441 52
718 9587
-2588 -8065
5708 -869
-1282 -1898
9307 -5512
-1118 -1267
-865 -8793
-816 4868
-2092 -5997
9013 -135
8603 6861
-7021 8419
42 -1060
-1774 -3223
5766 9050
-2024 -3785
-2601 -5113
-8961 -4534
-2985 -6583
6109 7287
-9291 -545
2354 4365
256 8182
-8711 8759
9805 4306
7727 259
5652 -6562
-1179 1188
-9421 -5830
2582 4305
7977 -2771
-7324 -5637
-5518 -2289
5246 2796
-1110 -1569
7807 -8172
3697 1338
1382 9567
4376 9454
-3013 3239
5529 9576
7902 -5562
8072 -6187
-9731 -8357
2985 9620
-9821 1029
-802 9351
5463 5647
-5287 9512
-9784 -276
739 -5038
2090 1198
-7147 -427
-903 -8368
-7918 -9888
3573 -9702
-5627 2508
3981 -4218
-2790 5422
-1732 3696
2211 -894
-6528 5452
-5573 2245
5867 -3570
7193 -3643
-5702 6958
8505 8740
7300 -8133
6282 -8162
9389 2922
101 6763
-6829 -3423
-4808 4145
-330 5103
-6193 2890
6442 -4017
8875 950
-2797 -9856
7225 6171
-4617 6303
6198 -5177
-6121 9355
-7637 9000
7706 1551
2112 -1041
6211 6499
1000
-1386 -3335
-5004 -527
9641 3613
-6895 -2441
9857 10000
-3492 -5976
-515 2521
8833 2459
-3487 -1612
-6844 -8260
-969 3544
-5457 -9636
-9938 -633
7394 827
3902 -8031
6708 286
-4628 737
-5191 -2732
-9887 1710
3311 6694
-4192 -9381
-2509 -7677
-2510 -2165
5979 6693
7563 -7211
3103 2472
3529 -693
224 6664
-6158 -8940
5089 -687
9340 -9404
-806 -9863
2074 2040
-796 -7032
-4088 -4144
-722 -7778
9279 -3509
359 7954
-9827 5668
8428 2794
-9479 -3634
7305 6889
8035 7099
-783 8295
-5195 2398
-8086 4870
-292 953
-7767 8761
7804 -2436
2705 -4601
-2501 -8034
1397 7873
434 5888
7468 9253
-3137 4017
9735 1427
-8672 -4704
3460 6971
-1730 -3477
4145 886
4719 7025
-9590 -1810
3993 6010
-5162 -8577
-4987 -6949
7862 3928
-9879 9882
3960 9371
-907 -1847
-9467 -9209
-3780 9917
-850 -8053
3562 -8427
-2583 4348
-8403 8752
-7182 715
8780 -1145
3947 -4793
6665 -9994
6003 2842
1864 -4153
-842 -208
-3091 -1348
8439 8794
5027 -7719
-7679 6065
-4234 -4067
-1735 -452
8001 9944
-9587 -3756
-6305 -7483
-1922 -9955
-7271 6608
-6466 2678
-9731 9276
-7204 -8888
-1703 -3231
7412 -8422
-1886 -5456
6492 -2130
-6993 1029
2581 4028
-900 2449
-7344 -7474
7280 -233
5967 -9363
681 4225
-1992 5357
-8958 -5765
736 5912
-2035 -4634
-4756 -3647
8268 -9527
-6903 529
9385 5802
2053 7457
-7558 -3248
-6124 -7903
3779 -7328
5626 9741
5024 6207
127 -1575
7657 -6720
6796 9674
1587 7521
-4073 6086
-1042 7276
8644 7102
496 2523
7448 9560
-7621 5787
730 4967
-5325 -7106
5862 -2469
-3651 1756
1665 5182
5596 -2461
-488 -5333
-8831 -1158
-6659 -9971
-2810 6035
8090 4599
-7381 6493
-9646 -3413
-5215 7445
8578 -2792
2953 -6144
-7400 3894
9522 -2105
9967 4892
-8914 -3386
2815 6738
-9050 -5312
1145 -2813
3127 4112
-1173 470
-4426 4850
4410 -4781
-5643 -9834
-4828 6107
707 1099
-2995 -6733
-8783 6444
6967 -8909
4097 -2650
-418 5756
-2001 5202
-8678 -3013
4244 -7831
6917 -7912
3431 -6792
-4007 1793
-8610 -8217
-3458 6517
34 4627
6943 4708
9199 6973
6028 -8277
3107 -2271
-7196 -723
9970 7998
-5659 -3345
5019 7261
-4392 -1380
5481 2605
-2291 -5961
7462 -7250
4950 -6473
6605 5340
543 1839
-7761 9519
-5471 -1903
8936 7094
-8582 5099
-1471 -5085
-4704 3856
4491 9459
8682 -3269
-8949 -8979
-6912 -6848
7713 -4429
-6060 -3232
-288 -5069
-983 -6769
-9960 -5915
-1153 -9850
1990 -5136
6775 4099
-736 5869
6290 6583
-2785 -1284
830 -6316
152 8801
-1732 4925
1409 1917
2607 1034
-3944 7324
4755 -9579
9495 4776
-7420 -3446
5211 9798
-4155 9351
-8273 -4776
9989 8596
1775 9972
330 -9955
4418 5358
4204 -220
-9529 -3540
9991 -7267
-7543 9461
9182 6380
7781 -4203
-3026 -1649
7282 7005
-9680 9706
7764 -8162
4157 4822
8495 -2156
5787 -7452
-6231 -7726
-131 8242
4804 8843
1413 -7965
5156 -1648
-9531 -8005
1071 3070
7656 -1731
-2567 6069
2094 -1259
9716 -545
9084 7742
-7210 -7849
4159 -4776
5718 3589
-2765 -3253
2235 -3180
2350 8776
764 9618
-5466 -6682
-6600 -3669
9793 4302
2355 -5059
7939 -6532
5639 4937
-6751 5514
-19 3752
-1281 3657
8537 -4059
6182 7687
-1006 5742
-820 -460
9529 -1100
-8874 1072
-1191 957
-3127 1759
8490 -7986
6453 8224
-6091 -6097
-426 -9144
9677 -5475
-3960 -6041
7935 -6555
-6977 1646
6276 -7022
-1695 2929
3156 9267
-2148 -1844
-935 -4298
4145 -9197
-7937 4663
9227 -6365
-5643 -5004
9892 -3936
-6545 -1156
-7453 4824
-4755 9786
2137 3403
2754 -4408
9700 -5296
-1033 -7360
2205 -6465
-9959 -8606
-8481 -4392
-6970 -5340
-3798 -8122
-4507 -1977
-5019 9109
-1358 -928
5123 -7206
-1027 5370
-1893 2014
3512 -8225
6063 -8927
-3151 4163
2455 -1153
2721 5559
3421 -888
1025 -8638
-728 275
-8917 5189
-1380 -9031
4068 -8594
-8949 -373
-8318 -2947
1020 6030
-2638 -4773
6599 8582
7694 7795
-8919 -3224
5852 -2425
-4891 -1367
8891 -1404
-7449 -5350
2430 -3036
-8331 1748
-9557 -7808
6424 7862
8102 687
680 -9528
-495 1424
-8148 2382
2986 -1204
5046 1109
1350 4181
-8282 2161
5011 -1472
934 -3205
-2052 8668
-3193 -8429
5186 862
-2484 2931
7997 7893
440 -8768
3403 -6137
-7451 -3197
-7642 -3963
6210 -4618
7074 -9099
-9151 1923
194 -4457
8220 7862
-3378 -9530
9570 5021
-8088 3008
2227 -3184
9139 5914
9676 -7859
-7800 -481
8147 8267
-4739 -1844
-6441 6441
2447 -8009
-9034 -8619
-8639 6421
-7493 3537
2966 -9998
-6385 9511
2426 -2345
5362 -8190
9081 9454
-8681 -7346
8913 -1744
4109 -955
8529 9659
-9856 7695
2762 -2784
-9179 9975
615 3919
-3093 3407
2783 -5165
5429 -7838
1780 785
-4418 6934
1279 -8569
8288 2181
-2836 -3735
-8132 -7918
4795 5827
-420 1644
-7479 -1509
2472 -6939
-9020 -629
5923 4951
-4929 2443
3488 -501
3 -8971
-3335 -9362
-7505 8253
7827 2603
6387 -7955
-9105 9935
8794 -1959
485 -5311
6699 8543
-6818 6581
-1862 3713
6634 -9627
-4557 -6967
8588 -4418
5810 -6664
-2227 -6404
-4035 5955
203 -8253
4079 3512
3306 -9080
8148 2238
-6703 -9153
2026 7460
-5292 -9377
-5244 8231
1545 193
-8985 -8480
2976 -5039
-9676 -2388
9041 5362
1493 -2044
-541 -3521
6787 7902
1273 9620
-8129 9707
-9889 4014
-2198 -9975
-8775 -3351
7854 7551
-9047 6133
2035 -7396
-7260 8281
3978 -6573
985 9001
7453 -4834
8151 -4140
7621 3822
6607 4149
-2123 -5382
-9483 -6201
1855 -4048
5426 -4327
8753 8091
-1749 -8363
-3178 -5027
4116 264
-2795 9450
4951 -969
-4209 9013
-5981 -8307
7924 9049
2924 -6720
-6199 9707
-1543 -6696
156 -2444
111 2588
-5541 5367
-2238 4628
4490 8063
-9561 1209
4729 1333
-9717 4681
-9039 6939
-358 -9209
-3155 6260
1315 9557
-8823 6608
-4144 8099
-6195 4915
-3398 8607
1904 -6757
-6988 -2574
8067 7856
-6033 1907
-7244 2743
3495 -9700
-2989 -4447
-8031 4588
8421 -5438
1881 -966
7617 -9357
-9998 -6359
6408 -616
-9763 -4187
800 -6139
1319 9951
8809 8663
5510 9211
-6301 -6146
-824 -5599
2725 -6142
2594 3698
-5641 -5046
9906 7487
-3281 3309
9040 -8568
4829 -7043
5704 2168
-3908 6819
8660 -2645
2989 3048
8316 5027
-8526 7531
-6591 1216
9072 5550
-625 7768
-6174 -4398
-9211 944
-5692 5111
-7859 5933
-7628 2796
3126 -7415
-1824 4687
-137 5023
-1621 -6003
-5440 1025
-5492 -9958
8982 -6553
3103 -5833
-667 -3409
-6607 7256
-3548 2324
-8116 -2140
5432 1051
-9255 -4954
9033 7095
-4971 -6711
2922 -2203
-7689 -9995
5247 -2067
9926 4492
-2190 -3719
8085 -6565
1087 9126
-7881 -1972
-7369 4951
5510 -8225
-7477 734
533 3057
6046 2926
1884 8742
-2519 -791
3162 6139
3089 -3404
4249 2050
-9634 673
-1962 9313
6468 -8112
7679 8362
1050 -6633
-3962 -8053
1131 3604
682 5085
7710 -8220
4868 -3646
9372 3102
-7600 890
6610 9256
423 -2340
6101 -8311
4664 -5589
1394 2891
-4290 -6968
7285 7017
1631 5487
-895 -8230
-4658 -2230
218 -8118
-2343 4290
7312 3357
6688 7317
-1422 -9142
-3868 -8109
-6637 6375
122 -6536
-9678 8775
1585 -7945
-2678 6344
308 9214
-7159 -5034
9892 -1255
-8325 -8513
9402 9413
8558 -9541
2718 2769
-210 -8023
-1516 5458
-4736 5016
7789 2352
7298 3449
-4375 -4903
9042 -9582
-1736 7567
-6826 1894
200 3564
-8359 -8860
-6889 -7614
-1359 -8209
-1048 5183
3133 6208
2965 -7174
9372 -5336
2832 -6120
2497 -5023
-551 6244
-3461 5431
112 337
6305 -9718
844 -3611
6711 3912
-4999 4573
-1874 -3629
4060 -1975
-8397 7777
-3159 -6094
4287 1217
4694 -8653
7465 384
3698 7643
5317 -7118
1477 -7268
1430 6364
1779 1118
8793 354
-384 5426
1698 395
-1689 -9324
-2879 1638
1998 1302
-1507 -2430
-6757 -8653
8809 -2130
-7119 4915
-1897 -3863
-1568 5152
789 5137
9245 2542
8850 -3925
-8245 -9695
-2463 -6684
-7197 6770
-1010 8289
-1796 -341
-8463 -1048
-262 -9762
1869 4918
-9625 -4008
2270 -3847
6368 5493
7380 2729
-9926 3719
-4716 1210
876 434
-5561 -3188
-4978 -2205
-6977 -5774
6532 -5811
-7082 -8372
514 -2861
-2670 -6606
-8581 -3426
7858 -9236
-1814 -2268
1162 587
-1620 8302
-5993 -2421
-7008 -2389
6830 -8601
-8462 -825
-6278 2818
4089 371
4294 3300
-2168 -4889
-9957 3255
-8501 6733
-6599 -7499
-2781 -5599
-5092 -6652
4679 732
2112 -297
6961 -9038
3906 7469
6357 -4952
2246 -8852
1497 3287
3463 1627
-5220 -5747
1708 1971
-4107 -9462
2625 7978
-7282 752
4777 9012
7162 -8888
-9919 -5478
3745 -8262
5829 7893
-7658 -2035
2624 -529
-7423 8984
1185 8356
-7549 6043
-5508 10
-2004 -5251
-448 3734
741 -7262
-4638 -1981
5365 3834
-5732 -9017
3302 -1588
-7241 5112
-9089 -8171
307 -396
-8154 -3330
-4172 -7139
6473 3222
3967 -8782
-7889 -3028
545 2051
-6825 -8755
-2112 5873
-7490 6283
-3614 -551
-7595 4345
-4179 1599
2058 4925
-8683 -5553
-7127 -6343
-7389 7255
-6675 -9763
8878 -1792
5881 6596
2799 4551
-2036 9862
-6180 -6185
9061 8939
-7729 -910
-5466 2064
-3861 -167
3054 7028
3789 4943
541 -5427
4485 7934
7729 -2041
-3641 7743
-3238 -425
5029 -8830
-3329 1647
-1794 -9027
-6992 2724
-6726 -6491
-4548 5635
3574 -3896
6159 -1746
-4397 -3873
9505 3731
8787 -8522
-1441 -8903
-8305 -4746
-4597 374
-9111 2015
2170 7471
-6189 6835
-4495 -4624
-9638 -2562
1501 4214
9520 4667
-5615 -7517
-6299 3186
1744 -8992
-7157 5650
-9685 -887
2044 -1283
8979 7010
7111 -8579
5442 6105
9788 8331
-7413 7469
7514 -8661
4340 -9632
150 8963
-8701 -6022
18 -9977
-4405 5180
3178 9622
4418 2053
6862 -5586
-3991 9302
5515 6413
-9881 -4957
130 -8056
9241 -2514
1128 3415
-3656 -8638
-7400 4027
6835 205
-6495 1625
9557 6714
3165 -1922
9029 135
8694 -7845
6994 -1126
660 8702
-4383 6277
6346 -2369
-5269 9867
4494 5029
-597 7452
-3353 4245
2232 6410
-9865 -4245
-3745 2624
1304 6995
9926 4332
-4771 -6485
-9635 6197
-1447 6881
-6203 -9052
-4917 -1041
9837 4321
8480 -5683
-8813 -6193
2097 -6497
3857 6519
3205 8399
-6289 -4242
5858 8969
-4463 3278
-4542 1164
8017 4497
-8297 8986
400 4524
916 6790
3694 -4222
4110 8815
-8613 3887
8334 -8862
1030 8339
1701 -2117
-8337 6398
-8792 5883
6281 -2405
-4696 6831
-4666 4455
-2849 4969
-4619 8975
4594 -7458
808 -8645
-3166 2880
3178 -4870
-107 -9311
7183 7503
-5680 4319
3264 4851
-2810 -9694
6586 6012
-7902 3729
-4579 -1500
2814 9263
9193 5344
-9119 3272
-4976 -7486
7577 7874
9067 -3032
-6328 -7223
-4666 6596
-3121 -6114
4725 -8625
-7888 887
8791 4536
-1069 3377
3112 9570
-9196 8053
7965 9074
-7494 -7091
-5810 -1704
-5243 -4298
-5701 -1146
-1644 9951
1697 410
9465 -8828
9312 -6984
7936 4782
2720 3557
2017 -2640
-6668 287
-2283 -3259
6709 -4949
6202 -8177
-873 -9469
5180 5305
2394 -4762
-5536 2008
8787 -9396
2111 181
-728 -961
7813 475
6799 8941
952 9339
8416 -2385
-8583 6039
1863 9621
-5316 -3166
-7778 5513
-3343 5850
2245 4923
7823 -9338
6270 -8482
8912 -7603
585 -2710
-8266 6501
5242 -5246
-2907 7159
-4716 3226
4723 -2333
-1991 5793
-454 7852
-6591 4870
-2268 8822
4123 -2061
908 -3141
-41 -2103
9107 -897
-7372 -8585
9551 -7103
-5927 -3846
-6899 -506
3898 -2273
-6177 9725
-7071 -8671
6575 5270
9622 8936
-897 1387
-236 4960
-5208 -5340
8937 3383
-2540 -9654
-7053 -7725
-3390 -8420
-9580 -4815
244 7977
4059 -4614
8335 8718
-3068 9083
585 -2659
-6511 -2308
3700 -6802
9333 8175
9427 -6015
3263 7128
-897 5976
-3894 5065
2146 -9804
-2335 -9562
2058 -2054
-6939 2038
3757 -7703
-2544 5358
-1695 -5568
5729 7901
1653 -2976
-4269 6503
-2747 9129
7403 9966
-8323 -6521
5936 -6847
-6944 9202
3406 -8886
-8948 -8876
2903 -9544
4667 7934
-756 8796
-1603 -1805
9505 90
4050 6502
-6142 5030
5779 7019
-1320 -8369
2668 9827
-506 7276
186 870
3147 -8497
2538 -6007
5635 -9639
2037 -4361
