2000
-597 7837
-1613 -3092
-8324 -785
4988 1836
4093 1577
789 3350
-3207 3263
-1780 4726
-6228 2315
-8957 9069
-2079 -2999
-340 4358
2883 -1444
-114 4729
2964 8345
-7807 -5453
9032 -1569
8117 536
7875 -1173
114 8863
-906 -6584
-4779 2673
2356 -5697
6135 -7404
7536 -1453
-6184 -6569
9688 3661
9297 1719
-3819 -5129
7897 -1952
5279 7055
3773 -1134
-3518 -7449
5644 7876
-8552 8644
7823 -1762
9346 -3216
-1030 -1332
1068 4288
6707 4795
-4934 -5210
-1468 -4263
4605 -7719
586 7960
7926 -1840
8669 8684
5851 7066
6652 -8921
-1622 -3093
-8853 -9010
-2195 7296
-9794 411
9599 5242
-913 1989
-7467 9493
-3626 9465
4845 -2666
-2618 7288
-2888 7077
5978 -9706
5700 -3950
-5360 -3263
-9013 537
-5503 -4742
-5130 526
6255 -6247
-3731 -1231
-7930 -4070
3781 -4424
6279 5802
2421 2805
9890 -4810
215 -7154
8605 -4740
2102 -189
650 -7919
-9100 2379
8469 -5862
-2897 -5844
5959 -2457
-9725 -9724
6165 6354
4150 132
1043 -9967
-1394 -8365
-3408 -768
2736 -7082
9078 -4038
-6372 -761
-8617 3853
-8160 2756
-5508 4427
-8416 6621
9577 7918
3297 -1915
2813 3809
5376 2916
-7026 -7403
6920 -2353
-97 4323
-139 4187
-7901 -5207
5759 6335
4478 -1059
6561 3980
4774 2534
890 -329
-1914 -5988
328 -810
491 -7923
-2362 7362
-4574 6280
4114 2863
-7677 9188
3454 -9718
9168 1683
7434 -3928
-9542 4551
-6737 -8096
-4353 -7044
-6913 7762
2461 -4722
-6376 -5067
-2019 7933
-2584 1676
3698 -215
4434 -4964
9960 -8815
8936 -7774
-7798 1572
6380 -8515
3938 7518
3084 -3661
958 1260
-6790 -8691
-4948 5857
5045 -6445
9632 -5960
9689 -8766
9445 -9746
8979 -7559
2118 5712
-2568 -844
9950 4389
6382 7399
-6138 -5753
8276 -8724
2063 -9760
-3220 -5778
5306 9541
2330 -4919
-826 -7448
-8898 -7042
2173 -4009
-7632 9857
6880 -9867
-623 -8469
-553 9990
-9849 9506
-6672 -8484
-870 3260
-8079 4960
9508 -4349
-1032 -4652
-5955 6700
8476 7600
5178 -4559
6219 -3402
1118 -3078
-5300 687
-5121 -6972
-1494 -6562
-2512 1949
8411 2525
-4062 319
609 -7119
1308 -8047
5721 -7845
2156 -1896
5193 -3788
-8887 9136
5603 3002
-9054 9001
-519 -1183
3291 -7883
7492 -4877
3537 6052
7612 1507
8059 -9682
-144 8390
-2327 -3007
-2347 -8958
1257 9635
8680 9496
3035 -7949
-6984 -6500
-6920 -8248
9410 6426
-3883 -6927
625 -402
-1947 2555
-1742 7849
-9893 8185
-3697 4692
368 3653
6234 -4113
-5019 9614
5773 -4846
6242 7538
616 892
-793 3101
1302 5576
-4108 2954
4907 5528
-5856 8222
4377 -9317
-1805 6175
-6990 7753
8952 -3064
8073 -1107
305 9903
-6284 -4087
2169 -9141
-3631 9714
-6022 -582
6069 9800
-1519 2436
-3805 9213
9328 -502
9906 -6471
8136 2056
9092 1680
972 -9816
8276 -2854
-1050 4862
2455 -4923
-676 -4178
-4916 5781
9450 -6577
-2442 -9270
9433 -8590
2001 4797
1612 2483
9479 5261
-4810 -6873
2844 2506
-8325 -7589
-7739 4587
9196 2469
-2608 6781
905 658
1575 -3801
4630 -1595
5172 -629
2552 -7102
9976 -3642
-2432 1760
-6778 3339
-9519 4617
9068 7357
2096 -1392
-7206 8549
6383 -2670
1852 3449
-5922 4014
-3009 2343
7326 -3450
1550 -4853
8714 1803
8744 -1884
4338 -1569
-9940 9275
-714 -2434
2363 -4508
5011 7608
9544 -6733
-5151 -1297
9084 5860
1274 -8605
-3245 6205
641 -4692
9659 9677
-4523 9687
-8521 -3665
6440 -7515
9216 69
-6327 -4529
3455 8648
-7171 -4520
9672 5973
-1817 -6100
-2756 -2395
-4828 -7038
8991 2904
-3815 5818
580 4136
-207 -7056
-3762 -5227
-5063 -3694
508 -6076
7901 -8286
7699 -1957
-3740 -7803
8988 -9789
-3502 -5102
7048 5092
-4727 -8427
-5953 -4446
662 -4338
-4890 1050
-4563 3103
-4804 538
4781 3362
-3171 8655
-7336 7888
-6062 -9493
-8213 9925
562 9773
-40 1152
72 8115
-4643 8284
4537 4555
-9667 2362
4536 284
-228 -4244
-1724 -4583
3864 488
9191 7936
8715 -2023
-1895 -1541
1531 -7020
603 4474
6389 -6745
-3161 -7861
-2906 -4430
-4059 -841
3845 1880
6117 -6876
4757 4022
-1818 4383
899 5124
-97 6428
-5041 4149
3509 -7305
2939 -558
8314 1932
5778 1774
9336 9280
-7641 3098
5649 -5572
-7499 -1601
358 -5737
5364 7328
1329 -944
-5018 8479
9023 5484
4063 4332
-8113 -3670
4681 -716
7087 4441
-2585 -5690
-5620 -2888
-4026 5030
-9148 5858
-3063 -7370
-2873 -9930
1207 8843
7218 -2498
-7848 -6572
4866 -7247
9612 -1360
9162 6396
-9511 -2523
6072 8958
-6452 8770
8797 6333
1527 6571
5979 -2862
-1936 8655
-1064 -8583
-9285 1350
-3139 -1660
-9352 4727
-2525 8859
9844 -3464
1037 -4515
-5301 -2293
-1605 -4536
2704 -4001
-3919 8573
-1185 3175
2991 -4275
8414 -1467
-7042 7715
-475 -6406
8975 -6351
8847 1764
6753 7155
3747 6324
-3612 -1849
6004 -8401
-3667 -359
8199 7379
961 -1671
-9376 9078
-3306 8778
9912 -6800
-5067 -2253
-8345 -1939
7660 -2815
3564 6457
7098 -7339
8121 -5039
1553 8970
-2965 -8896
-8876 8625
-9872 9721
8435 -9377
-3597 7452
-7483 -7033
5493 1038
-2022 9396
-3202 2708
8216 -2990
-9655 -9951
-5417 4579
-8775 5303
-1068 4275
-3359 358
-1658 -8302
-6881 59
-9424 -2741
7727 5309
-638 2014
9587 9552
2467 6631
8510 -7611
384 8093
-1393 958
7081 -6376
-133 3294
8719 -9771
9208 -7307
7021 -1827
-1425 5349
1999 -8944
-8953 -5002
209 3667
8436 5800
-77 9742
-5334 781
7977 6410
1746 -3504
0 -6065
4756 8879
-1327 8370
-9622 -2343
-976 4165
-6848 -4881
3488 -7710
-8126 2967
-1688 -5297
7119 -2608
-3394 8054
8383 6441
-6635 8990
583 -9849
-4418 -1639
8309 -314
7933 8600
-4382 -2714
-7742 2585
-3926 7409
4991 3285
756 -5878
9285 -9952
-7337 -5488
-2755 5302
6920 -7679
2455 2072
-2260 -8677
-5117 972
-4457 -5705
6699 9605
-5048 8076
-337 -9840
-5302 8820
-3341 4213
5234 7365
-1580 625
-90 2359
7569 706
-8882 719
-291 -3352
627 4361
-9542 3783
7012 -5574
5902 4797
4123 -7755
-7309 8483
8304 -6069
-2143 -8739
-4134 -7201
-1660 9595
8280 -9862
-2293 -5126
9216 -6215
1327 7950
-6362 -4376
-9606 6147
4141 -8948
2422 -7044
8989 1831
4785 -6842
1095 -3325
-2293 -9671
8163 -1956
-4154 -8395
3992 4198
-1526 -4081
4869 1773
-6187 2802
-7817 -4322
-593 2220
7518 -4910
-7294 -7683
5610 6444
4255 -4303
-5335 9953
8329 6124
1065 261
-4954 -679
5598 1417
-3926 -2597
2462 -2453
-7944 7153
9850 3792
-7855 -9587
8203 -9261
-3154 7541
2365 5791
-8312 -1116
-7876 8676
-4839 -3911
4300 7246
5479 4211
6109 7916
-9973 174
-6121 -5997
-2581 -2375
-3738 9008
8191 -4811
7275 6674
541 4254
-9435 9045
5810 5323
6330 -1081
-4674 -7339
-6235 979
6637 -9870
9908 8811
6752 -325
237 9959
5633 4886
5040 -1139
4360 878
9770 6843
-4390 -3403
4101 -7600
6067 -8513
440 7637
-886 3156
6390 -3608
7465 7941
-9198 6769
2645 7214
-330 9332
-3737 7151
9444 -1219
-4994 -7692
-840 9926
-7555 6565
-2064 -7509
-222 5955
6428 -8499
-5889 2153
-9786 7987
3928 -9609
-5706 1744
-1711 5655
7809 8240
-9600 -6750
442 -7938
-4761 3747
8258 -1506
5960 8857
-3098 -672
-6317 2977
-1329 -9073
-7352 -2560
-6052 -7329
3130 7763
-2576 -4343
1083 -7776
-3098 -9624
-1190 -3932
-325 7311
5759 -8179
6953 8037
-1769 3343
4385 5861
-9703 14
3956 -7338
5197 3089
5041 3006
-651 9819
5505 7094
885 1734
816 -9314
1036 1178
-4112 -1941
5533 -1792
6960 -2512
3949 3909
853 -551
-3375 -8869
-6519 -8572
-2013 4846
8158 1436
2581 6510
2686 4486
7194 -8847
8264 -7076
2316 8671
1072 7574
8361 -211
9651 5485
-4266 4102
-7099 -9750
-2952 -6911
6190 -1090
-460 4967
-3167 -7845
7829 5512
2458 -4299
5514 -3513
1266 -1012
-3438 -2411
-6729 6922
-8112 426
8843 4736
-570 2946
8832 -8035
3606 -5149
5590 -3563
2783 -7551
9885 6438
5304 9187
-560 1216
6335 1777
5619 2252
-6103 -1103
471 2501
3614 -5360
-1055 6864
-5797 -4435
1581 2392
7441 8330
-7861 2317
7625 254
3661 325
-5598 -5733
-5246 350
-3672 4743
-7579 -9916
6337 9732
3649 -5413
-4846 -429
6055 -4156
3774 3740
5490 8055
1 7651
-7634 5915
-3046 -49
-4769 -7061
-8957 4480
6410 -1005
-1011 -145
8826 -6897
986 -5192
3524 7083
-5692 -4962
1574 -1117
-8016 -8037
5933 6550
-7421 -6490
2656 8503
-1102 -3357
-4285 8837
-8876 -8359
7896 7138
-3345 281
-5390 9969
8123 -4865
-2487 -1916
-2456 -3374
3254 -6173
-6730 6167
1731 9741
-3455 4938
9986 950
-9054 -2105
3897 -2519
-7623 -4571
8978 5137
-7112 -6541
4678 -7934
-9751 5782
-939 8456
-4414 -8102
-9550 -6352
-4536 3613
4616 1549
-5648 -3457
-6509 4055
-5807 -5315
8813 8905
773 -3171
4250 7693
-9716 1191
1965 9330
-9074 -1863
-1664 8370
1752 3725
-9255 4712
5564 1397
-9521 -864
3195 2468
-9668 4344
-7137 340
-2438 -6181
-7853 4184
258 -4103
5008 -5664
1653 607
4 2488
-5686 -8191
4421 6764
-3876 -8721
5068 9962
-5482 8412
-4400 6517
-7735 -1304
-363 -7928
1770 -1003
6269 4845
-7554 -2051
6129 6619
-2889 -4231
4501 -6384
3324 3553
3708 -1296
-1607 -4816
-4072 8729
-3309 -2350
-9655 -2005
3138 9408
6846 -981
6847 -6819
4749 -8322
-1870 -8889
8190 5057
-3692 -706
-1335 5977
-4949 6391
8839 4521
2971 8674
4658 -881
337 9499
8095 -6102
4955 -1645
7769 8786
-8945 -9901
-9313 -3999
1921 -9180
-4232 -9189
-5739 -5770
5790 9113
-4177 1776
3464 -7477
3545 5628
3281 -5314
-3458 -3071
-3610 3271
-1214 -7402
6755 -6313
-9073 -7800
-4696 -9671
2912 4044
-479 -7134
7918 8700
-1803 -3837
3196 3141
-9905 -4498
-5799 -6615
-459 3644
9472 -9171
7098 -8864
-350 3239
2176 -8195
-293 2582
7743 657
-8667 -4738
3553 -1765
-1774 -5617
7374 8949
5386 5979
-6035 -6022
4473 -2890
6608 656
9382 1142
-3813 -6874
-1984 4252
4150 -8056
-7738 4368
-1208 1847
7164 -1648
-2439 -3492
-3283 -7537
1043 5653
-1894 -6998
8299 -2490
4863 -1725
4121 9343
2441 -1358
8309 6555
2675 -4352
-9620 2166
1124 6963
-8883 707
706 -5244
9031 9031
1354 -5541
4893 -1248
5648 4932
-9402 5806
-8569 2996
-415 -7939
-6875 6810
-6519 7196
9161 8175
5618 -2405
-4583 6060
-3640 7164
-3317 -7779
-5938 -1594
-1561 -6550
3381 -7010
431 -6287
-5836 3831
9643 -6894
-5458 -820
-7952 -2222
4320 9236
5281 660
-8562 8608
123 5689
-1849 6659
-2771 9364
-4156 9879
5891 7740
4483 8251
4042 -2086
-4435 -285
-5381 -550
9061 -5630
-5594 3220
210 4419
-9505 -9573
-4917 -9965
8833 6591
-3620 -4387
1374 946
4776 -7926
46 4086
1759 -7971
-890 4289
-8560 -685
557 -5015
8879 4135
1493 -7644
-3879 1115
8819 2359
8601 1610
-777 -9399
9180 -9510
603 4711
-8717 9362
8656 4385
-4448 -5838
-8874 -6254
8969 -8169
-9098 -1409
-5548 6655
8611 -6959
-2616 -2699
4586 -2154
-4190 8470
-8043 -1602
8891 -6632
-344 -6844
-2593 6190
2151 2399
-5289 271
-5237 1643
-9927 -9586
8663 -4122
-7213 -9604
5209 -4775
-3684 -2216
1048 1518
-2684 -211
-2901 869
-9026 -8870
6843 -2587
5435 6030
-787 4095
5481 2295
-5684 7965
-2161 -7971
875 -8394
7400 5988
5309 4442
-1669 -6158
4045 -5573
-8074 -3247
-1458 2683
-9407 -4213
-8354 8260
-3201 -7698
5378 6100
-6059 -3712
8836 470
-9697 -3760
3080 -8258
5669 -7500
1899 -3916
-3828 3719
1671 -8543
-9621 8536
-9727 212
7990 -8817
5747 -5097
5305 4451
-4227 -4953
-6466 9251
8948 4252
-27 9262
-3028 4783
-6186 -524
-8456 -3842
3842 -9932
-100 -7261
4860 -6274
-8020 -4663
2286 3051
4361 2727
2985 4072
-2182 6447
996 -3890
4291 1434
1475 -9001
8240 -3236
2292 -2366
-6238 1847
-948 -1478
-5861 8436
-8302 -8550
3122 5548
-9543 6526
6753 -6128
8684 4600
2336 -4697
5042 4044
-4884 2012
8724 -9106
-3041 1306
-9019 9572
2541 6404
4760 -2710
-1347 -5567
-395 9827
-4796 561
-3375 5886
-8781 -3990
-6417 1526
6896 2991
7975 1569
1689 2269
-7678 8272
9465 -8595
-7027 -6346
6134 -1496
-8801 8112
-720 -7305
-420 9029
-8007 -3618
2698 7952
-969 -6853
9412 1898
6111 -6690
9283 -1426
837 -3308
-9536 -1865
-6503 -728
1398 4970
8351 -8606
8265 -5653
-97 -8586
-4403 -7668
-1450 297
5099 -4783
-9643 -733
-3849 1006
8762 -4742
-9770 -9645
-5054 8582
890 -2199
8903 -8446
-917 6592
-6430 -9397
-4133 -3296
839 2956
152 6411
8850 7981
7322 -9020
-5709 -4909
-5001 -4647
-1621 1448
6735 -9823
213 5449
-626 5927
-3996 -6195
-193 -4514
1434 -77
1909 -9694
-8946 3734
8996 6505
-6905 -7689
-340 -7032
6254 -156
2699 8584
1205 3153
-7813 -4266
-7422 1062
1664 -253
-1442 -9988
-7985 -9188
-3081 6398
-9236 -2335
-3136 3958
-9522 3879
-1015 1880
6652 -3771
6246 -4123
8367 7200
2053 -5464
4834 6124
-5635 7811
5337 -8744
1542 -4659
7066 -6873
3429 -865
5850 -9914
6004 8074
-4907 -343
8652 5604
2808 -267
-8411 6218
-9865 9479
-1656 1353
-4574 6806
382 7638
-8809 -8414
6694 -7325
-2934 435
-8709 9376
-1867 2273
-693 -1917
-9987 9644
7011 -7873
8192 9641
-2084 9224
3964 8802
-2749 6187
1289 743
-4368 -39
2424 6417
9384 7021
6636 -7366
-2036 -9996
2406 -6270
4199 -7277
1478 6644
-9122 6008
-3312 -4822
4048 8258
377 -9684
4042 -7182
3680 4305
1851 -5365
-3653 -660
-8450 8475
-2158 -8346
7078 9954
4183 -7894
9396 3799
-4505 -2823
4224 -9744
4189 4197
4870 -4771
3114 3073
-211 -1204
1211 -8738
-1523 -5940
-7365 -8654
-5720 2349
-7972 -157
-535 5020
1271 -3303
3748 -2417
-1334 2089
7093 3038
8037 8602
-3257 50
-9229 -8369
-6727 4315
-9733 7731
4209 1320
3888 6591
8401 -6834
4293 8742
-3829 8503
-5830 -6891
9111 3652
3709 2696
4762 -4782
1312 -9908
-7187 -2426
-8011 -1624
-7122 1101
7224 -6709
4928 6658
1427 9384
-5709 8772
68 -3853
9436 -4912
3849 3252
-5885 -9866
4219 -7830
-7711 1611
5175 -5727
4720 7345
-634 4653
-4857 7681
-2761 -7869
4772 -4319
1342 -1859
-3934 -4814
5094 -2712
8101 -7163
2462 5853
-3934 -3128
9179 -2330
9801 4537
-7087 -7461
6039 -9655
-3619 759
6378 351
-9455 3268
2402 -3024
-3937 5357
-760 -9625
7881 5468
3296 8815
8330 -203
-9020 -1780
-5149 2415
3964 -5657
6738 3457
5738 1971
7957 1505
8672 -9053
-744 2636
-2368 2109
7191 -3506
5463 -1471
6631 -8508
-5125 -164
-4408 3661
4900 -1356
6532 4425
-5428 935
-3088 -7878
-8694 -7222
-8939 -7563
5924 -6090
-7797 -2064
-1768 -9777
6185 -9344
-9040 -3860
-7764 5338
5051 -3680
9031 -9269
-2831 -7835
7970 48
-3275 -2338
7573 9724
7816 -8427
-2406 -2387
2442 8129
9363 7006
-1415 9686
7833 -301
7498 -616
7316 -4797
2195 -5517
3704 3672
5102 4730
3496 -6074
-158 -2556
7497 4363
4585 -5828
-9347 -6678
3661 5284
-2931 1469
806 1546
1827 7934
-7930 -8205
4656 -8651
4454 172
7259 -2479
-3230 9743
2386 -8717
795 6916
2890 -6328
-1087 -1266
-7047 -7830
2020 -7817
8378 -2287
8827 -9291
2405 -9619
9054 -5160
-2471 -9170
4465 -6947
4645 -6387
-6733 3582
-7960 511
7211 9282
5272 -4335
-2978 5582
-7102 -297
790 1664
-9135 -2268
-2684 3741
-5960 -1283
-3560 671
7597 3824
-9874 -2698
9356 -586
-6296 3134
7466 -7811
6212 9320
5113 4348
4444 -2395
-9970 -2017
-1158 -6579
5731 9577
3856 6381
4500 -4608
-8520 -3300
7208 4802
6255 4283
2857 7255
-8071 578
-4951 8953
-5757 -4754
-8638 -1498
-9957 3688
5973 -6784
-8202 -6776
4971 4940
8007 1619
-5752 -1914
-2228 5022
3047 -4503
2535 -9470
725 6670
-6400 1103
7512 -8206
8729 1596
-1329 2013
-5425 3982
1209 -2679
-9809 -7783
9867 2088
5379 9294
1806 -7563
-9107 -630
-3173 -8759
9263 -842
7006 6426
-6788 -6693
-7676 4466
7975 2183
9027 -2845
1750 9148
-9961 4468
9945 -1011
1370 1403
4239 -1662
-768 2800
-5400 -5145
901 9385
-1057 2232
-1305 -2527
6205 -7701
-2499 8401
2127 5052
-346 -6682
8432 -7806
-5965 1351
5478 -3412
827 -1387
2975 -5485
4578 -7663
-8687 5270
430 -180
2294 5822
4693 3171
2767 -9085
3501 -6264
4812 -548
289 5205
1569 -5623
6040 -5499
-8376 -6879
8975 -8225
-30 -3179
8823 2794
-7786 2360
-9105 -6172
1853 -6185
-8727 -600
-9163 5154
8365 3457
-3494 4654
-4948 -6905
-6887 3425
3828 -5055
6255 6961
-2649 -1784
-6318 -3611
6703 9550
-3793 7923
-893 9947
-3613 -3169
1609 -5864
-9702 3295
6481 -6139
3815 -1771
4217 4676
-3385 -6242
-5263 -1106
6683 -787
5080 8058
-9225 6866
7881 -6233
-5769 -7466
-8020 -7924
3183 7125
5528 3150
8784 7019
-7669 1580
-4168 -4346
1656 -8246
-1151 829
1569 -2124
-2713 -3141
4727 5610
-8560 -5049
-5408 9576
9879 -2217
-9956 -9518
-8121 691
-6327 2703
-1240 5943
-7261 5224
3286 7804
-7342 8259
702 3617
7372 -5546
-9771 9496
9502 -5648
8175 5369
8869 1619
-7463 8810
-8200 -6588
-1583 1387
-6279 6204
-4197 9882
-4224 -6573
5116 -5618
-923 -7854
-6444 -179
7646 5657
-6687 8650
3121 7407
2268 -8322
-9117 -5818
-7662 -5039
1897 5184
-2359 -7013
4374 -7040
6957 -4613
3681 218
-4532 -7360
8488 -4609
4211 -6263
8192 1090
2214 -144
3287 2682
620 9192
436 -1636
-1294 2296
5215 7180
5473 -6371
6593 4786
-9027 -9360
-7755 7272
3492 -4786
914 364
-955 6617
-1828 3578
739 -4906
2734 -8548
-1807 -1463
2596 5274
-6983 4362
2890 -2617
-5686 -9031
8882 -3301
2004 -1094
-330 -4381
4805 7245
-9702 7971
-815 4157
4860 9330
8874 -1087
-6109 3965
-9414 8843
3228 -6229
5818 7497
1340 -5972
9248 -3517
-1293 -9647
-5605 -1145
-1638 -1159
8498 -5868
-829 -5831
-5138 -8358
4292 4984
5632 4885
-1292 1602
-2708 -5828
-7061 -3752
-9233 -7211
4079 -5548
198 -3933
-2189 -8647
9997 4084
-2966 -4057
-2820 -3310
2221 7139
-2721 9623
-812 4283
9452 219
8666 8666
417 6631
-1881 -6446
-2248 4097
-1862 7207
9021 -2082
5838 4032
-1868 5587
3560 573
2892 524
2225 -1098
-4128 -9492
-4629 7694
5249 -3626
-9197 1996
-6981 -8260
-5066 1317
-8308 -4164
2858 -3059
-5737 5865
3722 4487
7702 -3456
-6601 9685
9483 -5339
3208 8942
5911 -1139
-4409 3259
-441 -3850
-7762 4549
6747 -2880
6745 -8382
-6696 -4392
1387 -6429
5401 5173
8425 -2437
9644 955
-3433 8430
5176 -9275
5560 -7484
1618 1395
5668 -9817
5483 -377
6880 -179
-8107 -5055
-3420 -6170
-5491 3263
-4271 -1670
2249 4615
-1626 -1790
-1482 -6038
8595 -8341
-1000 -8310
7538 -8336
1292 9552
-2454 4308
5121 -5173
3199 -3157
-5857 -1559
5223 4063
-4096 -6462
2319 -4336
1752 -1422
-8359 -1362
-1802 2052
6959 1638
-8107 9740
-7587 -9333
7746 4904
618 6997
8354 3354
5034 6166
6714 8948
7797 2148
-3810 -2658
-576 -2080
-7825 -7780
-412 -7705
-6582 -1171
-880 3872
8229 -5337
5367 -5532
-1473 4844
9834 -6138
-979 -1858
622 -4992
-5655 1571
2854 -1629
6577 8971
356 -2462
-5198 -2734
-2115 -8089
2730 1068
2561 -7620
-4544 9962
-8319 -587
3723 519
8000 -9629
5240 -4558
-1150 7909
2894 412
-3261 4233
-41 2706
-6563 4972
-6608 -8113
-2646 6567
5628 -6458
-5999 -995
4265 8809
-630 9839
8064 7869
-7727 -607
512 -4050
7445 -3740
-951 75
-2181 -6293
9530 354
5428 -8609
6517 6613
3349 -7664
2203 2358
6860 8802
-367 -9627
8804 -3699
-1903 4890
-4292 2789
-8996 -3529
-4718 -8403
-9509 -7196
-8915 -2050
7028 -8192
-9210 -2737
-4440 9104
1339 -4850
5838 -7068
498 8330
3863 -6809
-9572 -3945
-8517 -8729
-653 360
9291 -3384
-1719 110
5793 4028
-1366 6601
2538 1991
9112 -3251
-6314 5853
5254 -2859
2636 8160
-1543 707
-5853 -1821
-7679 8149
-5319 -4462
2037 -7467
6394 602
5102 -8987
-3084 -1679
-7856 2992
2007 5814
-3129 -9152
1783 2138
1701 913
7364 -526
-5991 6209
664 -593
-8790 1765
-4504 -4755
-849 -7020
-7712 -8248
3241 -841
-2256 -1371
-9934 6090
985 8159
-7948 -3200
-6227 1345
6349 -8501
2207 4787
2224 -2992
-3855 7081
4252 2937
6027 -3485
6360 -3190
-6368 -1838
-5953 -9782
1256 -3991
-8174 -1532
4481 -1633
-994 5752
8630 -2671
-4919 -2670
6784 8034
-3819 9486
-7825 4326
-1061 9335
5824 1919
6606 8832
-6336 -9255
-4051 -1389
-5682 9877
5083 -7347
-5434 6567
-9028 -415
7604 -6904
8899 -5494
-7238 -5418
6604 -4537
287 7688
-8362 -2607
7976 399
-597 -2198
-9210 5707
5099 -1107
5130 3721
6314 -9199
4386 4805
4608 -2363
-2707 -2149
-2426 9
-7977 -6133
7254 -8921
-192 -5341
-31 882
-4574 1829
8166 205
-3937 8480
7552 5700
1325 7216
-5392 -7128
3829 -8300
-3144 -9279
-380 -4062
-8500 4835
-9507 6567
3735 7264
-6545 -9839
9711 -8131
3672 -4368
5902 5054
-8999 -4233
-4430 -8984
8870 -349
-1806 9603
-7231 -8188
-6600 416
-7407 -960
2348 9681
579 7741
5018 3217
-8606 7488
-1432 8576
7774 4882
3373 4433
8579 123
5936 7393
-9269 -8762
-3624 -6281
3514 -8084
-5121 -3362
4347 -1191
-4586 -5083
9563 4463
-7860 7990
-9611 5918
-8187 -4879
-7053 -786
9819 -3702
-8153 -3490
9472 6321
6170 -1908
-8727 2040
-8554 2033
-266 -9257
7769 -6309
4858 9489
-4491 1205
-4754 3100
-9269 2562
4566 6743
-5083 500
2702 -9582
-7480 8835
9719 -1723
92 6695
3052 419
-6920 9092
1030 6950
1987 6946
2111 -6689
-6537 -2112
-7219 3105
-3628 8903
1564 1488
6848 8663
4426 -3135
-9460 -7037
-9504 2073
-1314 -8837
-7671 -5025
-2359 -2243
-9219 41
6298 684
1797 -1027
8149 -7010
7801 4302
4791 -8406
4127 -8311
-2120 -6474
-9835 9554
4884 -5501
726 -7369
-6599 -7665
1548 -1463
-7431 6701
1814 -1224
-6151 1454
-3171 3656
7738 386
-1504 -486
3603 2834
-1714 5978
3187 3958
-5100 -1622
6423 -1745
2937 7625
6766 -2620
4550 -5756
4618 -9096
-5498 5374
6115 4608
-2338 -7699
6344 -7680
2786 -2006
5825 -324
7248 4475
221 1508
1922 -1249
4340 4560
-1263 6839
-7460 1115
9117 -736
2093 -7893
386 7499
6259 -3791
4223 -5862
2229 9490
-6776 8803
-7834 7338
-1583 -5958
9163 -2775
9020 -8404
4316 -1160
-4636 -10000
-388 -6196
7058 -151
1810 -8718
3045 3820
-6360 232
1681 -6157
2705 -4530
-4485 1650
-3624 -8284
3591 -6277
3186 -3116
9170 -9079
5856 2224
-9847 -9022
163 -8659
6473 5881
-4140 -3546
-5768 4294
-5707 5608
917 -2501
-5580 -5601
7172 3666
1561 -8746
1696 -2687
-9591 2327
1554 -3968
9329 3849
-8934 6346
-2392 -2668
-6812 1464
8926 3095
2272 5849
-5873 -69
-7781 4965
-913 5300
-7205 -7098
2166 3035
5473 8917
-6072 -7902
-59 -8029
9552 -5560
3749 8187
-6586 -6191
5166 9601
-5176 -312
-4155 7921
1426 378
-4309 -2828
-1865 6464
-7765 346
6718 -7361
3181 9720
-4416 -3785
6728 3448
8736 9301
-7037 -6471
1741 5683
-1209 4815
-4491 -5076
-49 5758
-9406 70
-1844 -4273
8326 -743
-3776 6531
-1589 -9901
2603 5241
-7087 3726
-1013 5492
-301 1695
-8536 5364
7401 -4149
-4498 -3577
-9944 6016
3330 6495
-9357 6382
9163 -8129
-8157 7942
-3000 5577
9662 -7284
9576 5665
7858 2533
-8537 7158
4799 3981
-5596 7633
-1548 -8519
-9051 -1324
-5613 8824
-515 6364
4750 -2664
9836 8585
6474 9114
-6721 4348
-8713 4554
-3056 1709
-3502 -7427
-6458 6150
8288 -1715
-7487 5260
-5085 -2530
-7259 5546
-763 -7874
4108 7221
8038 2847
-8206 -8797
-7768 4223
3630 -4005
-8726 1821
-1545 8887
-4264 -815
6639 8787
3173 6457
6188 5964
4018 -69
6992 -6128
-8057 1398
-8442 -2257
-954 2042
3113 -4515
-7858 -8465
-8960 1881
-7398 7636
-1731 910
3129 -660
-7585 -9025
-4191 7330
-7182 8090
-3550 -8124
-2999 796
9054 942
-9607 -2123
-8046 1774
839 -9938
7539 2926
1008 6290
4292 -3911
-4808 -414
7832 -939
5407 2852
6255 621
7984 1762
1605 -7511
-3209 247
8000 6069
-4721 9549
-8705 -8921
-2531 4768
-2504 -4528
8111 -6969
-8597 -112
-2039 -7430
-2652 1354
-2382 -9849
-1901 -5575
6721 6538
5214 -7422
-4284 -8623
5894 -2446
-5927 -6468
4999 1207
-8792 6771
-705 3127
3305 9659
2000
3910 -3900
-4031 5375
-6017 -6797
-1906 -5417
867 -1965
640 -76
-2831 -9435
9781 4607
7103 2557
5356 -5075
-7171 5664
-6489 -7512
3306 -848
4650 -1849
1532 -9299
2144 6677
-4256 6878
5004 5190
1389 -3596
-9281 -1945
1468 1392
-7135 -8218
-9057 -3798
-8253 -2739
9596 -7667
-8999 9660
-6006 70
-1660 3511
2471 -7348
321 -4552
699 -9488
6844 -2755
-2955 -3964
-6077 -6354
-2050 6865
9425 2747
1848 -7508
-6740 8896
-124 9177
8383 6687
2819 6035
-6186 -528
6826 -1519
1668 4817
4181 -5202
9600 -9731
994 -7266
-7780 -2438
-1123 7699
-2187 -2387
5921 2343
-573 -598
5255 -4386
-3768 -7831
-2186 -2984
-350 6927
-538 -4094
-4615 5712
-2870 1798
9616 -9440
-7827 1920
-4058 -3116
-9534 1218
-8308 1073
4263 8407
-6447 6485
-4650 -3873
1642 -4292
-1217 7667
3026 5877
455 -25
-3222 -4253
2541 5821
7392 -2121
9408 2781
-3293 883
2922 -5407
2976 7621
6907 -2088
3996 9012
-2399 9239
-2294 -9922
3314 -7882
8725 -8334
-9534 9659
-4998 5500
7271 -5709
-1466 9460
489 -4551
4414 -6951
7597 -3548
5913 3933
-5198 -1913
7759 2618
-5601 -4726
-1298 -962
-2396 -2175
3003 -8777
-6228 -9820
-7505 -7825
-5981 -6504
-9851 8331
2227 -3396
1835 7769
-9281 5012
8626 -7393
-2718 627
9161 -8331
9541 4421
9397 6242
-9815 -3540
-4832 -764
-4312 4580
-2824 8106
-6305 -3689
1802 7461
-1808 -7282
-6487 -4761
3444 7230
7533 -5926
-2591 5722
-9431 7630
-1605 -7116
5590 6744
-8868 -3191
904 2176
-7709 -8951
-9106 -4081
-2369 -3024
-6447 -8081
6583 3739
-1183 3900
6471 -6213
3077 -760
-7930 6277
6963 -819
-4385 -5539
1429 -5862
-7330 -1927
1840 -4998
-3852 -115
6850 3602
-7836 -9698
-7444 -8473
-8675 -3028
-8453 1218
-1275 -1145
-317 -2091
-4102 -4075
-7831 -7822
2509 9051
8547 6563
2724 8190
-8470 -6797
-2799 -9892
7427 2407
6841 -2142
-940 1093
7815 3541
8767 5087
-5688 -4500
-8265 4395
-4126 3646
-7545 -4255
7214 3435
-2576 4483
7660 4513
9177 8986
513 -9647
4230 -9071
2863 -8000
6773 -6521
3070 7098
-9240 9072
5772 -2662
-8996 7605
2175 -9744
4389 4858
-643 -1051
-258 -3634
-2626 -5282
-2677 -4744
8299 -3296
7995 6831
-5543 -5049
9096 -9326
-7711 -3148
5590 2452
2331 -436
8835 687
260 -1276
2946 7197
-4817 -1019
-7695 -4141
5158 -2150
2512 1345
-8847 7851
5831 -9154
-8604 4388
7451 -5986
1438 2301
-8631 2871
-2466 3435
-6784 934
-4082 2901
665 -1199
2159 -6547
-7550 3390
-643 -5456
-3001 9477
-8975 6849
2269 5991
7022 3111
4027 3234
1713 -7788
6443 6388
309 272
6038 8360
6539 2350
6332 -1695
-639 -5864
-1614 9641
-2392 -1264
-6755 -50
-8302 8925
102 2396
744 1804
-1750 -3238
7018 -8348
8291 -6234
-5901 -972
-4728 -6757
-9559 4749
-1719 3603
-3966 -8548
743 4493
5492 3157
2200 3545
-1151 -2576
-5382 266
7576 2340
-3072 -582
-7012 -1357
-8569 -3939
-1692 -6030
9205 -3097
-3240 3361
-3229 -4819
1394 7179
-6098 3076
7284 2379
6231 1967
-2413 2337
4072 -3268
-5972 -5352
7252 -7731
-9845 1888
5981 9
4577 5157
-1249 -9618
2917 -2553
-3091 -6717
7112 -9761
-722 3284
-4969 -902
5330 -5817
-390 1083
7396 3730
5547 6593
-8654 1195
1393 6373
4735 2953
7424 -3883
-5659 3962
-7240 -4214
552 4077
9652 -1388
-4365 7962
9920 156
74 -5867
-8568 -3526
7401 -8141
-7260 -3047
8877 9559
6507 -5208
9496 980
-7401 8041
-7784 6111
-9582 3608
-1484 -3623
6391 4252
-3569 6627
-5565 7526
-9247 -9709
-7736 -4428
9633 -745
-559 -9802
-3522 -388
-5364 3292
-2027 -7652
1351 -8152
-1680 4442
-3493 5268
-8986 8363
-2005 507
-101 -7639
4654 -6207
3042 -1572
8977 8789
1603 376
-4408 2688
-9452 -1351
5665 7916
-1969 -4257
-453 -7699
5609 2859
-6272 -6446
-4330 3007
-3018 5327
-9463 -7719
5173 -4373
-7671 -1875
7740 1390
-9195 -7644
-5489 -9432
-8443 4453
929 7039
5950 4241
8871 8363
2293 4612
-3948 -942
-1847 -9531
4212 -8821
-3116 -1171
-7026 535
7698 9570
2785 -6555
-731 5487
4291 -1963
-4909 220
3212 812
-495 -5641
-7613 -2297
-8787 1750
7675 -349
763 5585
1701 4424
1281 7612
-577 4531
-3742 9973
4659 -2735
962 6447
-8963 8347
-9856 -8444
8356 -2923
-6846 -2608
-720 -1610
-4459 3232
-8525 -9215
-3406 -5916
2335 -2317
-9158 -6842
-8415 8721
-7631 -2602
-3228 5335
-9583 5466
1421 -9771
6452 3021
-255 -9406
-3945 -9161
-2654 2880
-9976 -679
-1199 -8717
-3668 -3584
7589 4165
3900 5294
4821 6877
-9564 11
9110 9470
3760 608
9743 -1930
2632 -2241
-2946 -8736
2420 3073
-1308 -6906
7882 1895
7139 3926
-3494 -2448
-7855 -9078
-8406 -5069
7837 -5435
-7291 9007
6623 -7584
4324 7154
8866 -4115
-7240 5082
7687 5811
-9206 2685
-4112 -2096
4392 -5565
-7551 -2120
5952 5924
-8125 4965
-8107 725
-5312 -9953
407 3802
8477 9625
-9537 8887
866 1575
9578 6383
-4314 -7227
-8526 -7360
-8243 6883
4928 -9613
2238 8635
8904 3632
9071 9810
1575 8621
4186 -1107
4116 -9215
-4051 -5059
7517 6036
7941 -6043
580 7764
-930 -2597
5295 -6347
-6242 6775
-659 7115
-3033 -9708
8361 -6275
5108 5585
-3530 8551
-2533 -4873
5264 3533
-8520 332
8441 -3085
7104 -4120
3812 -1993
295 -4333
9043 1549
2074 3384
297 -9905
-6241 5647
-5881 9692
-7208 7287
5653 -773
-1512 7327
-7670 7703
-2734 -8831
8131 -7098
-7212 -7970
1822 724
6445 2932
-7584 2369
7576 -8705
-5996 9957
-9383 -9419
2285 4271
1485 3023
3722 2349
7252 5751
1050 -4558
-1885 -1488
-1330 -2218
1457 -4618
765 -5931
-3542 7042
2764 5954
2557 -9973
1866 3315
4402 7927
-8618 -5164
-6752 2912
9785 3235
5866 -863
-2492 4274
-9379 496
2902 6565
7909 -6543
2041 -6995
1699 6789
-2994 -8387
1300 -383
9925 -5447
-3904 7948
6847 -8428
4172 5907
-6229 -1766
5772 -1718
4774 3971
-4575 -9052
-1057 -3153
9933 -6438
3009 2405
-2484 3066
-7542 -771
3099 9126
-3006 -4531
-307 -9603
5509 -6363
5387 -3903
-778 -3197
-7342 -5399
-5209 -6679
-9100 -7250
-8195 8839
6464 3479
-7 6729
8631 -2085
-7983 6356
9878 -9940
5655 -95
1792 -4639
7708 6371
1508 2003
7017 -1868
-7226 -389
-9340 7882
-317 -2520
-9439 4910
-9452 -6796
-8098 -6698
-2573 3961
8517 -6037
2371 1347
-4739 -3471
-6241 -3589
-1135 -1295
-1398 8717
-5464 -7813
5316 7789
1326 -1571
-434 -943
2371 -7312
-2294 -5621
4568 -9799
9494 -9703
-9002 -3468
-4165 4618
-1772 -1997
-4465 4305
3734 4237
-3791 -4526
9118 350
-4198 925
7474 -3950
2671 5416
-8631 -1197
4759 3794
-5294 -334
3344 -1972
4821 -8488
6256 9304
6572 191
-6871 -8582
-5690 -3960
7930 -4170
8846 663
658 -4510
-113 -6890
-4292 -6411
4153 -2802
-5249 9145
9295 9456
5325 -6096
-6071 9122
-950 -599
-5177 6116
8099 6638
1676 2324
2819 2890
-8339 6038
-5813 1040
2831 -222
6788 -5115
3698 -3860
-1748 -6758
1283 6409
-8110 -1849
-2967 -7931
-7005 -2451
-8208 9059
498 -9762
-4061 -431
-3989 1282
-7921 7003
-2279 9867
1775 6926
1164 3469
-6277 -2457
-4337 -7879
-2543 -4560
7871 4477
-8281 4042
-4838 7070
9594 824
-1314 9640
9229 4912
191 -2162
-6890 -8560
-902 5750
-4035 6059
-4577 -7057
1514 -8306
-1494 9456
-8676 1821
5871 -3824
-956 -8009
2907 8543
-2985 -1147
-552 7876
4244 8354
5851 -162
1464 5471
-8701 8395
3975 2097
6226 7759
9619 -6879
-5269 -1726
6688 -2444
-707 9349
3940 2199
8762 -2878
8518 3233
8596 -9170
-8406 -6377
7510 -5522
-6270 6254
-9837 9091
8234 -8198
5744 -9105
-1289 -1254
-4574 1935
8430 -7117
-6916 -5600
-1707 -449
8733 5278
-2299 -44
-2776 -1380
5833 -8011
-4927 -7876
2535 161
-8223 6416
-6725 8531
3175 9173
6421 -2955
-8336 -9767
-7203 9100
-8448 2553
-6510 5888
-1908 7935
3577 -1841
-5228 891
-55 -9205
-2112 38
-3756 -7112
-7070 -4037
-6255 -6298
7512 8354
-2117 -6778
-4557 -7722
-4635 864
-1866 -6877
-3349 6833
8187 -8447
-6358 -3889
-1786 4400
-1692 -9903
8941 -6009
6008 858
3216 -916
-7844 3061
7704 -6382
-8206 4158
5930 -4980
8892 -2627
-3710 -8358
-3582 -2184
-6447 5389
-1694 9054
-7966 5199
-1806 -7937
9494 -6180
8582 -5632
-373 4970
1450 1814
-6861 -3184
-270 125
7719 9684
-7494 1634
-4105 4767
7939 -9228
-198 94
-6400 -1034
7302 -7067
-633 -8245
-391 6303
-3566 3317
-8499 4217
133 1504
-4264 532
-6179 -761
-7582 -9350
-2834 -9742
-9186 5083
1554 6122
1973 -3945
8361 1938
3517 -4221
-9705 -8838
-7496 -6349
-8005 -8607
8819 -3383
-2328 462
1840 -2570
7865 -1248
8981 -8475
-9627 782
2340 8401
4566 -4640
-822 4245
-5758 -143
2972 6788
4051 5507
-8166 -4760
9253 -8685
1074 7304
-7596 2595
7754 -4064
-926 7656
-6610 -5813
-1419 -3001
9619 8239
-3227 -1165
745 -8396
3698 -6873
-2876 -5618
-3681 1064
3850 -1055
4342 -3129
8933 1850
1874 -8885
-9848 6875
-9744 2266
2031 -9622
-134 2935
-4069 -4872
1733 3363
-8813 6335
6313 -6996
-7959 -5763
5525 -1621
-9005 2276
7199 8272
2479 8711
3630 8894
-3751 8033
-1388 4719
496 1112
6604 -4175
-2806 -8609
-8624 -5178
8937 -3586
-9341 -9787
-486 7602
-879 917
3733 -5944
-1590 -4751
-9732 -3045
-5469 -671
3746 3850
1725 -9174
-4923 -4548
-5039 -9841
-4877 3515
9755 -6980
-1439 1050
-5622 5462
8800 9287
-6968 -3189
2637 -9264
1448 8993
-1948 -2234
-265 -9953
-2918 4097
6233 -5477
-5734 -2513
107 5704
-412 -5405
2343 2529
4471 4685
2943 4545
8062 -7089
5422 2833
7922 -2524
-9199 525
1490 -5057
7996 -312
-751 6613
8814 -1660
7185 6836
-5911 -5618
-9886 91
9827 -2365
7468 5620
-5270 1952
4360 6858
3888 5545
-4537 -3713
2376 3250
-9063 2504
284 -322
7575 -4680
8343 -3709
-5070 -3393
-1676 8467
6444 8089
7303 698
1226 -7263
-2432 -4597
-9971 -231
1027 9650
7908 -5768
-3647 1956
-9704 -1974
767 6025
7741 9086
2968 -4886
-5481 2038
-5191 1550
2474 3048
-2871 5907
-6756 -6494
2393 -2684
-7541 8609
-251 -195
-4095 4976
-6925 503
5416 -2032
-1038 -8207
-105 8105
-541 8306
-8346 -9118
-5639 -8102
-6156 2420
-2834 -6387
-2293 -975
-4865 279
9762 253
-8340 7968
-6101 8059
-2870 -4642
-6204 -9422
-5237 -8490
-9054 2493
1365 -6360
-8358 -2855
7277 -4253
-7750 -931
-8382 4775
4610 6491
1352 -3010
-2700 47
-7420 -2784
9610 -1446
1137 -5428
-8046 9753
-3961 3985
-7541 2053
-5330 -9940
-279 -5721
6765 4381
3633 -2843
-8001 -2085
4094 -5884
7749 -4919
7883 59
4201 9040
7851 4192
7352 -2575
-1059 5115
-1230 -8481
1339 -4187
8777 -1933
-4061 -9540
-5472 -9343
7241 -5682
9038 -8089
9609 -874
-7564 5861
2058 4802
4972 -6960
5424 -9481
1864 -7068
-7404 -5196
-7576 8826
5599 747
-3297 -4996
7980 -2432
7602 -9585
615 -712
-6408 -137
-4992 -9904
-4430 30
-6209 5472
7751 -5786
250 -4572
-6861 213
8376 -9683
-8252 -1463
-4192 -8446
-3810 -3334
-6353 -9375
6135 9993
-6861 7456
5477 -1601
5435 -2187
-393 9206
-6370 4084
-3857 -6068
-1969 -4916
1403 1244
7474 2916
-5294 -8650
8203 -2387
5358 2554
-8044 3280
-6685 8868
2790 -2167
-8874 -6886
8741 8529
-8810 -2808
-7905 -8987
-8420 -9154
387 -2582
922 1616
3448 -5546
8673 -4016
-132 9259
9557 7863
6443 -16
1782 6518
4518 -5033
8335 -2602
-356 9231
-2547 6147
6003 3942
4753 -4051
-4616 -49
-7726 5906
-6669 -790
-1179 -6035
-7089 5569
2638 -6196
-2193 1753
-130 7168
5152 2522
9820 -1136
3596 -1414
613 -7055
-5071 4000
3317 8855
2457 -64
6640 -5946
-2064 9396
3754 -6236
-8122 -7110
7430 -8759
-8237 4355
-3756 8765
-4350 907
8575 -2788
2850 -3438
-3120 8957
-6739 155
-5577 -9606
-9262 -298
-7027 3303
5664 6136
-6987 7311
-8102 -5335
307 9725
6722 -6389
-4057 6534
9085 -1694
6978 7645
-316 8115
-3748 1863
7623 -7399
-1693 7751
-4001 -5749
-9212 2207
2813 100
5046 7869
-9059 1292
6951 8712
-4059 2361
4463 -1825
-6104 3493
5579 3140
854 -3238
-4135 -8558
-2237 -7216
1415 6663
1485 1966
8250 -5253
9180 -7414
9197 -3291
-7249 -939
7760 -7526
-6675 -5689
-3549 7260
-3517 -884
2497 1010
7661 -5258
2592 -9034
-3625 3892
-214 6282
-9553 144
-5779 -1548
-2334 -6029
-5711 -3112
432 3535
-5892 -1672
7730 5475
528 3293
-2917 -1106
-7685 -7854
5880 3695
-5965 -8500
8663 6143
2719 3427
3502 2758
8909 -4652
3417 -2359
-2679 8136
8832 -9015
-6307 -8468
-3379 -1951
-1013 8751
-9151 -3892
1873 32
5413 -9501
-697 -7674
-1649 -2499
8581 3706
8363 9274
-517 -4474
9315 4998
186 -346
-9194 -5469
-5964 -8712
9020 1036
879 7826
3575 -2334
2114 444
6440 -1690
-3578 6467
-2555 4842
2375 4916
4067 9102
8098 -887
-8212 1589
-9432 4195
-6212 -4844
-9764 9819
-1289 5933
875 3605
-1264 8323
-5054 -1482
-7139 -4161
5173 -9519
1444 -3245
-7388 -3619
7473 279
7746 -9821
1971 9228
-8886 -7432
5571 6221
9857 7521
226 -7354
4453 1665
5200 -1022
-2254 1930
-5592 -5885
-5356 -2079
2817 4188
-6666 2615
5548 -7976
-4047 -4198
-4389 7012
-4635 6101
-2085 -7825
9851 -7491
-5593 6974
-3964 7126
5148 6541
2045 -6571
-9981 2404
6272 -6769
-3715 9884
-8837 6229
-6112 3873
4665 3698
-6971 -4788
-6973 -9751
-8566 -3101
8459 2678
7234 1523
8468 2808
4233 8558
-4107 -2929
-9379 -99
3053 4531
-9711 7158
9033 2316
-1958 2740
9333 -9702
-7465 6484
4856 -3520
-6815 -4976
4687 -3248
-262 -9756
-5879 -7230
8836 4979
310 -6053
7725 1732
-676 -7326
-5043 -9602
-6244 -4430
4555 6398
7425 -3686
-8844 9600
-8761 8858
6550 7354
5314 9196
-4612 4496
895 -8338
4605 4900
3590 8261
7290 -5499
-258 -7423
9177 1553
-6774 -9306
3232 -7408
-2531 1522
-2835 -7373
-8580 -2222
7782 -4542
5267 -8206
3714 8883
64 -1742
-6894 -7949
-9669 1126
-7437 8808
3870 -4059
-4757 -1891
-8289 -9530
8933 9953
2888 -197
-7111 -2884
889 -5763
-8119 6931
152 8031
-5926 3137
9747 -2252
-3594 -8281
-3091 -4110
-2184 8261
6706 609
2073 9760
6098 4956
1378 -2164
-8827 -9471
-7277 -2173
-12 -4100
7696 -4211
4203 -9755
-9522 -4241
7695 5186
9818 -5351
-3571 -7588
9826 -6610
-5741 -2464
-5517 5348
3899 2855
-7747 6939
4509 2029
-8400 -472
-8508 -7942
9328 4707
1782 -9446
8446 -5895
187 1230
-1563 -6843
9589 7811
-9067 1853
-9843 -417
9368 9068
-3031 2751
8358 8447
3592 7969
8881 8648
9797 -8553
-3118 -8774
5508 977
-329 -5970
9267 4054
8152 8872
3828 2565
-9869 -4981
5597 9954
1120 6788
9034 4427
5937 -8866
-690 -9176
752 9135
637 7845
-928 -4180
4659 -1305
-3959 -886
-4710 5127
-8383 -193
-945 6332
4515 2937
-7738 -4562
9668 2373
5385 -447
617 -7539
-2976 -5671
-7067 1606
4897 -1505
5652 8219
-7953 -189
-4028 -1600
4217 -610
5786 573
-1198 -2623
-2570 -1133
3033 7577
-6541 -722
-2454 3431
9969 -6258
-9648 -2707
-2390 1683
-7011 6297
-9157 774
2208 6699
-8947 -9890
-4738 -5931
-7736 -2115
-1899 -5255
-1268 3836
6057 8449
-4005 2685
2260 -5019
2898 151
4852 7744
3145 7424
-614 -2601
1223 -3190
-196 4963
-8602 9698
-751 -8794
-1142 6658
3566 -3996
-398 1143
3346 866
2644 7999
-6724 -838
2745 1884
8055 4218
5735 2239
-1567 -5953
7291 9850
-6457 -6041
-350 8358
3026 -8567
-8545 -3346
670 -2356
-768 6088
-4871 9198
8734 -1325
-7696 2776
-4846 -9366
2145 -3616
2770 -397
-4943 3002
2385 8336
-950 -6652
2693 8528
9347 -7336
9795 4995
4110 1276
8428 2894
8410 -6622
-6832 7076
9468 946
7252 -6972
-8817 3546
-8983 -3122
-9600 2288
-3731 3945
9518 6163
9502 5501
9375 725
-3280 2113
9769 6562
5306 -5857
-7555 -8545
-2536 2067
-5120 4119
3684 6221
-2438 3918
-8843 -5941
8130 3962
263 -1227
9417 -6432
5279 2629
820 8679
-5277 8888
-1174 -8900
-8933 1710
-189 -3845
-6961 -9450
-8671 6836
-807 5856
2298 7987
5734 2942
672 2190
8538 -945
-1543 -5397
1029 -2587
3173 815
-1992 -7960
-8866 -5796
-679 8432
6595 7492
6129 7383
789 -7087
4844 6192
4866 7435
2265 7936
-4620 -9910
2107 -4693
130 6532
9301 1285
-9659 -5090
-9258 -661
-5919 -9996
-3976 -1321
3209 7843
-6159 -9467
-6329 -9063
-3347 7977
3706 8761
-6182 -8768
1589 2940
5364 3513
-66 2993
3180 7790
-6869 -815
9526 -1992
5672 -7015
-9705 -9968
-5423 8659
-6254 1053
-7229 2058
7280 -2941
-831 3839
-3053 -4570
-3330 -6170
-5225 4920
-8841 9051
9586 9211
5695 7472
1369 -3028
-961 2137
384 7919
-6770 -315
-6683 3097
326 -628
-6265 -9729
-9623 7934
5492 5445
7205 9971
292 -4154
-6249 3711
1942 -6774
-3702 -3576
112 -8752
-6450 -5076
-4998 -3147
-3946 -8706
3731 -8954
-3492 -1518
-1789 -2904
-9225 -5005
-4384 -4549
6746 -9736
1537 -151
-9813 -4705
-6647 -9506
6424 -2835
-9890 2626
-1740 2603
-9967 3089
6444 9318
-3408 -5012
-6596 -87
-6930 -1114
976 6534
-6587 -6501
-5786 -9099
9719 7043
1556 -8637
-6765 -7356
-3537 -650
6382 -6348
4367 2917
969 9720
2495 1501
-2307 5440
-8173 4438
5755 8761
7961 -3328
-2208 4854
1791 4271
3497 -9716
-7046 9340
8800 -5600
-363 -20
2106 6129
-1484 -6446
6108 486
-7405 760
-4501 5380
-7456 5551
-3490 -1002
3989 -4592
-9814 -2799
8761 1733
8990 -3867
-6951 2869
1880 -2988
-1209 6057
8767 -8168
809 -5513
1947 -546
-6894 3267
5583 -3899
1932 5949
3982 -4574
-3100 -1909
866 -1533
1056 5376
-8082 945
6857 -3941
1978 -6917
-4888 2965
-552 7592
-187 -2273
-9192 8346
3811 -2757
4246 -846
5119 4378
1392 -2556
-4317 -1044
4915 -9518
-2092 4861
5992 -3222
-4316 4607
-7173 -9096
-8368 7360
9641 3808
-4013 6859
-1831 -9708
-1180 839
1775 4206
6539 2071
3225 -9642
-5701 7061
9343 4330
-3638 452
8424 3084
9654 6549
642 -6441
-188 1484
5259 1219
-8900 493
5856 -2257
-6661 -622
9529 -5663
1731 -3563
6072 142
-5472 -7817
-464 -6611
1395 2534
9891 -6816
-43 9374
-6946 -183
4010 6530
9639 -346
807 1911
3281 4722
915 -7490
3735 -9921
3967 -576
-4415 -5290
2403 -3078
-8618 -10
-1826 4374
-2993 -3585
1256 -209
9919 5575
1832 -9795
-4885 -3448
4191 -6113
-2051 -2184
-6626 2909
3992 -1156
1552 -5745
-6252 -7980
2493 4022
7718 6552
-4609 -5771
-6105 2443
-691 -174
-5176 8239
7850 -7862
4601 -7556
-7014 6949
5743 5729
-2 5630
-5894 -3421
-9014 -5219
4196 -8775
681 9636
-6902 -395
-7744 -4659
-1056 -9750
8044 5480
8634 -5333
-9870 4920
-918 -9956
5605 3675
2357 -9596
8441 -6355
-5603 5611
-7791 -6987
-1097 -2411
8974 -636
3919 -5728
-2344 1915
6524 2259
7394 2088
-1694 3704
-5637 -6253
-1333 2712
1001 1950
-8303 -9322
-9124 -5969
-7853 -3011
-8327 2523
8813 -8341
-8634 7782
-9681 6130
1090 7869
6813 2143
-9598 7369
6220 9298
-2294 -2811
3163 8400
-8265 -3919
-2784 685
-2935 -7746
-9608 5084
4914 -7127
-8922 -4492
9726 7679
-2132 5908
-6287 2195
3644 6268
2649 -1074
2739 -4415
7992 6676
-735 -7035
-8064 4433
-1114 3920
-5657 3280
3398 -1549
-5333 -2604
9687 9572
7086 -3770
2620 2660
-8687 -4174
-792 -4855
-5453 8182
-7208 9298
7982 -4304
7701 3887
1566 -6612
-9054 -4030
-5944 -5823
-1716 -7642
1206 -128
-2294 -1446
-3694 -5527
3792 -8091
7383 -8604
6482 3960
3094 5450
-5058 8258
-9244 1560
-5316 -2035
-7916 -9245
-5282 4676
4839 -5415
4054 8399
8174 2238
-4227 8041
2628 -2400
-9394 1077
-7980 3161
-2104 3602
-4390 3438
6006 -711
-3525 5199
-5156 5803
1436 -4239
9291 -9549
3361 2
7713 8084
1656 -9994
2751 -5599
209 9995
-9113 -9050
-8391 -4338
-9837 -4606
-2373 -2342
8791 6709
-6863 8673
1735 6209
2214 8173
-3068 -7362
-5208 -8765
9828 8170
699 2122
-9333 -3151
-5941 2702
5977 -5602
1097 2444
-2752 1293
-2992 5761
-6533 -6822
786 5763
-4082 -7903
8295 2277
8525 4622
5445 8988
-7739 1061
-6696 -6622
4412 7290
6449 4651
-7820 8238
4838 187
-1356 -2250
4699 6281
4485 8857
-2766 -8946
-2355 -5458
-4318 -4969
4508 5395
-3785 -8099
547 -9395
-4888 -7880
-3775 -5064
-4259 4613
6397 9277
2956 5383
2677 -1822
8879 -7276
-253 3902
7204 -9581
-7404 -7619
3583 -1834
4979 4223
7217 -8525
-889 4101
3026 -2707
-9280 -942
-6201 -7906
4620 -9811
-4039 -3361
8487 -6448
621 -3078
6829 -4840
-441 6420
6848 8071
-365 2425
839 4594
4865 -318
7688 -213
209 -4725
-4731 -8001
-4263 -6973
642 -3197
4596 -7174
448 7588
4804 -9937
-930 -6296
8457 7871
3205 -8263
-9900 -2145
9384 -2119
5290 7294
9584 6221
6481 1213
-8996 -2890
8811 4941
4997 -4699
7097 1833
5589 8731
-9473 -3230
1396 5948
-5348 -2098
8033 -5499
3029 6677
-9616 3991
8910 4191
1746 -9
6837 8488
-2955 9864
-8435 603
4024 7724
5911 -2561
-6209 -2153
7015 5710
204 107
-6786 9782
-6841 7827
5243 -1845
608 2381
-7647 3323
4993 -9047
4798 4781
-8017 -7757
-2265 -2036
-3663 1564
8546 -8613
8750 -8100
-9730 -7471
-5773 -9989
-9491 5575
6177 -718
4974 -15
-3715 5443
-5186 6107
420 -1814
449 5772
-2487 735
-3947 9005
-1941 9594
5684 4393
5833 -2278
-8125 8659
-6466 310
7166 6614
-8990 131
-5049 -7296
8563 9180
-6731 4975
-3113 -9730
-6594 8006
-7968 1584
-6283 -6572
-9408 8566
1597 -3036
5599 6470
6495 7452
-3168 9985
7168 13
1181 -6046
5873 4955
7813 -2219
-7346 -1965
-3611 -3559
-9479 8259
-1767 -9615
3078 -8633
-8048 -1178
-1889 5040
6174 4493
-2510 -5889
-9586 2467
-9039 -2085
4391 947
-1753 -2675
-2208 6224
9458 -873
2145 3917
9451 852
-9398 -6411
-9090 -5895
5515 -5719
-2129 -592
5117 -4954
-2787 5703
-6892 8984
-5735 -7636
4769 -450
6003 -6963
-8872 4562
3133 -2700
-1775 2705
8580 4631
6306 -7312
6335 -287
2985 3602
-1006 8518
9488 -1539
7075 6665
-4771 2750
6860 -3739
4206 1114
-3545 1172
3294 3467
-5815 -6857
-9958 1749
2812 7991
-1678 -9587
-3279 -6168
-3897 -6098
337 -2882
-6561 71
3447 9230
8947 4379
-7366 2797
352 618
-1704 -2162
-2160 -2262
3559 -7435
-5441 3199
-6539 7006
5963 7677
-2486 9274
3499 -3207
-710 5624
-9135 -2429
-9287 -5398
6273 8723
-1927 1379
9326 6868
-2155 8604
-3355 6786
-8419 -4559
-927 -5775
-2746 -911
7361 7810
9158 -9098
-3397 -9759
-2198 -1509
-1212 2097
6897 -8901
-5836 5638
-4784 942
8339 -3238
1667 -8759
818 -8237
-3461 -1632
9676 -1270
-3219 -4131
-5041 -2111
4829 3004
5967 5049
-5256 -6455
-8452 587
-1467 -9251
8704 9970
4054 -1868
-1306 -2920
-3967 -2406
-4878 -3798
-6949 -4990
5567 -8575
7224 -3365
-670 7914
-4342 3485
-7165 -5510
657 -4397
-3168 3004
9368 9829
7116 3758
2512 -658
8151 -4994
-1588 6504
3742 3124
-6636 2341
1928 -7704
-850 2948
-4422 -5888
7208 1201
-864 -8051
-1235 -2432
-996 -6779
-9199 -9869
7828 3605
-9173 9973
493 -9744
6159 739
-7620 1860
4711 6796
-6196 6476
-446 -1865
-3893 5045
-4721 -661
-4656 4821
9012 -4781
465 -305
-680 9380
-560 -1865
-4403 5622
615 -7703
-5248 6072
-431 7088
101 -270
873 -7202
4634 -6540
-3918 -1754
-9627 -6826
8468 6022
-5116 -2387
7034 6142
-4834 -3147
-1879 -2926
-2216 2103
-6919 6072
-3944 -9231
7189 -6035
3226 101
4894 -1714
-8320 -5462
-4265 5074
9570 1495
-5799 9590
8444 -852
-5527 -167
5164 -2218
215 6805
1530 -3373
-5800 7397
-8226 -2560
3149 4190
-1556 -4295
1985 3998
-3513 3421
-1315 3106
6274 1196
9249 2843
3012 7127
6159 -9409
1602 -2024
-9806 -9189
8915 9611
-4636 -3928
4248 305
273 5771
6507 -7098
-5420 2800
3854 -1139
6321 6576
7208 -3921
-5957 -2105
-437 -3399
-5350 -5724
-9093 -926
-7310 9889
-7496 -6068
9716 -4713
-317 -1602
5712 -2941
-3108 -293
-5385 -3116
3182 1621
-2448 777
-7418 -9153
7364 7342
4687 4669
9010 7427
4680 -6473
3239 898
-1697 7152
1466 -5166
-7217 -8353
1348 9543
6476 -8292
-2221 -631
-7665 -1557
-1929 -2870
-803 3693
