3000
7577 -417
-1482 6482
-796 9761
-2419 5982
6692 -7107
-5369 -165
3648 -5306
5913 -5068
1083 3787
6771 5793
-7128 8613
6638 8671
6823 6927
-5609 7266
-418 1918
8694 -3426
-9950 -7431
-9572 -3927
-913 -6978
245 -5026
-7773 3542
-2090 759
-7617 7039
-6632 9447
4138 7664
-3930 4050
6211 8315
-5609 -4740
-7838 -6800
-2443 3714
6579 6324
-574 -7643
-5889 -8378
828 778
-7008 -3097
8598 9431
9035 9759
-3031 -1654
917 6466
1105 3211
-1264 -4788
-1568 4790
5035 5355
-1346 9389
8984 -1683
-5894 402
264 -9384
9595 90
-7058 5409
8647 -2450
373 1137
8709 -3511
-4776 -2224
8812 -9959
-9482 -5156
432 -1534
-68 8111
-2395 5014
-6087 364
3721 6501
-9388 -4793
-4268 1343
4975 -4587
6198 7074
-1369 -3141
93 -7843
-869 -6487
-55 1025
3671 3125
6193 5325
-705 138
-8326 815
2574 5489
7289 8429
3765 4148
8598 509
6896 3532
2551 -4190
5117 8184
-980 9075
4431 2543
929 -1430
997 7773
7123 9804
920 -9213
-3584 -1238
-148 6344
8952 5609
-497 -7363
-5762 4232
-9631 -5086
2124 2072
9388 5285
-8803 -5817
-9770 -1924
-9217 1823
-1297 -7262
-8157 -5743
-1850 1528
-1275 851
4330 4405
-367 9032
-5190 -1096
7411 -8377
2763 -4763
8502 1676
-6310 -159
2408 -4638
2190 -1445
2623 2550
-36 -974
953 5577
-7274 7030
9006 -3575
-3345 -1647
-5989 1353
7928 1114
5203 -9556
525 -7691
4195 1866
-5532 -6041
5025 -2700
-2437 -3345
-2766 -933
-8939 -219
7818 -8947
-8799 -3072
-6396 7509
4408 8270
-4109 8087
4830 2689
-8145 8423
2684 -8831
5019 -2128
-7091 -1332
-2608 6217
119 1493
3477 -7755
-4732 -225
-7093 689
8058 8160
-2271 -820
-9548 8722
3101 -8044
2754 -3033
-9627 -8120
-2011 -4266
-3284 892
-6251 5052
-6237 -613
9295 -9029
-2305 -1796
435 -4826
-8143 -7626
-3174 9613
-858 4120
4365 1450
-1239 -4561
-4023 -7000
8087 118
5188 -4104
-6841 9587
-2814 495
-7186 -3143
4762 7590
-616 -1679
-3275 -8420
6597 2692
-217 629
6855 327
4188 -9591
-3527 1353
908 -2944
-993 -386
1301 -7611
9004 -4016
-8359 -7015
-5257 7730
5115 8161
1634 1483
4593 -120
-3260 4652
2960 -2024
8744 -7895
5607 2324
-8691 1645
4891 -9159
-9504 -4847
-2197 -5693
-6956 -9315
-793 -1022
5257 1518
-9887 -8956
-7559 -3795
-1834 819
-4550 -4947
5390 -1301
5511 -8730
8924 3458
4655 -6631
2135 285
1006 -457
5961 -3616
1905 1001
6986 -8382
9517 5633
-125 9215
-9059 -3524
-301 166
3866 8884
3219 8948
3024 9013
-7958 2201
-1567 -1736
1030 1855
-8531 -217
8624 -4277
-9475 -4177
-8817 -8980
-2897 -7682
-5400 1760
2090 -9668
3158 -4829
8475 -9119
3217 -8990
9308 6947
-671 -3010
7911 -6241
3205 4823
121 7847
-215 2171
-8795 1130
-8363 9505
-4066 -1551
2609 -2721
8617 -4645
6171 -9371
-5726 2703
3403 6771
-5169 -3152
-1678 -2972
-5356 -6031
-362 -541
1557 -4455
-1506 65
-545 -4747
-6372 3229
-6547 6965
-3611 6938
-5281 -379
-9852 4150
1221 -7949
-4044 1677
-8367 -8637
116 872
4606 1854
-4819 2043
1476 -577
-3828 5034
1629 -8839
-7984 -4765
-5634 4795
6199 3344
4415 -7733
3063 4672
7921 -5256
1919 -7239
-8688 -4221
6682 -7210
-7460 7898
6222 -4971
-262 721
-9779 -6925
-2690 4388
-8211 -6594
1220 -5330
104 3881
3113 -1651
-6990 9081
-1185 2370
575 9548
2810 1997
5364 -2584
5327 -6879
-6702 -4904
9793 7457
-163 -8948
-8344 3607
5375 1796
-1642 -8283
3482 6667
5252 4448
-3148 3928
66 675
2702 -6692
-685 -7674
-7782 -3680
-4652 -8020
-3434 -7182
5743 9702
3837 -6466
571 6479
3032 -5099
-7767 1876
6307 -5939
7571 2063
-445 3959
5841 -8970
1894 -7143
-9629 -7125
-3024 6123
-5482 -2335
2179 -9639
9969 7011
-1217 691
1634 8850
5658 472
4785 9322
2723 -6224
-1049 -5227
3176 -7361
-5018 8921
-6810 -1909
-5952 -3283
8048 -9057
9209 -8594
-5034 515
9656 6896
-6265 -4783
2252 2139
-396 9632
-7006 6441
-2808 -2759
3194 5555
-640 -6862
-6990 -8943
-9663 -9730
5561 -4049
-4320 6002
-3276 -3773
-1371 6344
3553 -8138
-1476 6992
-761 -6276
-8057 -2788
-308 5432
8037 914
-9617 4970
-6822 3412
-1203 2871
-7407 6574
7157 9982
1193 1871
3944 -9006
3953 4726
-270 8696
-2613 -4791
-8168 5194
4714 -2250
3717 -3836
2586 2290
544 9764
5833 2386
6187 4576
9907 -5408
3448 3608
-5688 -5951
592 5522
-4845 2772
-955 -5205
-7504 -2834
1832 -4887
9435 9870
952 5639
-562 7291
-8264 -3802
-6466 1804
2016 8241
4939 2991
7812 -1936
-853 3647
5363 6479
1733 -407
-6447 9380
3716 1328
-7168 1945
6739 -9131
-2570 9179
-9939 -2664
795 -6224
5267 9105
-6160 -569
-2888 4132
2544 8882
-2515 5
3365 1334
1681 -7668
1640 2111
-4713 5394
80 7742
-8417 3276
-8310 -4142
-9238 9979
3375 1509
-7746 -9514
-8024 -2888
6575 -7696
1603 -9927
4091 -5345
278 -8382
9218 -2818
8421 -1575
-5107 -1999
449 198
4990 -2920
-5538 7492
4226 8349
-1777 -1380
1274 8147
5598 -9968
2166 -5958
-7164 -1665
406 -1445
2948 -498
5339 -4949
7042 342
-3307 7779
2992 -805
5560 -5208
3636 -8383
-3195 3593
7115 8639
-7622 5938
1080 -9271
6590 -603
824 8128
-8474 -1945
4331 -9495
-3967 -9587
-4397 9093
-189 32
-326 -7913
2483 -4237
5078 -5520
-9584 2326
-4942 -8908
5340 3844
8088 3619
2308 9949
-9084 -6311
1297 -2409
-8372 -8244
-7692 9063
-8123 -9824
3975 2312
-2664 9573
-857 -5379
-8647 -8596
3648 4363
9441 7058
-3816 4908
-7793 2929
-6148 5627
-7528 -8821
-1768 -139
-7504 -2538
-5289 -2168
-1327 7064
-655 4507
-3530 -1280
-1289 -8113
9064 7961
766 2371
7195 -7308
-6934 8599
-9847 -9886
4328 8151
2322 -3925
-1313 9604
8882 1971
6626 4764
-8789 -1322
3847 -4630
7989 6886
-5036 9189
8899 1792
-9993 -779
2210 4074
-2687 -6788
-2783 -8472
-1404 -9386
3953 5668
6158 -5019
1426 8633
-8456 -1827
-3047 2428
-6659 -1436
4953 -3874
-1321 2347
56 9012
6124 -7910
-6947 3982
1845 127
3174 4479
-9109 8157
-10000 65
-1729 -7119
3372 2932
2336 7748
-6414 5239
7188 7125
-1897 -8437
-2166 -9122
3057 -1678
-4327 6760
2243 6721
-8055 -5235
7470 -7664
-8565 7744
8000 466
-2846 -4943
2279 2085
-9104 -5693
-4672 2456
-5605 -9460
507 1521
1090 -7651
-6614 -4907
4310 -4693
-6646 3460
-362 2944
-7967 -16
-9300 8654
416 2993
7109 -7922
-6049 5863
38 9378
-6815 -777
-3880 7807
-8004 -2442
-6987 3729
1643 1582
9246 3471
3375 -9956
-8061 -5362
7016 -6958
-4367 442
-3447 -3882
-9847 -1970
-4367 3505
-5984 -2874
6070 -9556
-1267 -7246
-8260 3648
5649 1217
-8272 2038
993 -3975
-6990 -8431
-1810 -4373
-9403 4983
3431 -8481
-1224 -3415
9542 2365
7925 1239
-4618 3989
-6594 6050
6351 -2204
-4486 -209
8585 6150
-7672 -7773
8739 -5571
1649 -8607
9809 9626
9618 1730
5168 3171
-9576 8887
-732 -8655
-4846 4388
1158 2047
9957 9016
3722 -7157
-5239 -1258
7706 -594
-4089 2018
-1125 -9311
-9180 -7653
-4829 8475
3785 9620
-5720 4472
-2752 -5623
-3487 -1337
-2294 994
4104 3028
-5821 -9751
3655 3985
-5797 -6950
233 2976
9730 -2574
1094 1622
2690 6193
6023 -3098
7914 -568
-3691 3452
-4390 8943
-2740 -1937
1356 -5001
1255 8112
1635 2829
1154 719
9636 -1192
4101 3219
-2916 4117
5338 -3800
-6899 2471
-406 2662
8081 -5807
-4657 1688
-8852 -3112
-8996 -61
3979 6267
8336 -8617
6704 1933
5958 -7383
-9732 1296
8858 8805
-1276 5407
-8615 1816
-6219 5907
-664 4884
-1762 86
4288 -7082
8347 -1857
3605 -6164
-2615 -8073
3106 7125
-6888 7293
-7443 -1784
6022 -2848
-4175 -2921
6804 7358
-9259 -3564
214 -4367
2720 -632
7703 7607
-673 -6449
-1447 -5601
4660 -977
192 6761
8297 7319
1193 -9530
2183 -5182
7517 -7751
7166 -8646
9412 1278
3177 7425
5137 -7164
4178 -851
9636 -520
8757 -4444
4033 -2074
1972 -8587
-1315 5899
-3149 -5778
-8438 -7607
-7727 -4242
-1071 3154
-3937 -2617
-6558 -3903
-3468 3231
-9146 -1876
-9197 2856
-3581 -2364
-7373 5920
5176 -4226
-4197 671
1964 -8321
-7509 -4988
1558 842
-319 1123
9462 -6568
4697 -7699
4406 3222
3535 -2558
5090 -4316
-4816 -5067
282 3913
-4550 -4202
-8792 -7312
748 7705
1268 -4063
2187 -1091
2198 -446
7970 -4474
-1663 -761
3205 5035
4883 -2998
-279 2482
6929 381
-4613 -441
4483 4621
-6185 7926
7546 -265
-5512 -3861
2393 -4535
2562 -8897
5907 9658
-6377 -8924
412 1574
9080 -4770
8791 3973
-8969 1509
-4615 7058
8216 1242
-9525 8352
-5221 -6273
1125 2503
2120 9122
2123 2206
3596 9846
9119 -4307
7570 9198
-2189 -9112
-1652 1988
-6350 1057
-9008 -8678
-8993 2942
-182 8696
1546 1156
-6014 -9955
-3060 8481
5896 -6139
-2365 5216
5733 -2571
-6194 -2305
8448 3629
-5510 -2905
-2194 -9097
-1438 3874
-9232 -1943
-4013 -2668
7842 -2446
-5014 6759
1213 -9775
9567 -1076
5651 290
8558 6964
8476 -4320
2398 -5031
4116 947
-1981 8966
-3098 4842
-6851 5416
1805 -1351
-1746 -2140
-8697 354
-6717 5442
-7113 -9479
6079 6687
-3381 -1906
-4026 6639
7960 3030
6612 -6956
2670 -7025
-2312 -3049
8996 221
-9472 -7016
-2502 419
-7177 -8879
-9706 -507
-8800 -8350
-1516 4719
-921 -63
7857 1750
-1039 6480
-3786 -2636
7578 -3457
8571 5937
1850 4195
-4848 392
5616 -8966
1841 -9159
2607 9178
-2235 -5963
-769 7180
8292 3580
-1313 -3401
5046 -9982
-9018 9291
-432 4139
5753 -5279
-2581 9386
-7042 -596
6515 -374
-7179 6284
3846 -3101
7453 -3860
-2223 -1197
3754 -4191
7808 -4012
5243 -2890
-1609 3092
-3087 3769
-7081 -8534
-2278 8358
5594 -326
7588 -487
-5332 8793
-5708 713
-6991 -2606
56 1895
-3646 9625
464 -7415
1085 981
-5597 -6878
-9380 -5295
323 -3959
-1298 -2238
-6505 -2770
-7031 1779
630 3506
-8984 968
7922 -2210
-4456 7190
-7518 4216
-9407 274
-6983 -4636
-2934 4632
-6321 3474
-4070 -9678
7240 -4869
1416 -4641
7931 4406
6674 9206
5736 7363
5036 6121
3470 -8882
-1935 -490
6601 -7050
8391 3773
-2630 -8968
4826 9417
25 -1796
1218 5219
9475 -9720
-335 3778
9405 -8162
-5628 -3759
-2202 2404
7800 3494
-9193 -1339
5720 8921
-7415 7096
-8392 618
317 5086
4941 1339
4139 -3890
-9329 -6314
-2153 -6863
5416 -2089
-7143 2251
-20 1476
3215 9174
1209 -9272
-9300 5321
-1166 7008
-4701 -8443
-7310 -6619
-2472 -2057
1750 -9920
-5959 2318
9142 8521
7382 7206
4972 2330
-1747 7371
-6432 -976
-9566 -3292
4257 1015
8976 -8443
-8849 -6099
-5741 4070
-1838 2333
-2965 3557
4457 -8485
5637 8449
9663 7840
6666 907
2477 5125
-5 -2330
4999 -2696
5133 -1854
-1523 -7715
-2640 4031
8893 1432
3810 -1348
-3059 5518
-4623 -66
-8777 3760
-493 -666
3774 -5404
2184 3687
6734 -2350
2469 -3614
3985 5623
4661 -6344
7281 -5173
449 8258
245 2029
-3303 -1322
7942 -9213
-3227 -5107
-5809 -1664
9468 4396
-8728 8102
5874 -4821
8230 -871
8171 1255
1876 -7521
4407 9344
9038 -4837
-2991 -3548
1338 8700
1049 7737
219 7727
-7342 1112
-139 9802
-2776 7585
2279 -3517
-805 -7835
4656 8260
3817 -2296
-3556 8666
-519 1561
619 -3046
-1744 3682
-3992 6578
-3217 -55
4874 -7366
-6793 -7955
1920 29
-4584 -2101
-5073 -9724
3691 -605
-1931 -3765
-5607 3343
3347 -369
-6190 -4382
-6848 6661
4681 6582
7147 -6496
-4010 -3219
-1338 5649
7802 2282
-4522 178
6280 2590
776 1966
3192 -3252
-4698 2529
-1756 4010
-4743 7823
-3961 -9125
-2575 -4284
6724 -4901
644 -3335
4052 -6910
1687 -7022
7886 -1981
-4369 2338
-5901 6084
-6519 -411
-4356 808
2225 6711
4031 -3737
-4922 9262
-3616 -3532
-3270 -7454
2993 1602
3276 -8888
8235 -6055
-4117 -483
5214 8613
-4884 2491
8836 5386
-2571 -6321
7876 355
-3885 -4241
-2783 5240
4239 -6664
5785 2354
-4778 -480
5221 109
1300 -9024
-5490 4921
361 4997
-6161 8635
-4018 8222
-9416 -7068
-5313 5648
-4000 8777
-4564 -7511
-1107 4579
-5576 3204
9350 -9756
-5372 -328
-3370 3845
-5521 4717
-3962 -1348
2801 4138
1634 3527
323 -6363
8936 -1660
-6869 2264
-3516 -4918
9411 -8761
-6590 1082
-3894 1611
-1427 -5799
-9250 5827
8939 -1757
5599 -9892
5190 9996
-4428 21
1610 -7813
2594 8036
-4570 -9091
788 4347
-7816 -8378
9006 -5299
-785 -8743
-6516 6366
-5220 7817
-7163 3106
7935 -4464
-4378 -1609
-4859 8132
7504 -4407
-8817 6545
7744 6225
5693 2914
9778 -4042
-7971 -7737
-7416 1112
-7280 2744
8135 -2421
1874 7090
-410 -4394
3629 5320
-4098 5268
9107 -2277
-2562 -7713
-4741 864
-6100 3328
1333 -9417
598 -8321
-4411 9732
-7700 2877
-7938 4607
-6925 6119
-9639 -6119
-2511 2057
3938 6255
-3861 -3753
-9945 4132
7633 -8932
-9528 -7216
7552 -3783
-592 -631
2027 3943
-6707 -7142
1172 -1045
-9015 9333
5701 -1438
-9814 6586
7423 2473
-2966 8516
4292 -6436
-5850 8993
307 -1489
-5861 -3099
-2455 3237
-5944 6234
306 -5115
240 9650
-9912 -8262
7371 -6214
7414 11
-7168 3349
-6717 -3507
6104 -7124
2102 -4849
-2062 9914
6157 -7587
-5975 -4516
7916 -750
-9752 -2368
-8660 -5782
-2009 7726
-5184 8011
7033 3987
4951 682
-6071 -8266
1551 3154
4977 8912
3428 2158
8056 4866
5807 7380
-793 2564
6344 -8883
-8066 6212
-6361 -8732
4798 -9297
-85 -4810
-6581 1763
4805 -5083
-8596 -5821
4960 7301
-7573 -6954
-8175 8386
-2516 7272
304 73
9810 -7533
-7695 4030
-9351 -4737
7997 7291
-4689 -4586
-2550 -2764
-8543 -2618
-5755 -4237
7553 -9377
-63 -8165
8092 -6411
-4813 -1714
-7903 -51
-6320 2066
7953 -8087
-2322 3210
-8179 -5473
8871 2676
1903 1499
-3923 -4660
3727 7931
-6236 2903
-9980 -1565
-3686 1246
6424 346
3207 -2465
-9114 -3901
-7737 -5841
200 7523
6513 -3554
1399 -219
-4699 1303
-8273 -8398
2968 -12
9655 6172
4117 -3441
3763 3331
4925 8775
-6366 2475
9506 -2998
-3040 924
-4911 3447
2397 530
-2134 5860
229 3161
-1717 5252
5636 -817
907 716
9674 -9903
-1604 7018
-3793 2464
-8384 4907
-1963 -4473
2001 4385
3237 4693
7798 2949
-5114 -1403
8086 -5871
-7696 -5735
-981 -5318
1510 8937
9097 5287
5383 6157
-4743 -2225
6881 -6426
-4892 6244
-3175 3870
-7041 -3367
-5279 -7304
-8395 -2440
8161 -605
-6174 5230
-3996 -2280
4448 -460
-8645 -6788
4120 -8147
-6681 8817
-7586 9045
9290 -5321
-7723 8479
2692 -5926
-6405 2595
-6911 3273
8198 -8037
-5759 2395
471 -3340
3552 -595
1039 -9384
4872 -3867
-2289 -8557
4481 -7150
-1865 7644
-5354 -6986
6056 -3436
4289 -7988
9713 -6620
6573 -9042
5403 2793
65 -211
-6236 2595
853 4916
6977 -8480
7010 3289
7552 4319
9411 3893
7657 5062
-3626 -6938
5648 1356
-4178 9773
8719 -387
-5285 128
-8892 9961
-6883 -6018
4055 6990
9381 4271
-5683 -4556
-5917 9790
9215 -885
-2327 -4160
5751 -6853
-2138 9804
-1707 -9771
-9564 8340
2181 -4461
2482 -2767
-3031 4217
2512 -5400
4928 7718
-1292 -3594
8427 4566
-6425 -7179
555 8576
7694 -8085
8675 257
2168 -3632
-2127 -7283
4818 -1939
-7173 2788
5159 -8591
8186 -6746
1479 5484
-8457 -7611
-2640 5951
-3421 -3495
386 -572
9431 4617
-5771 7460
2741 -5357
3531 -9908
1152 8821
-9630 6523
1553 2372
8512 3069
-8843 -8273
8374 -3560
-9509 844
7583 1863
-1941 702
7664 9978
-103 3919
-1017 -9835
8626 -3412
-6166 -3745
2540 -584
-2811 6577
4709 4713
-650 396
2950 -7786
-3376 5679
-8985 -3520
-1687 -4897
3923 5887
-2167 8915
9346 -3655
-1602 4490
-727 -1682
5079 9759
-8570 4140
9411 9490
-531 3879
8895 930
9344 5509
-8753 -5417
5412 8632
-1787 -8710
9451 6106
-2992 8179
-2680 -9837
-8860 9800
-804 -1042
-2147 -9694
-7057 -8473
6315 -8500
1271 5539
678 -6651
1416 -347
6632 -5080
8000 -7727
-6090 -6522
-9788 9246
-4986 5169
9453 -5685
-6635 -8609
-7841 -192
-4423 -9030
-411 5962
-6909 267
-1662 -4964
-8919 3911
-7609 -7902
-8059 6296
-801 6620
-4660 904
-7660 5558
7130 9614
-1494 -2666
7750 4306
-1756 -6744
-2381 8760
-6715 9088
7546 -2692
-1375 -7977
-4129 2239
-4741 4405
5131 -3816
672 2501
-9604 9408
-5 8681
3344 9419
3685 -3220
2428 -9885
474 1411
7329 -1567
2777 -7528
-2818 1245
2160 9525
-2274 9907
4443 -813
-8875 -4730
-1442 9025
-9445 7481
9396 -665
-9463 6666
-1454 5357
1306 -435
-8866 2380
-4808 4415
-7024 -9759
786 8212
7578 -6446
1606 -4402
-3243 -6916
2885 -4896
-8442 2220
-1526 3958
-6369 -1731
-2645 -3124
1568 2123
6738 2767
7814 578
5021 -8466
-1690 -5588
-3381 -1837
6310 8896
6201 -9750
-6929 3466
1989 -3936
5485 -6497
4429 9439
-5884 -9109
4225 907
-4170 -8202
-4257 -8238
-396 -1465
-6156 9368
-2837 -1518
6444 342
9447 -8082
4616 8855
6432 3038
-497 8837
5251 2456
-3596 -3693
-8759 1795
6491 -8857
1082 -8483
7962 494
-4849 4919
-7833 -8854
-5425 4092
-963 -8563
8544 -807
6794 6949
-6744 1213
3641 -9820
-9511 2171
-3726 -309
-2377 -2636
-5577 2694
-8019 8607
7893 -5322
616 -5616
-5101 6269
-8602 -9237
7649 -1324
9124 -6132
631 2536
8369 -9727
-2626 4527
-3587 4058
-9773 -1113
1803 8075
832 4580
-4209 -6384
7711 -6627
1012 5450
-8158 -1010
-7779 -7788
7643 3849
4223 4447
6253 -8565
-843 -8682
-8797 -9248
2979 -9996
3774 3433
-7022 3367
9779 6395
-8351 -5298
-1580 2789
8725 -4784
7982 -1058
4643 -6525
-7983 -7125
-3853 4573
-5075 9032
9240 -1234
-5102 -7225
1178 3349
9364 616
9041 -9503
-967 6327
7311 1530
-6079 3539
2729 4962
9512 279
1887 7864
-2047 -9304
9454 -1970
2333 -3478
-1476 -7561
-5502 6517
-6655 7399
-1934 -6004
8097 7911
9085 3633
5231 6432
-1359 -1014
-1336 -4150
742 8808
6593 -7731
-8206 2997
-80 273
9434 2821
5091 9736
-8803 -691
-3184 183
7938 -7779
-8909 5317
-8961 8653
-3752 8275
3191 2751
-4311 -7727
-1553 -8385
319 -1616
-72 8307
9191 1588
-9904 -8397
-1198 8595
-5608 -2413
-206 -4249
-4362 4787
-5985 6919
-11 2562
-5536 3493
686 8300
2366 -4362
373 9019
-744 -4742
-7255 2382
67 7461
8262 496
3425 -3458
-2116 5807
-1497 -4242
-8530 -363
2430 -251
2674 220
-943 4017
-6136 -9251
-6466 2312
-6734 -430
-1551 -9573
-8252 4741
-1940 835
1586 6280
6191 -5690
-1925 -1519
5580 4337
457 4140
-1681 -4382
1339 -7944
-9200 1715
-1717 8497
7787 4366
-7665 5404
3559 4088
8381 -3834
-4240 3671
9796 399
9785 -6492
-7681 -9783
-4200 3521
-749 -9693
1981 -1867
-1939 3034
6467 652
-7536 7028
-9808 8059
9642 -2446
-9347 8507
-2782 5347
-1367 7637
7643 6991
3594 8617
5992 -9860
-4545 -1645
9696 5789
4866 -2282
8384 6539
6997 -9904
-4632 9387
-5731 -2802
7811 -7616
3237 1112
-1596 8862
4984 9910
1398 2122
7669 8554
-8170 -53
-4833 5005
4488 -9554
18 1899
-3739 6174
-8696 -1774
-6293 -6584
-9590 271
-6543 -9309
-8750 748
4525 6251
-8829 -2787
-8687 -7922
-8041 8014
2754 8473
4359 -5369
-8032 -8735
8712 4767
-9408 -2331
-4460 -5263
-4068 7128
-244 8506
-5646 3969
5464 -8615
6752 9002
-8606 8015
3332 -4594
-9549 -1189
-5153 -7248
-992 -8170
-5389 -5956
9994 -9207
1447 3643
3125 -2848
-896 9389
-8785 7544
3091 9640
-9290 661
9889 5504
4107 -4510
7305 -5729
5057 -2767
5114 -9347
-2865 -1927
5675 -3943
6319 128
-4555 5343
-5073 8461
-893 -5010
-1759 -6027
-4545 2812
-1344 7163
-3650 1496
-6344 -9215
-2190 9570
-5443 -7364
1218 2360
5776 9671
-8028 1862
6826 7677
-168 2147
-6757 2017
-7774 6159
5269 -4617
9532 8745
7597 6221
-1540 -7893
692 3876
-4714 -5407
4228 -2933
6959 -422
-8562 -4962
-2555 3953
-9217 -1732
4153 -909
-7001 993
-449 -6718
-2580 -4571
6357 9929
-3242 3206
-2941 -3361
-7573 8961
-6037 -258
-6775 -1441
-1193 1566
-9049 -5590
543 -353
1458 992
8276 2791
5492 2585
-8021 9022
2584 -7049
1879 880
-5815 -3701
9770 8230
8382 -3628
7737 3658
6597 474
4294 -8747
8395 3686
3506 -5505
-1052 8175
4736 2274
-6669 -3274
7984 -7737
1372 7526
-4439 -9995
9284 -5942
-6876 9083
-72 4297
-2356 -6164
4260 2900
-20 4512
5419 -729
-1352 2535
-5210 -2638
-5247 -3601
8146 6793
-6198 8225
4730 -9605
8264 3555
5671 -2370
768 8603
-9335 4932
-5377 -2347
3859 -9404
-8360 -7605
1348 5592
2836 -5278
-2236 8104
-6553 322
866 -2887
-8250 -7666
5706 -8828
-7155 4844
7278 -9872
-5505 -1390
1180 -578
9347 -2673
9110 -898
-3629 5525
2189 -7973
-7189 9850
8591 -7789
3125 9564
482 171
-1979 -3583
5917 -411
-6787 -5713
3908 7186
-9775 -8478
-8744 4399
3753 3903
-875 9474
-8442 2645
-1380 -7639
2883 1800
-1147 -1081
9138 460
5502 7514
483 -9839
-8453 -941
5077 876
1415 3564
1546 5792
7740 -8552
-1401 394
-4234 3754
894 -1399
-6151 5382
9985 7052
1207 7238
149 -437
4974 -4746
170 -6215
3979 3838
3407 1666
-4416 205
-674 122
-9158 3941
-4147 -6354
-6436 8893
8576 -1848
-6279 -9629
2270 2116
-4317 -18
-9742 1796
-8394 1294
-8439 2136
-5016 -8752
-2194 -1920
-7386 -2954
-3094 -3548
5929 -640
6224 -1777
4143 6300
9062 4770
8400 -5362
-2806 -4407
6519 -1536
3628 7448
-4851 -4872
4625 -9585
8601 1740
-6198 -9151
9973 -6134
2124 9351
7656 9752
-3115 6113
-8249 -8638
-4590 7073
8000 -2954
5655 885
-1355 -788
6230 -8631
-9096 -9473
-6154 -4631
-7694 -5899
4222 2793
-5426 -855
-1696 -6984
4333 -1999
1285 -6857
-1435 -8161
2922 5937
-9470 6299
166 5186
4386 -3802
-7184 -7105
-5783 -6781
459 5315
-1494 -7571
2768 8261
1866 5999
4244 -1553
-3114 8527
-8536 -7275
2549 -9697
1458 4435
7806 -2505
2629 -7375
1455 7819
-48 5191
-8807 4980
-2466 -170
-4402 5337
1854 2645
-2692 -6259
-2982 3332
4630 -2188
7278 3941
-7053 -5020
-3438 -4400
-208 -8689
-5869 -1106
-4822 1546
-185 -1175
-3814 -4708
-8002 4483
-8915 5890
3085 7790
959 8833
84 6645
179 -7887
-3046 3110
5039 3366
-9162 -2053
747 -1346
-5135 5521
1109 -9587
7898 332
-2100 2358
-9066 -8095
-1718 657
5696 8671
9425 8034
9908 8459
2646 -2706
1760 3281
7210 -8175
7982 9632
7074 -3091
9104 5775
-3989 3787
-3862 -238
-9574 6364
7949 2005
-8420 8993
-8899 9356
7686 -3615
-2144 -5838
6038 -7125
-3211 318
-286 -6319
-3689 -4971
9671 -5720
8058 -616
-4801 -6688
-1142 4544
2443 -2375
-8874 2861
-3103 4200
-5635 8808
-4144 1755
6601 3476
1961 87
5945 -461
3578 -350
-6656 -2377
-7878 6567
1525 -2380
-7266 7140
168 -6471
2200 -8020
4620 8608
-3470 7198
-6866 6363
9024 -5465
3295 -2447
-5145 -1329
9764 -6134
8697 236
9588 -3379
-4148 3985
-4142 4628
4049 -8562
-769 737
3234 -8898
2451 -6166
2828 9046
9100 5126
2437 7178
-789 -1698
4927 4567
-571 -6881
4132 -5500
-1877 -1152
8099 -8798
8158 -6249
-3029 -6244
953 4514
8345 1165
720 -6763
-3366 7531
9415 -615
3264 -1925
4714 -9133
-5778 8989
-4495 493
-1984 -3036
6607 6079
1435 5052
-8013 201
6112 -2573
4673 -2815
-9564 -7513
-279 -4427
9594 -9340
8309 -5596
-4000 -2526
7125 5824
-7719 -5546
-2712 7670
7474 3372
-3469 -9244
9039 -2635
-8843 -5405
-227 -1462
9121 -9368
-7968 -604
6772 -6421
-594 3908
3520 -7973
-7994 1445
2581 -6276
-8724 -2622
8576 -9584
5038 6244
2144 5413
-2477 -2005
4552 -7015
-3193 -8892
-5564 6684
-5993 2153
-4641 -9499
9427 -7833
2723 2738
-5314 -8393
6935 5627
-4512 2432
-5779 -1691
379 -3950
-549 4108
-3952 -1326
-662 -5725
4855 -9783
894 7677
4708 -135
-1811 2028
1914 -3315
-9040 -3618
-1772 3563
2317 718
7298 -7283
-6190 8719
-8906 -1960
-7271 7089
-2091 -7399
-727 990
3657 -6810
6484 8893
8780 9343
-1745 -1389
-4422 -222
9401 -5388
7250 1409
9259 1414
9113 5643
5719 1553
3676 -41
6037 2656
7792 8477
1375 354
8767 6517
6388 5029
-7628 104
-7826 574
-5837 -1310
2344 -1508
-3972 2400
-8177 -9107
3267 -6101
9898 7704
1242 -9838
-1321 8162
-3960 -4243
-7704 -8672
-3691 5218
-8330 -3931
-4555 9152
5711 -901
9998 -8782
3118 -5438
5839 3891
-5137 163
-2625 -942
6028 -1089
-5475 611
5974 4345
-6615 -4485
-3095 -3756
6990 -8751
1621 7850
-622 5236
5145 -9031
-3844 4994
7897 1349
4262 -217
3853 5287
4823 -9617
-7021 -5687
5531 3048
-8111 2216
-4964 8447
511 7840
-2474 890
2830 7583
8590 5115
7469 4466
-5188 -7160
-8076 6585
8586 5573
6996 4022
-3523 -9488
-6050 1459
75 -4596
-3148 8427
-5479 1464
3816 -790
-4214 -7753
-3646 -8228
-651 6218
4396 9830
-1030 -2049
5188 -2155
-3739 -9210
8238 -3860
-8625 9851
-3604 8135
9441 -6056
9976 9322
-8017 8676
-9515 973
-5959 -9018
5034 -2301
-6260 6099
-2453 1002
3596 7001
-5867 -9673
-5871 3200
-2797 -5672
6264 -7314
-9768 2511
3893 -9327
3190 -7354
2761 -2995
2588 934
-9518 -7077
-1967 8414
7161 -8164
7537 7856
8045 -4434
7159 2392
-3061 -4484
9252 -9534
9235 6772
1392 -6309
-5755 3510
-1458 5486
5055 204
1132 -142
9467 -1951
-4986 -4658
1962 -8515
-1870 -4049
-755 -1018
1322 -1553
-8309 9772
-4801 2015
-5002 9971
-1792 7073
3771 9613
-7140 7996
3338 6994
5753 -5831
7053 -9617
-8514 -6370
-556 -1919
4161 6724
5532 -9628
4757 1653
2776 -3233
7066 4739
5606 -3763
-3060 2817
6485 -6993
-6055 8453
-6590 4207
3408 -8451
-9353 3094
-6227 9921
4966 6218
-571 4894
1549 9889
8377 -4793
-1302 3728
6350 4270
-7047 -9036
2689 9776
9607 6248
9680 7706
3191 2201
9276 5826
-6615 7973
8750 -205
6169 1397
-9277 -6607
4770 -1775
5570 3745
2480 8760
50 -7075
-2253 -1986
4384 -561
-6118 7244
8469 -4987
-557 -9224
571 8705
7661 1517
5917 -1605
-1388 6422
9175 -5163
8707 -1441
-2544 -2711
525 4920
6248 8301
1642 -295
-6864 851
-4022 800
-8186 -2448
6047 3889
354 -7020
356 9306
-3509 -3699
-4923 -8486
6255 -2459
-743 3736
-8046 -2619
5717 -996
-3321 -2065
-558 7701
-5611 -7594
3889 8923
-9767 -6278
-6981 482
8884 -4278
6503 2136
5677 5196
9754 507
989 3413
9032 761
596 -2832
-6172 -9163
-5473 6375
9064 2351
-797 2256
-7055 1254
7037 -152
2937 6762
8090 2707
2133 8980
4517 2533
-2021 -5106
522 -7228
6136 -8370
3122 517
8383 -6292
5205 9956
-136 3903
8328 337
5285 -9622
9445 1933
2267 3239
7398 6300
6181 6053
6384 -6684
-7394 -5565
7473 -2769
-557 6004
3168 8251
420 -5867
-8105 -7582
-9259 7564
6500 2636
4746 -7975
-3656 7734
7082 5564
-1288 1753
-3024 -4316
2064 -5466
2853 -6240
-6826 1010
1785 7197
2259 -6783
-7455 -5396
-4634 -652
7427 -9009
4959 2931
-3336 -6817
-8162 -7789
5830 71
-1715 -6888
1316 7412
-6557 4370
7453 -2327
3258 4279
9569 -2882
3608 -5872
5060 3140
-1477 -8629
-7679 -3332
-9120 -614
-2071 -3232
-5033 -2320
3856 -7143
-6142 -5535
2331 919
4582 2987
-7183 9482
-2762 3725
4669 1040
1764 -6918
2072 -7518
9234 7479
3038 4210
-243 5531
8234 4617
-7866 -6152
-814 3652
-5134 -2486
8221 -3780
4493 -9436
-4605 9939
42 -3569
4858 -1548
-1792 2237
1079 -1827
-3544 -6733
1702 8663
5091 -6172
4625 -6082
-1002 -9419
-1879 869
1580 1077
7111 8850
5530 248
-6199 -1165
-7910 -9414
-8001 9197
-1932 9012
2064 -8292
4641 2070
-3579 -542
-5934 -7790
-6735 -5427
4290 9966
8353 9456
-6896 -1794
-6522 -6989
372 5123
3240 2587
5192 819
2643 1979
-5963 -4758
-4249 2023
1167 7258
-5911 6533
4443 7872
-2141 -6615
-1602 -1873
-2473 -5210
-1328 -2722
4267 3224
7351 8357
-4146 -6484
862 -6007
-2775 9258
-3706 -2452
8544 -1326
9812 -8313
4063 286
-1880 5459
3168 877
-2048 -2572
2070 345
-3795 -7383
8395 9814
-9700 -6251
-2035 -6769
9201 -9813
-8754 -103
-1604 -5294
-4367 -2600
-6181 -6505
-6619 7509
-7925 1293
-1062 -8499
3748 4253
6434 7333
1839 1047
9482 5928
9675 -6102
-307 -3275
-7223 6852
6860 2843
6124 -6203
4356 2673
4100 -5059
-9194 -6670
-5729 4737
-6142 -3412
9491 5646
288 -7384
45 9238
6747 894
-9088 -3748
-3057 518
-976 -2119
-2164 -2995
9806 1799
6757 4895
9243 6294
2228 1720
-4716 5801
8300 1534
885 8941
698 -1551
4055 3912
-6260 1866
-584 2366
1922 945
7340 -2605
-7912 8671
6956 -1515
-6625 9326
4335 -3422
335 5781
-6521 -4467
-4282 3001
8990 6710
319 -73
6328 -4694
7826 -9969
1867 7990
2047 2439
-7386 5486
1126 2733
-1993 -3245
-5051 6937
4317 4969
7357 6124
8877 2077
-4863 2795
-9266 -9251
4044 -7696
-5610 -4479
-2140 9892
290 -5718
-7689 4580
3992 4323
-3969 -4476
-927 1581
-8056 -3764
-4983 -1647
-3395 -8435
-3526 -9421
-403 -6727
6186 -3188
9347 -234
-9175 6990
3252 7256
6638 -6668
6078 -2816
-7565 -2826
5183 8108
1363 6215
-7024 80
-1270 9936
4665 1476
946 4401
-4612 9916
-9908 1058
-601 916
-2099 4712
-8159 2127
-6440 1608
-690 -349
7543 -8408
-8189 -1369
1237 7463
9152 3112
-9812 9344
886 6904
-7512 8498
4164 -4448
5617 -5601
-4982 -1758
-7706 7820
4649 -7674
2879 7122
-3216 -1231
-776 -6625
-3342 -4436
6399 9884
-4005 5760
-6227 9235
2158 -3828
-9129 224
-1079 -3479
6034 5618
5488 1122
-8201 -3512
8123 -7323
-2804 -3349
-1076 869
-1401 8222
5706 -7762
4314 8833
-4510 1072
4604 1682
4511 -8792
1549 4410
9352 6626
-4230 -5832
6006 -1413
-1982 9334
-6044 -4946
7876 1537
-4326 7244
-5753 4089
9628 -4806
536 -7610
-5891 -4035
-3359 1738
-759 484
4777 -8227
3698 9820
115 -6066
971 1251
6723 -5006
-6579 5802
-8019 -4458
4093 -4172
-9736 3588
-1663 -1160
237 -3080
3486 684
-3507 3554
2997 9834
-6116 -7577
-825 748
8087 4225
3843 -8072
3473 7981
-2364 -4169
-630 -7997
-9796 -8560
2840 -7122
6905 1531
5830 4487
7259 1972
-5378 4765
9254 1612
6043 -7878
6605 -445
-2115 -5897
-8756 -2479
5683 7116
-5079 1955
2968 -8027
7025 3582
7340 -3214
6117 8156
-4606 7595
-5329 -4536
-9914 1039
453 -631
-6318 -5596
-6351 4632
2935 -164
3360 7015
6983 -4292
6955 6080
5099 1083
-6290 -9530
-1033 9152
-7636 -4324
7767 -7351
-9594 -387
-8752 5905
-8105 -801
8413 -3684
6732 -4181
3978 1426
-7172 -1141
9664 5856
-7597 -7696
8219 -5933
-931 5109
-2284 -4862
7997 -2545
8898 3457
-828 -7197
7686 -1371
4727 2650
1745 -4010
6143 7600
4647 4256
-7246 -5161
2251 911
8352 -9482
241 -6640
-2250 -4843
-328 9958
6513 -8061
6395 -7417
-1690 5702
-3887 -5240
5263 1567
3900 335
8501 -6951
-9044 -5666
-6087 -9776
-2028 -8076
-8584 -7992
7310 -6877
-9292 -9813
-452 -1689
3552 -9131
6715 2751
3317 -1544
8932 -3520
-1188 -3468
-4826 2136
3361 -7045
-4590 -4881
1432 -9708
6769 -9956
2026 -8050
9000 -9486
-652 -439
-2413 -7321
2406 -3979
-6091 2102
6925 -9632
-778 4408
6893 -4862
-2421 7071
-8210 7336
-2756 -5323
-5835 -7504
7435 -6807
-4839 6775
5215 -124
-2705 -3134
-9624 -6199
5728 -9402
6178 -5398
8159 7716
-4059 -7498
5862 2681
-7376 -1971
3070 465
750 -8582
-3411 8305
-1464 -4416
-7237 323
-9169 9565
-7009 3194
1632 -8062
-2769 1282
7073 2596
-9123 4060
-4901 422
6677 4509
-9757 5288
-6137 -706
3816 -1044
-6743 -1046
4182 -4037
6468 -4559
-3235 -9595
-3691 -3120
7371 7425
387 -654
8044 -3746
4050 -309
7075 7537
6430 -8186
-2734 316
7715 -8893
8766 -3490
-4936 4776
-9762 1344
-6697 805
2182 -9240
-7069 2260
5107 9307
-3679 -9430
-9751 -4697
8873 8871
2565 -4616
646 7161
241 -6983
-6821 -4432
-5754 3080
-8205 -586
-3322 -4193
-7494 5377
3384 -7102
1761 -4947
-9647 -9637
-9969 9220
9248 6668
4213 149
-2781 6026
9832 -3068
-4157 -7035
-3240 7075
3793 -4170
2877 5623
7434 -8349
7713 775
9569 4073
9729 3180
1035 -5618
8155 6387
-5962 5750
1877 3488
-1672 -737
3197 4890
3323 -4999
2450 -6564
-931 3459
-123 -409
-94 -2407
80 -4854
4100 9095
8442 -7912
2645 -2391
-3463 -6735
-2342 -3491
8675 182
2249 7577
2104 -5995
2023 -2894
-6310 -4408
-3057 8683
4419 8758
1826 -478
6354 -2704
-8322 2857
-9402 -9183
2625 9239
6114 -775
4896 4845
8390 3265
-493 -7308
1202 -5575
1739 -2905
5958 868
8137 4905
382 3983
-8413 2025
9256 -788
5320 -2908
9037 -8831
6970 -4428
7597 2582
-8655 -7236
5337 4355
-6015 3017
1968 9865
-3651 -4974
-5748 6268
-1566 4596
-8122 -2685
3573 -8802
-746 2691
2793 5377
1758 -3965
2253 -6138
-7874 -5202
7780 9639
-1007 9411
4252 3141
8413 -4264
2770 2813
-5740 -9066
-4908 -7537
2496 3829
7542 2459
6773 5644
-7825 2394
6366 -7089
448 -1680
-2896 -1867
8097 7667
3463 1159
9003 -4484
6703 -8447
8774 -9781
-6293 -4032
-2095 -1230
-7008 -1736
-9758 4942
-5262 1802
-5625 5136
-1820 -1275
6658 -6660
-8053 212
-3235 -9283
2898 -1080
6755 4706
-4964 -6568
-1446 -5096
9040 3742
7977 8048
-4252 -242
3844 1055
7341 -685
3494 -8134
2814 -8344
-7700 -8001
-4829 -3199
2806 -6073
6231 8173
-849 -5722
4525 -3890
-6959 9412
9666 -715
-3504 -8273
-6708 -1900
4104 -8083
9559 1323
7249 -2704
4159 1625
3514 -1219
-7804 970
6171 4775
-1879 351
3862 -3109
4296 -2471
9624 2371
-4216 -849
5228 -1184
5693 2480
7554 -4277
1670 -2669
9012 -4918
-1906 -8354
1751 7787
-4611 1690
5335 -2938
4941 5444
1604 2994
7642 -4363
9222 -7196
328 9970
1765 -24
-8896 2108
-9555 -4605
6384 -6977
8260 -6251
7701 -1067
-531 3519
-4937 4482
-9276 -9986
-9568 7448
-6067 8535
1740 4408
502 2554
-4576 -4675
5034 -6239
-8433 6551
-1367 7277
6896 -8077
-32 3290
-6074 6025
-3471 -8138
5141 -1407
-9221 -501
-829 8165
4820 5067
5635 -8019
3760 1258
2695 -576
1767 -2812
-2070 -8098
-8587 4501
208 -776
-8976 4665
-2776 -9284
1668 -4881
3871 376
-8737 7551
-4211 3711
-19 9299
-4080 -4312
-5376 -265
7795 -9221
8119 -3090
6780 2857
-6543 -6808
-8838 -4067
4491 -6467
-7070 -6243
9050 9433
3214 -8343
4764 265
5234 259
-3674 -2351
-9378 438
170 -8040
6353 -7559
-2000 2249
-844 -4059
-1181 -4511
9699 -4814
9954 6354
8353 -8791
1558 6700
8734 1682
1812 2493
-6342 -1345
-2183 -510
-7589 48
-7839 -9407
-1002 -1698
7439 -657
-6515 2438
-9292 1897
3747 2727
-7425 -2308
-3101 3944
-1616 -6266
-1362 2253
-6435 -8714
2427 -6233
3862 -4863
-8957 8643
-1558 6558
5458 -455
-7791 -5365
-3497 -6332
-3271 5939
9361 -533
9724 -8030
-1505 4956
4743 -1808
-1940 2377
-3880 1984
-8673 -1530
-491 4554
7216 5845
1285 -4248
4298 4621
-732 -8884
1979 3387
12 -9465
-1040 -5751
8461 -5992
-3963 3230
-1938 1771
-5053 898
-3803 -7273
961 3107
-3279 -9391
-5848 -5261
-3752 -653
-2916 -1861
-397 -3114
5985 6601
1810 -4268
-6159 9669
-1085 1312
7204 -3036
1299 -1799
1870 -4335
4147 8570
-7222 5134
3077 -5245
-56 4945
-9509 391
-3943 -6784
-8541 5840
3044 -5846
3798 6071
-4363 -3373
-5536 -8364
-7972 5257
-2598 3915
3109 -6091
5049 -2462
-5417 -359
-8346 2948
2120 8788
9573 -6507
3848 -6780
3479 -518
8709 2844
6269 -5492
-340 1641
1870 -4971
3004 6488
-1378 7813
-1774 3655
3051 -7180
9882 -8335
6628 -3888
6853 -1065
8514 8159
8745 -5703
-2642 -1791
7027 7682
-274 7573
-8598 3563
2691 64
-6838 7233
2869 5012
655 1367
-7325 3307
-4798 -8582
5991 -2520
-1826 7985
8296 1759
-7489 -8808
-2056 4780
1341 7537
7397 2225
6173 -2545
-9606 3120
2543 757
8968 9095
-4073 -5164
2312 -1273
7188 -362
-5308 -2811
1522 280
9846 1004
-4357 626
-7037 -8409
-7492 1746
-2935 8811
325 -9674
6622 -5782
-2624 6472
-5029 -8828
-8318 -4749
9909 3465
-2484 -3912
-9350 -9919
-367 9932
-7036 7808
5473 3210
3628 6908
-1178 2616
2877 -4531
-8429 7887
5015 2951
-5234 5861
-5317 -2910
-8473 1463
-9053 3008
7036 -6859
-5547 -126
-8475 5534
67 5677
-5085 8163
6863 -9685
3995 2543
1284 -8485
8313 9162
2125 -7254
3000
5579 6475
-2660 8703
-7919 5741
-9280 -7723
-8351 1158
-9952 -2799
5768 9920
6882 -9444
7317 2272
1897 8046
-7584 1208
2919 -7728
-4523 2004
-2613 8299
66 6623
-2933 -9077
1080 -1998
-2441 4648
7284 6055
3070 4674
5281 -4224
-6436 6260
7151 -1517
2284 -284
3750 -8887
-1986 6788
-2009 9415
8626 3594
-3916 -1293
9786 -6186
-1623 -2572
2985 8930
-6869 1940
-8454 5041
6316 -2009
-29 -9005
66 357
-4147 -5842
-5118 -8470
6543 -7649
-6955 -3753
-4771 -8804
-6076 -358
-9361 -2937
6313 -3004
-1848 -3376
-949 5707
-9712 733
-8400 720
6912 -3366
2280 -8091
6068 -5838
-9741 -1676
-1252 -4683
3312 -918
9840 -940
-2946 8203
4488 -4036
-3783 -2797
-9231 2605
6735 4330
-9795 -5276
9921 -7531
1181 -9284
-6062 -5093
-2241 5487
-9315 5008
-2148 2259
2455 -2495
4116 -5931
-8485 6116
-1506 4695
3511 2824
9946 -9217
3552 126
6970 -2145
4575 -5582
-692 5544
4165 6531
-6040 -4206
7238 8963
-3187 -8187
-8118 6259
9728 -3032
4741 -2423
8742 -9692
-4148 5137
1944 9399
3678 -4028
2152 1920
6569 3046
3269 5242
2304 7004
5123 -8350
-6917 -5418
9820 -3016
2771 913
-2749 -3343
-3885 2643
7344 4089
2355 7377
-9816 413
-7783 -6106
3943 3694
-8423 9121
-5657 2375
-6026 7857
9015 618
-6414 4070
-32 9864
-8954 -5723
-2695 -8888
4511 -1845
390 4341
-3355 4593
4136 3863
-9051 9214
-7364 674
-1639 6159
2014 7568
-1446 -6162
4033 904
9249 -2949
-4194 4041
-3528 -3054
4648 -5770
3594 303
4759 -2275
8838 1269
3064 -3468
-460 -8671
8911 4146
1905 -2871
-7652 5938
-8904 6117
-1046 8500
-9527 -728
7606 9766
-8174 6275
2964 -68
-600 -7647
-7760 1403
-1051 -6915
-5005 -3363
9484 6011
-9473 2725
8019 51
3957 -556
-5359 7652
1680 8837
632 9897
8341 938
3228 2402
-6724 9847
8704 -1563
-5724 5174
-4343 547
1768 -4740
7559 -57
1121 -596
-4832 4830
575 4427
-2930 -3973
3412 -4525
1998 2007
-3476 1399
9643 3585
4685 -1842
1314 196
-3258 -5241
-5637 -966
8588 489
7515 -2856
-2435 4870
-1579 290
-6744 -5121
-9469 -9858
-2350 4659
-8052 6599
9108 -4999
-5068 2509
-6908 9236
-990 -8079
7689 -6593
9722 8956
-254 6733
5012 2332
5454 6314
-725 5209
-4035 8824
-8878 -5392
-6286 -2988
-4319 8688
1420 -774
6077 9616
6984 -612
5199 -2874
4327 8326
1496 -180
2264 -8285
-9024 -4586
4627 -1668
6587 -2387
-9406 97
6469 -2474
-4602 -6903
1754 825
8472 -6402
6435 -2504
-2943 69
-9832 457
1467 6204
1011 -187
2803 -108
-1963 -2374
8157 -6000
4003 -2521
-2236 8594
-1174 -5960
-7640 1154
-5007 820
6898 -5943
1256 5652
4832 -9228
1596 -9638
313 2091
7112 -3092
-2519 -4882
909 -4681
2241 7661
2933 -2221
447 9036
7263 -7172
7109 5279
6778 4187
2047 -3865
7061 4668
-1598 7226
-1225 -9655
-4664 4069
-1912 -7534
-6315 7189
-6359 -267
4865 -4823
-9357 2729
-154 -4225
4665 4563
-9932 -4155
-3378 -4791
-6904 -7182
-1184 -8763
-3032 6560
-260 -8185
-9157 8247
7514 -1661
282 6825
3713 9828
3794 995
2561 -2443
5148 -9500
-6477 -4431
8007 -835
-2797 -1139
-3998 6298
9786 -7122
-9691 -259
-8689 2828
9504 7155
8480 9697
-1950 7665
5225 2100
9624 5834
3194 1472
-7352 8966
7929 -608
-8348 1742
6754 -2805
-3898 8262
6567 8393
-4249 9239
7958 7410
3912 -1527
-4296 -6100
6780 -7072
-28 -6374
-588 -5304
7997 6380
3820 3911
9239 -8206
-935 -6
-526 2120
290 3325
-2212 -3550
1581 7255
-5306 8094
8912 -8931
9558 597
2937 8453
1113 6767
7597 -3071
1627 -6837
-6070 -9934
-2424 766
7665 7952
-7627 691
7155 1733
-7658 4714
-1164 7796
-2682 36
6446 3618
9074 4283
6843 2291
-6046 36
1942 4974
4874 1648
-7403 -6903
7280 -6479
4940 1614
-8841 -4383
-4510 -1554
-8662 324
5989 4044
-4181 -5175
4569 -4816
-8186 -8572
7181 1374
-5406 -16
9793 8946
-906 3940
-4224 -205
7160 -167
-5047 4775
3109 6554
6053 -7625
-2179 -612
-6901 -785
4446 7579
-3762 -6429
-212 966
-1074 -1238
9706 -9108
-8476 156
-1463 -861
-6167 -7258
3450 4991
5174 3585
9773 -7176
9362 -5651
1057 2551
4443 -8906
1363 3855
-1421 -3576
-2565 -1667
2439 -9256
9826 136
-5494 4827
9383 -5921
-6020 3695
-8804 -2833
-2547 4497
-9737 -1511
-3068 2262
3053 759
-8732 -4889
1808 -2995
-5774 3849
-1779 777
-5209 -1639
2447 -5435
-4154 -6847
-4755 -1079
9307 2180
701 -5227
7571 9705
6345 1912
127 -3812
-5438 -1053
241 -5137
454 -6723
-8390 -4321
-2743 -9151
-9151 -5667
-679 -6077
6284 1370
1411 6688
-1106 2955
-6211 -6370
-176 -315
2809 -2913
3984 4137
-8096 1421
-3065 -1863
172 9960
-7935 -864
661 6486
-2230 -99
-4345 7723
-6504 739
-4161 6703
4168 -6914
-9954 1503
-9634 -9866
535 7301
-7190 -2878
6891 1516
6170 -466
-2864 8686
369 -1762
3065 7438
9245 -8239
-6180 -3600
1034 -6588
-3980 -5604
5311 -6115
-1571 7834
-5735 2665
-9290 -3788
-5848 -4879
9773 6280
6350 -6563
1064 -9019
-8168 -52
-3204 3397
-3120 2125
2042 -1838
4135 -5276
-8510 -1445
1401 -4636
-1299 9149
6556 -7284
-5831 -6172
-4179 -5829
866 -1563
-9710 5428
9912 -289
5443 -3124
-5060 9471
5763 583
4161 2353
-9494 224
-8945 9527
1325 -2575
-3205 5891
6487 -3395
9140 4105
-8016 4558
-8065 -9997
2006 7737
-3434 -9625
-5050 1701
-2210 -9119
-1596 -6591
-8312 323
5717 5928
-8163 -4246
781 -1466
4560 5058
2578 5833
-7439 -6895
-1596 7354
-6939 -4442
3549 6462
7522 7111
-9634 -3762
9220 -7284
6681 9453
-1242 -9296
-5166 -8269
-3969 -125
2947 1988
9504 -5798
-9322 -2430
9903 -2880
9100 1939
-7291 -2181
-1289 -1246
-9018 -2075
9502 1699
7972 -7303
5383 9302
7871 9147
3113 -960
-5508 7981
-5931 5992
-6856 5659
3961 -1938
3086 1409
4899 -4158
-1323 1851
-1189 -5525
-1105 8065
-9906 -5167
8157 -4570
-207 7788
4838 2476
2457 7959
6611 -6629
-2767 4005
9676 6740
-3296 8855
9908 -6592
96 8817
9351 5224
9416 -2823
-9765 -9530
-1853 -4762
8205 856
594 5517
-8344 9879
2832 9641
-5379 -3591
-9286 4064
687 -9161
8308 8427
4979 -6163
-2101 7543
7874 7228
6309 -9085
212 -2863
-5628 -9070
5917 -6998
9950 -9278
5975 -4897
-2877 -195
5927 -5025
-5801 3082
9100 -4486
-1597 -9113
5595 9842
-7657 3194
-5089 3253
-6091 308
7489 9987
-9830 -2075
-7026 2019
7796 3841
-4594 -7016
1320 -1244
3010 5345
3527 -4376
-1616 6528
6851 8871
1717 -3934
4549 5504
-1437 -9346
2934 -6416
-2227 2456
-1167 -9683
6459 2566
-9523 -8740
1271 1300
2109 5778
-8809 1665
-1741 -9372
4650 -1276
-5782 487
5751 596
-8504 -8482
9711 72
7088 -7536
4914 -5954
7699 -2449
1779 6931
7279 -7386
742 -1035
2691 782
-3399 9231
-9800 6908
1530 8826
2179 5813
1614 7882
4088 2695
6242 6225
-6328 6270
-6981 -640
-1389 9569
-9485 -6446
3847 -3456
6408 -8322
3091 -3827
-8997 150
1771 -1803
-9646 -7982
2696 -9134
-5714 -207
5238 1304
-9529 -1937
-8458 6659
-2763 3870
2969 7513
-4253 2532
3715 -8557
5834 5269
-1694 1762
-3397 3081
9085 -8605
4180 454
9726 3177
-1463 -8495
4515 6091
-1749 -6753
-5770 5852
-5828 -9886
-292 -5696
-3404 5910
-3167 2720
-758 5431
3538 7530
-8328 -2658
-6866 -7190
-6492 -3221
6903 4294
194 4548
-9342 8054
1926 -8675
-7266 8394
3694 -4484
6704 -1942
3295 -4072
-1447 -8886
4355 -8738
932 7995
4610 6454
5211 9238
-410 -7288
4423 9498
-1065 -7427
-2013 3362
-5919 -1490
-3073 -8044
9455 -5649
5827 1349
4488 -3752
-5170 1277
297 -2680
1258 3841
6205 -8885
1943 1487
-2496 9728
8065 4578
2441 -1343
4691 9951
-6400 -4736
9142 7764
137 -7892
-7892 -4043
8080 -8889
-1473 306
6724 9008
9537 3692
7349 -3448
7024 6670
1543 1915
-8170 2243
-9082 3647
8876 -6206
-1487 1023
-3656 -3015
-1893 -8819
845 -8068
-7042 7570
171 8403
3726 163
-155 -9077
-3468 -4313
-844 -8295
6049 6433
1040 -5970
7105 -8587
6753 -6906
652 8998
-5776 -1358
1317 -6674
-4680 -8039
4079 -2654
-3987 -2740
-9728 -6460
-255 -7330
3176 -7383
-1708 -5293
79 3913
-6026 5154
-3880 351
-1408 -7639
-9750 -1466
9011 -750
-6739 -3569
-4024 -707
-2480 -9878
9403 -4718
-9270 -4272
1622 -8971
3043 2567
-666 -6255
3270 969
2297 -9056
5325 -7531
9550 4892
3401 6500
-3998 9086
4676 -5081
-5272 8206
-2356 9519
1338 2989
7778 -9555
-6624 -7284
6357 4662
4667 5415
-4830 -4780
-5730 7470
-9661 -902
-3286 -7976
-4700 -928
-4079 -8217
-7927 9418
-8427 2656
-3241 7046
3346 7766
2845 2513
8738 4261
-6419 5420
-5447 -4436
993 -89
-1630 -8778
7086 5732
-462 -4062
4216 4979
5363 -4372
-7273 -4138
-2213 3850
-5216 -3949
5763 1424
-5121 8618
-221 -4426
6945 -4553
7561 -3854
-9566 9628
7740 -3598
-7944 6520
8332 -6213
2414 -5471
4776 -2378
-7712 -1212
4345 -9500
-9177 -8456
3532 3572
-1963 -6188
3299 -5879
-5525 -3379
-5273 -6765
-450 -6248
5591 3946
-1924 9984
7106 -5971
5150 3128
9751 -4252
-767 -8797
-225 -3934
1974 7067
4745 -5221
-6353 6635
-1853 -7165
-9495 -6309
4440 -7713
-7589 -2131
2811 2605
366 -6236
4487 -8434
-8667 -2916
9045 1519
-718 8967
1354 7669
3523 -7168
2016 -7863
-2449 -9711
8155 3941
371 -2231
2946 -3638
-2887 -3783
4749 8838
1409 3545
-4898 -6857
3254 9648
-5935 -4091
6103 -2733
-2025 9871
-591 -5636
-3696 7551
1881 6400
-3536 1344
-8918 8930
4581 -1445
-2840 3495
8690 -8234
-3762 9185
-7730 -6280
-9164 1761
3702 5758
-6971 3192
3282 8725
8868 6274
-9103 1586
4409 -208
-7080 5116
7168 6887
-1175 -5901
6962 6246
-3184 -9011
8462 5667
7912 -1118
-4469 -1362
2213 4240
-5473 -4901
3862 -7203
1651 7763
-7695 -339
-4933 -3905
3831 4496
860 1409
2603 7897
8971 3804
3366 -5989
3134 -3877
3508 -6771
-1802 411
-9088 8941
350 -3754
-6632 -2454
3718 4784
-5532 5017
-4520 -4852
8640 2809
-1530 -4014
2207 2000
7958 4449
-3070 4332
3737 -4054
2804 1610
-5802 7932
1537 -373
1093 -7612
-6430 -4028
5844 -4568
8927 3844
1626 -8857
-1610 8448
-2616 -656
-6243 -2619
-4642 5585
8104 -584
3796 7345
4888 -3399
-1508 -6876
7755 -1846
-7663 8794
2348 8571
-657 -9662
8323 -9530
-8821 7438
-7176 -2237
-5940 1793
-8721 -702
483 -4059
3947 -1232
6147 2709
-6336 5800
-4381 -6759
-3189 -4652
4232 -8493
2354 -6608
-4589 154
-1235 2540
9139 4813
7969 6497
1046 8580
-6618 -4637
8651 8438
-2265 -6121
-6386 2296
9194 7866
5348 -9319
-393 -953
1305 8556
9364 -1250
-5718 -4996
-6654 -105
-1738 7207
9320 -8703
6212 4115
-8641 7265
9086 3639
4892 2383
-1191 6900
-8155 1689
8193 -1826
-1513 6058
1670 1179
-7760 -7415
-6679 -9065
6269 -2843
-8489 -4995
5757 -1594
4898 -8603
-8346 7479
4672 8237
7887 8576
-146 5334
-9739 8950
3586 953
7456 4494
-3516 2465
9521 7077
-3907 1223
2684 -9826
6562 -8543
-289 4372
6142 -361
-4032 -3285
-6257 9797
-9348 -6245
-3669 607
1064 -8527
-3681 -9141
849 -1974
8540 4320
4998 -7789
7238 2566
-9629 -8967
8549 1794
7900 -4334
-4936 6266
2788 -675
-7266 -4341
731 9693
-3553 8581
3539 1936
-7451 3789
-3629 -3005
9733 -5382
-5815 -7854
-9724 8767
-4829 -9013
-5335 4152
216 6975
-8328 -1806
-6505 9316
3807 -218
4151 3651
-1463 -136
-496 -7686
1469 1249
310 4426
8937 -7658
-4178 -8733
7239 -1248
6258 7220
4686 -3279
8256 5933
-6487 9104
8208 -4058
-19 9600
-1251 -1696
-4992 2755
2131 -1585
498 -7920
-1176 1894
8661 -41
9960 -1587
2743 -953
2165 -9617
-1866 -8731
-2035 -5961
-1669 5827
-3961 -1137
4741 -6112
-9574 -5997
-9159 -621
9332 -8062
-1962 3092
-6302 8600
-6405 -7677
100 7427
9878 -4275
-5402 5098
7794 7565
1358 -197
3650 2702
7132 9832
-3839 -1346
4269 -7355
-9740 -8052
-5257 1921
2886 1004
-7588 -6575
5809 -4480
-5789 -4902
-6276 -4813
-595 9998
6442 -4684
4903 9363
2759 2261
5772 9231
7792 2909
-7579 -3645
4750 1188
-868 2329
-1259 7810
6594 3912
-9913 8757
9107 9858
264 8071
-3599 6735
-9502 -8866
4406 1286
-912 -9283
4074 9600
-2033 -1370
120 -5521
6924 2572
4157 9512
-9226 4101
9241 -1057
-6422 2549
5660 -4548
8722 -7176
-9996 -2353
8110 -7416
-4300 -6220
3021 -7731
9267 4247
7825 3679
-8046 -5737
3908 -3413
-3245 -8289
8296 -3210
5078 9038
4686 -7482
-4150 8371
-1754 -4190
3369 2589
-478 -5206
1996 -3837
5291 8049
-688 -2237
2031 7324
-4769 -8243
-9952 -6241
1412 -2911
-9087 -39
-7334 1448
-9091 2795
-8358 7444
2770 -307
-3492 7094
-8738 6273
-1368 5045
7571 851
-9622 6163
-8947 -3274
-7378 4655
7362 -8406
-7922 -8022
-8386 1500
7796 -9848
1828 2297
4285 -877
6931 6368
5685 -5007
825 8776
-9614 -6041
5860 501
-883 -7713
-8601 -2537
888 -5920
-9615 -5397
-6502 7820
-2665 1549
2711 7928
532 5681
8664 2722
8382 9571
-9939 2662
7354 -9908
6247 7607
1411 -4968
171 5444
-2582 -2485
-8108 9518
6873 -200
9018 -1976
-7494 3798
-2886 7201
-9174 -9350
-2336 603
-4517 5680
3536 8662
297 -4756
-8767 9175
-9863 9373
9372 -2442
8542 -8811
8271 3470
727 -4336
3360 -2577
-1328 9506
-1119 4358
6926 1893
6151 -8012
4237 -5622
-3931 8714
-8570 -3997
5844 -4131
-8292 -4223
5782 9219
-9481 6798
3593 -3570
8825 -5649
4552 -6113
-9706 9688
-2598 -9117
3055 -6429
7367 9992
4399 4996
1467 -1490
5639 8774
-9489 -3059
-3071 9793
-4372 -6481
-9566 -4940
-5320 5650
2808 5643
-2299 -1369
-790 -1592
-6563 4507
3226 -74
-7230 7629
6033 7030
-838 -6583
9101 467
-8188 3606
-4456 -4710
6298 6045
-4844 -3902
9104 577
8912 -1203
-863 6611
8367 -6722
-8761 3787
7643 966
1543 2913
8276 2979
-3696 6768
9619 1612
-460 -9705
9551 -845
4591 7805
-8675 -5663
-1121 -8124
-8550 361
-2352 518
-4528 3301
-5337 -866
-7311 3389
8732 8204
-2430 -8386
8397 -9910
5287 6801
-4137 734
-8532 4154
-2367 2774
3588 8462
-7321 6251
-2875 8634
7820 7912
-2979 3369
9571 2133
-5392 9953
8430 8777
-6253 -1481
3022 -3988
715 921
-4104 -2243
5457 9486
2712 -9378
-6711 -5924
4902 -5218
1183 3914
3627 -3915
-7171 -5486
-6620 -1127
1019 -345
6097 9358
6405 -4007
-3502 -6011
9283 -2632
-6215 450
3091 4311
-8925 -1141
-1253 -5081
4081 9303
1930 2248
9504 -5316
8030 743
-8314 8815
-8758 136
7642 9121
-2493 -5530
7798 8536
-2921 -3508
-9973 1101
-1044 3222
471 -3161
-9226 -6422
-8502 -2726
-3433 6759
-9036 8975
-1258 7014
3167 -4933
4438 -4566
7127 -4083
9844 -8777
-4227 6229
-437 -2266
4025 6611
9812 -9269
-7128 6062
6262 -4077
8897 -9157
8755 3817
5237 -6748
-2771 2963
6363 2139
-243 5967
2371 -4681
-4414 3269
-3886 -7515
-9677 -1081
18 -50
-4868 5620
5923 -2656
-9324 2520
-7943 2693
-191 -8877
806 -9529
8717 -3324
-3578 7401
6975 8573
3631 1391
923 1933
-8753 8303
3816 -1996
-1739 -7485
619 6399
5036 9289
4233 5366
-3549 -6658
1723 4699
7729 -4319
-6494 7962
2884 -8787
-1105 7059
6573 -5164
4941 5146
412 4872
-7706 -8862
5275 -8555
-9887 -435
-958 4883
6551 2713
7392 5917
6810 -4535
-7429 -2423
-5040 4270
6561 8294
2260 5227
1444 -2125
5119 72
-9020 -9661
2841 9967
711 -1449
2148 1677
9634 5520
6342 -2783
1676 7727
-4268 -4449
8194 1737
-7811 -741
228 2621
591 9351
4152 5098
3878 2560
3938 2153
5362 -7576
-7167 -3146
8593 -7244
-1690 9383
-9264 1556
3390 7222
-4857 3577
-2842 4744
6541 8600
-7416 -249
-1397 -3878
-3169 -9126
2030 -5638
4425 -5896
778 -5832
-2506 -5588
-6144 -7039
9118 2039
-7706 570
-5922 -2252
9901 4820
-2716 2170
7523 -9065
1901 4175
-5016 -9471
4745 -7483
-1955 -852
9823 4657
-7276 -5908
-6956 6683
-3006 -5792
-913 8573
4391 1297
-1222 -5499
-8176 1761
-5621 9414
-3468 -5137
-1993 -346
3610 8873
4428 6147
1235 -492
9177 8
692 -2409
5871 -1543
8976 -3174
-7147 9276
7405 -6007
9364 5220
6759 1131
4315 6373
9943 -8886
7915 -5754
-8620 -2580
-2372 -8416
2024 -7764
-2471 -984
2105 873
1672 1679
6369 9946
-4369 -4560
8776 2644
-1106 2617
-9797 -9789
9810 -7163
-9548 -3060
1605 9103
7438 2835
3711 4582
-6067 -5616
-466 -2404
4507 2642
-3248 -9790
-8411 6314
-9545 4481
-4104 6363
2957 3520
8680 967
9593 -4831
5546 8025
-2509 5783
8839 -3268
9457 2453
6538 -5738
9529 2976
-6231 9136
9010 -4626
-3142 -7653
-9235 -3564
4600 363
-9904 422
-6739 468
7603 1612
4399 -4557
1764 9507
-6403 -738
-1343 -7552
6526 -3696
-41 1515
551 -821
-2666 7068
-4691 -4491
7811 -164
5252 -8534
-380 -5930
-883 -7155
-5188 9962
400 -5145
-7669 4291
-4443 -5652
-53 -6339
-5748 2905
7379 1247
-1619 -5161
-695 5061
-7286 -5845
2305 2278
8086 -9024
5128 -6574
805 385
5987 4347
5395 4017
7007 -2057
-4939 -808
-7002 -2660
-6011 874
1877 -7394
9532 2958
1630 3781
3449 -7239
-5710 6225
8728 -526
-7138 -1458
332 -2487
1347 6192
-8061 8866
-9411 -2093
8652 -7848
7912 8886
-3234 -4651
-5934 2947
-2771 -1942
-9836 -7919
8387 8296
3345 -5059
-1208 -5367
8763 -7713
7255 6275
9562 3618
9875 -84
-2446 838
-743 -9889
3657 -2853
-3831 -6339
-1420 -749
-8093 8768
5421 3606
8655 -2965
-3654 5344
5923 5415
7257 -6453
1628 -1109
7817 6602
-6421 -8772
8092 -7574
-1229 -2772
-788 -8471
638 -8392
5337 -4025
-136 -2315
2637 -7296
-4985 3994
8268 7716
9075 1566
-1485 -7282
-6859 -6112
-5763 -1270
4246 -4271
959 -4597
-2006 6119
9141 2231
-4025 -3363
3336 -8523
7558 9687
-5542 -7326
5163 -366
-3045 -7688
-3365 -1602
3469 -7066
4882 2212
-2420 3306
-7057 8561
-6550 7702
6006 -920
685 7827
5417 9733
-7493 2485
-9839 7406
248 317
-1387 8232
-6978 5986
7872 324
6582 -2191
1051 -8215
-3562 -9016
3188 -6023
-8978 1893
3127 -812
-5894 -2909
-811 8061
-1479 8388
9530 5523
2768 985
2629 7571
3111 -3844
-2406 -5909
4603 -3936
-2194 -5991
-9364 -1315
-2342 -4674
-1679 5981
3266 3433
1428 -8499
-8296 -9309
6840 8802
-5947 1453
744 3489
-6316 4776
7014 -2472
-1370 -4511
-9467 8814
-5181 -7982
-4486 7116
6186 6241
6448 8818
-9628 848
-9678 5785
-1625 -9071
6568 -6720
-6066 -4954
4594 8818
7358 -6066
-3947 9148
-7804 -4918
6650 -6741
2079 1247
9880 -7263
5694 5223
6882 3306
1421 -2710
145 -2851
5984 -2356
-7537 7450
483 -4049
-3760 4023
-9385 674
-3449 -583
-7862 9222
-1195 9892
-3350 -8670
2549 -707
9782 5461
-3311 9872
-2206 -4633
10 -9697
-6481 -5202
-5770 1477
1178 -3732
-1338 8006
8796 8818
-8382 -8845
-3417 -6901
481 -1990
3164 -154
449 9599
637 8222
9412 -7918
-7677 -8919
6284 6990
-4177 924
4335 -8340
-4799 -9899
7472 -7120
3362 -7475
7299 879
9967 8837
-9694 -8679
4421 2196
-5462 -5526
1368 652
-5071 -7089
7552 5802
-9945 3980
4436 8116
-3071 2172
-1122 4410
2771 9007
-3347 -7061
8769 -1035
-5614 6218
-1646 -3563
-3982 8989
4275 1225
-5188 -9528
1482 3093
-5970 -5137
6333 -8936
8451 837
-9084 3607
-4242 6058
-696 4078
5310 1448
7638 1631
6174 -9054
6918 647
-9599 -7214
-865 6954
-4483 -3807
-308 -1615
9743 127
4629 -8479
-8457 -2040
-191 3356
-8178 7688
19 -1523
-2341 -4643
654 -4196
4286 -352
-5798 8680
7531 -3898
5774 -7757
3069 190
2552 -2039
9860 6291
5021 -1321
540 307
4188 -7688
1985 -5264
4092 -3073
-7581 -3876
-2617 -5474
-7640 6610
-3104 8442
-7744 3186
9197 4297
8971 7457
-1061 6191
-7783 -9546
-2871 -4478
9789 -7083
-5749 -3332
-8109 -3884
-3898 -8162
-6990 816
-5137 849
-3618 9017
-4687 -9588
2137 6246
3617 8882
9853 997
-2333 -5752
-3989 -7807
7517 6302
-1636 6064
-3459 -684
-9977 9002
7040 -2219
-1430 -8239
-7622 6233
2808 -4705
-4068 -7076
1740 7609
9050 2078
8376 -7799
-2265 9657
-2573 3069
-2637 -5968
8534 -8436
-9070 7061
-8937 -6322
-8455 -7267
-3256 9067
-5999 -520
2349 3991
4233 -1566
9525 7040
-2043 -9618
-8707 -4962
2619 -984
650 1012
5984 -8193
-1911 3
-1050 -9030
6331 3137
7938 9315
-4624 8287
-5106 2446
-884 3425
-6787 1195
7641 9984
-5538 283
-1478 3528
3929 -1330
-4892 -7542
1029 3823
-6667 -9758
320 2385
-7518 2892
8580 -6582
-4031 6734
6099 7651
9287 -5742
-6702 8508
-3913 -9827
8117 -5848
-9387 153
6731 -3201
-5748 6644
-6654 -2536
2052 -5884
-8320 -3473
7541 -5290
2531 -2044
400 6125
-1587 330
-9983 -1554
-9299 -150
9919 213
-1694 -6661
1679 -9870
789 -39
4582 74
-558 -8999
7929 -3292
-4954 -7239
7274 7851
6871 -6985
4933 -7987
5362 7100
2893 9074
-6581 -8943
-1590 8969
4582 -3215
9845 -9468
-2661 3637
-7436 7905
-5226 6023
8088 3953
363 2677
6886 1249
-813 -162
4006 -6537
7508 9939
9283 2619
-4087 9075
-8479 -1615
-3889 4081
5764 -2911
5869 3835
9147 -9053
-1541 830
4486 -2463
-6146 9625
-6618 4382
5546 -3968
8949 -4629
-4047 9902
-1732 -898
6908 -7299
-5893 -4232
1116 6360
9386 -2939
-9202 7294
4589 7901
-1240 -8112
-58 -484
-8024 -1283
9260 -3799
-9847 9727
-9641 -918
-2908 5630
5194 -9849
-9293 -3297
5135 4325
1367 -9577
-1525 -1180
-6626 299
5422 711
-6990 5764
-5875 -818
8150 -1176
4563 -586
-9399 1035
-5832 2653
9126 -8976
565 3296
8503 6173
6782 9574
-3840 -5906
7459 -4411
-9075 -1900
872 -4176
-1428 1512
-5234 -2160
-904 -1523
3549 -7577
4904 3332
5327 -4701
6959 9622
-7805 -9880
-8848 -3349
-780 -3744
-9794 698
2882 -9936
7019 -1608
6529 2880
6659 -2113
-4640 -8954
-6340 8081
8183 8313
-2960 -6486
9991 -7580
-1041 -1964
-162 -9138
7079 8025
-1965 -9562
8179 7708
-5214 3050
-1073 -4014
-173 -6838
6146 8026
7784 3161
-4116 1561
8335 -952
7274 131
5820 -7320
-1857 7958
-5770 -1713
8660 7822
6926 3736
2163 8841
6854 -1424
-4556 6308
8651 -753
-1916 6904
-1965 -8010
-7185 6203
-8628 9384
-8431 -591
-3031 148
-2736 -1150
-3837 -4198
-2286 1016
7184 -8458
-5701 5659
-9306 5938
-614 6961
5247 -619
7088 4309
-5134 6083
8913 3017
9704 -7595
-2216 9614
-3867 -51
2814 4115
-696 -3273
-9530 6381
-4087 1195
-7381 -7739
-5456 -1622
3305 3666
2014 9150
7307 9631
2310 1531
1050 7567
-4206 -765
6663 -1794
-8708 -713
-1180 -8947
-4048 5128
5509 8813
-6063 -6353
265 -605
-3785 5065
6401 1187
-9049 -1996
970 2228
6428 506
-7262 1267
-2099 7391
-604 9390
200 -5785
2413 -5498
-9337 -3523
-7016 -7639
-8719 -7522
-4877 5866
1561 -993
7457 -7985
771 783
2194 7534
3583 -3739
2726 -1840
-8550 8221
4060 6937
4156 372
5323 2678
-6250 -964
-1289 -4358
-9326 -7461
8894 -2408
-2980 -1205
1483 4491
2196 8749
-5002 3103
-4384 7526
-6741 5858
-2422 3182
1603 4787
-3514 4608
-849 3532
2193 -3237
7874 4186
6011 -3139
-5277 720
9823 397
8419 -480
-7987 5849
6819 -5854
-1266 8357
4097 -2324
-3555 3490
2432 -1554
-1261 3842
670 -2923
-3580 -174
5594 -127
-1407 9267
-610 -3491
-4105 3573
-2531 -4421
9363 3339
-9313 7149
-3797 -2645
191 -3606
-6132 8478
6041 -2176
4214 -1676
8286 -8877
1163 -9347
443 -2038
-2164 -531
-6870 5379
1726 -5878
-2668 -8985
-1097 -3104
7727 3583
4224 -7683
-1444 7220
-4448 -2112
7443 -6253
8850 -807
-2888 -619
-7487 6996
6543 9064
7417 -8644
1436 8653
-5688 -7226
3511 -952
-6664 -2532
9552 2671
-9924 525
1474 1090
-1136 -5423
-4284 -8845
-3292 6754
-2684 -80
5228 3360
-5472 -6921
-1238 5386
-3528 354
3799 4792
2625 -9218
-6959 5242
-4989 7842
8197 2569
6007 -5213
1220 -6140
4457 -1204
369 -5734
2801 -7335
1913 9652
-1482 4509
328 6037
-919 -3431
5639 -9409
-9253 -7393
9399 2798
-4620 8903
4839 -8033
-9858 -5049
3043 2585
6886 -588
-9738 1671
2850 7779
4074 7570
-223 -4480
-3562 -1557
-1712 2791
9820 6488
-2093 -5774
244 7242
7723 7051
-8358 9475
-5455 3668
-4208 -1405
-8579 -7651
-935 -5568
-6857 -2586
-1847 7301
2367 7493
-4381 -2350
-5125 978
-3019 -321
383 8188
-1599 2482
661 8791
-815 3158
7125 6179
-9660 9271
-8394 915
-5259 -6101
1231 2826
4841 4330
2286 -4822
-7176 -3314
-3595 -8095
9836 -7778
7121 -874
-5720 -6242
-9257 -1203
-1636 5632
8438 9591
-7938 111
941 1311
9697 4623
-4541 3859
38 -5926
-5713 -9761
-5450 -8200
4861 -6073
-8031 -7442
3869 1584
7803 9674
-7144 3025
-5959 -4644
5368 4395
8282 -5017
4444 4767
-1879 -1544
-1545 3786
-2898 5545
-1479 7930
-437 8601
-2145 -7734
3661 -2516
679 -2093
-5601 -6521
-8515 2562
-3543 -4858
-6459 3468
7638 -5733
129 1669
-3137 -2527
-6847 -9989
7846 -9537
7254 -1211
-4952 -6897
7691 -3365
1757 -1130
6286 8942
-2563 5892
2110 -5790
6755 -2318
-5876 -8892
-8507 -1999
2523 -5464
-2447 5623
9790 -5194
-220 3169
-68 3859
5689 -8996
-6779 4143
9110 3863
9371 8475
1133 5076
-1448 5227
1498 6691
4578 -4744
-1468 2833
2296 -2180
9813 -9090
8996 -1784
-8461 -2877
7126 -5449
-9729 9224
5471 -3306
7289 331
1150 1302
9401 9966
8491 3029
5222 -6936
7086 2701
7353 7856
-5735 5005
-7811 -6449
-660 -4740
-6511 -2155
-8978 9580
2531 -1416
-9988 -609
6266 7697
-1454 -522
5216 -7631
-619 -8258
8966 -8328
8831 -182
-5720 -3070
-2847 -3244
8193 6251
-9208 1925
6284 5047
-7186 -6215
7696 1259
-7549 4511
7912 -3754
-461 7645
-5644 7974
-1558 -5778
-7551 8533
1873 381
-7533 -9154
6947 -9032
-347 -7991
8682 8586
-9145 2139
4421 -5895
5285 -2415
3816 1354
-9600 -5245
-8057 -578
1949 -2023
-8687 1305
1225 -4878
20 6352
2499 -7769
-2248 -3330
-1111 3106
9206 4418
-9474 -8152
726 -9723
5829 -9168
-7367 3797
7116 3157
157 8120
-2130 -4292
-946 -7421
-502 -4680
2344 1538
149 3201
6568 2247
-1279 -1971
2882 1235
-3966 -8232
-4036 -3221
8034 -8403
7443 -2342
-3259 2567
492 -6284
8098 6758
-2642 -416
8460 281
4372 -5913
4768 -1232
-5248 8489
7328 699
1389 4208
6841 -2930
9215 -8479
-6752 -5276
-6043 5009
886 -5802
2969 4960
8032 6787
1889 -7714
-4742 8263
-4737 -8518
9168 1695
-8838 -5598
-2009 4307
-9809 -8003
1085 25
-9197 6843
9068 -4849
-257 5223
511 -8092
-1019 -1080
-5477 6273
2811 5535
9623 -4476
-5299 -6194
3759 4501
-8877 3472
-6587 -5482
9345 -9901
-8636 -8201
-7359 1673
396 4583
7445 -4262
-9064 6297
3254 1703
-3395 -4713
-6201 6927
-4854 -3737
8196 -8602
-1547 -1552
8977 4808
9466 6855
789 3387
8353 -5619
3848 6673
427 -3248
-3699 -1103
4724 -1493
8998 9055
-5487 5961
-3327 6515
-726 -6678
8786 -7595
4085 -4321
9350 7434
-7096 -8677
-6585 7565
-9658 8916
8464 6124
-1365 -4781
-6061 2821
8265 -6869
2162 -6583
-3538 7180
2442 -8379
8305 8543
3899 9297
642 -7638
7010 -2012
3528 3341
1893 -2728
-9397 2819
-8729 -3012
-4995 -8238
4204 -4051
-4549 -7469
8800 -7405
7643 -551
4022 6140
-9294 2906
3474 4249
-2798 -9144
3452 -8369
-6446 -1983
890 -5927
8526 6292
-7536 -3466
-6115 8531
-7958 -5161
-3680 -9028
-6135 -8133
5785 7166
9045 9267
5266 5267
7339 -8210
-7861 -8462
-4508 -2108
8849 9696
4660 -6745
9780 -7606
4136 9842
-6772 -9171
6805 4422
8692 -2064
2989 -2550
-3437 -3412
-801 1461
-8443 9367
-2099 69
910 -9361
8923 -2483
9110 -4957
4077 957
-9006 -4063
680 -8185
3946 6292
6408 -5486
-5050 7795
-1786 8081
5060 -8974
2444 2517
6301 8100
-3458 1657
-5759 -5228
-8429 -6056
2613 -4558
-6452 -661
8049 -5453
-8845 6906
8690 -6522
-756 -5562
-5859 -4371
4017 -7309
-8236 -8688
7312 -1150
-344 1829
-6792 7612
1877 -2275
5795 -2945
-7575 -8468
-180 8368
890 -2504
-9264 -7555
7312 -321
-7221 8336
-862 -3039
942 -1670
610 -8773
-9951 -53
6666 -639
3986 9227
-4508 9956
-4375 1069
3771 -2278
8985 -6459
6506 199
377 -1937
313 -7822
1370 -494
6995 7083
-7225 -7354
6797 -3287
1852 -6484
-3013 -6352
-1655 -5596
-2377 -8400
-8939 5896
-8473 8581
-2133 -8999
8039 -4516
3766 -2109
-8292 -6210
3593 2304
4144 -8455
596 195
2614 9766
-1513 -9818
-6757 -8302
-9583 -8557
-462 -8669
-7733 7746
1314 -1132
4875 595
3515 7120
7630 -8272
-3417 838
2096 -5536
458 9758
8868 1359
-738 -4290
-3975 940
-7771 3015
463 -9440
-3372 -9423
4109 -1470
5365 -7556
-5270 -3007
522 -6382
7691 -5782
1789 -5000
6654 -7607
3766 -9194
-6559 8459
5133 4619
3682 4686
9794 135
-21 -2050
6218 3560
1059 4865
-7485 946
-7547 6099
-1300 5743
907 -5516
4434 -2725
-5280 -1866
6022 -7762
-8618 8751
6213 5984
5267 1383
4500 78
-9329 -8808
-3017 8981
8979 2961
7745 4167
-7860 -8733
-2368 -5971
-6538 8991
-8448 -5276
2469 -2423
-667 -5666
-165 4263
-4013 -9816
-33 -9800
465 6750
8940 -2048
-4342 -8794
-9571 -9936
3023 1263
4177 -762
-2233 -3976
-9197 -9731
1149 1347
5810 -8624
4615 -150
4260 -3871
-5053 3648
9146 9306
2261 700
4801 -4142
3214 -5006
-1330 8017
-6996 -4782
-8005 1328
862 959
-2227 -9338
1188 -7957
-5031 7517
4328 -9592
9772 4643
7175 6258
-6307 -4610
-3471 2063
8471 9734
9750 -2477
2515 3223
5186 -5033
1075 5031
8861 8492
-6197 -9057
-7263 6111
-6711 5378
-226 8748
-3440 7871
-6549 -2424
-5036 7109
-9238 -3325
338 5926
1890 942
-153 -8603
3178 6503
3207 -2906
1278 -4178
-3556 4962
-7188 -9897
4776 8451
5924 9824
7493 1749
-780 -6228
1501 -4066
7922 -3977
-9464 5144
-859 9182
7257 9824
-6205 -957
7729 8354
1250 -8747
9035 -6504
5844 675
-3753 -7617
-3902 2045
5568 3432
-7908 5044
298 403
2631 -7897
-3343 -4443
4482 3523
3898 -8726
-2538 9984
557 9062
-4894 -7867
4298 2595
5449 -2023
4304 -4012
2366 -5185
-5960 2179
-7099 -6867
9210 -3579
-4129 -4256
954 3778
-3534 8097
8639 -5551
1588 -6437
9701 8596
-79 6350
-3554 -4958
9292 -7858
-9259 -9042
-9591 -7907
-4048 -695
1852 -1531
1004 -6076
5923 1162
2602 7909
4217 4584
-7085 -9457
-9549 1692
-4157 -1249
9304 6564
-8812 4537
-9894 2879
3621 7218
-8136 4374
3817 1159
1469 1200
-3313 9624
-9339 20
4607 7373
1557 -6440
3681 6134
-3323 -7951
5178 7231
168 -425
-6886 -9294
-3750 -1723
-7832 9827
-7237 -1704
-9822 9302
5256 2574
-5158 8166
9601 -5713
4875 6495
-1001 -4995
9351 4281
8777 -7072
54 6260
-3692 8534
799 -4347
-3373 1029
-5163 4825
1386 -7749
1947 1468
3838 -4152
5057 -841
-5319 5156
1611 3127
-812 -9453
-687 6563
7912 -2635
8441 -6237
1441 -9663
-7381 -8683
-8776 -5591
-9111 6833
-5593 -9005
3827 -6476
2568 -3302
-6708 -2574
5491 3316
-8436 958
-3336 -5077
8643 4582
1796 4774
-8860 -591
4256 -2062
1531 -5482
5953 9037
-3748 -1779
-389 -7093
6250 -5057
2571 -5980
-3971 -6109
1740 -6152
-2104 -2667
-5657 83
2331 5412
-1881 9489
8111 1587
-442 7251
-8113 5521
4365 -3654
-1375 9999
2322 6124
-3868 1545
4812 -4961
7004 9330
-8444 -9517
-6561 -7040
2674 1234
-1664 -7186
-7918 5012
3173 7291
4973 5384
4575 -4644
-4089 3563
6703 2268
4035 -1331
-8337 7111
8627 -1313
-4730 8658
-365 9801
5705 -6566
-7393 4530
-8378 8198
3810 2305
-9545 8885
-1125 -7618
1721 -7515
1992 -3719
1876 -1217
-1014 4908
8132 -577
4288 -5585
9325 7618
364 4931
2558 1958
7023 6750
-9033 4307
9514 -2027
7270 -3005
-3666 1459
5750 1769
-1340 -4239
-6646 -6577
2658 -3742
-9940 3123
-4633 3586
-7158 3283
1074 1267
-1285 8860
8103 -4899
6935 -2348
7272 -3778
1799 4810
-3740 -9073
-1294 2964
-4642 -300
541 3125
-3481 2454
8124 8863
4319 9252
9002 6582
-3908 -8506
7188 8357
8221 6481
-7322 -256
-5691 -5998
-6933 1460
6961 -3050
-4383 -2698
-5502 3711
-3560 8275
9232 -6661
-6908 4442
-4318 -382
8882 5558
-920 -3857
1344 8497
-927 -1100
-7916 9937
3091 6290
7765 -2946
2056 4989
-3955 -9930
8106 3147
-1372 -7595
-5045 9740
4973 -9839
-172 -4725
314 -2619
-9154 -7419
-9908 2953
-748 128
-5680 9984
-534 9415
-503 -7223
3517 5300
6182 -6833
4366 4765
-532 4735
4974 5622
-3401 -406
-4856 -4787
6184 6535
-3177 -8568
3268 5429
8171 -1574
-6671 5056
-5939 -8931
1622 -7657
6077 7269
3980 2524
-9375 2436
-4569 9973
1017 -2427
-1934 8615
-3008 -9628
-2659 609
8886 -1418
7900 7284
10000 2701
77 -7127
4657 2346
1831 2808
2975 -7392
4109 9847
1452 1918
-5424 -3002
-7505 -8049
8620 -7780
-4578 -6972
8704 4825
-9876 -5119
898 3233
-6671 1555
-8838 7889
-2177 -9562
-979 -2554
-7377 6543
-8768 -5883
5534 -2904
7649 -1639
-4710 -5936
42 4154
4542 3604
9223 4349
-4530 6505
149 5830
-5315 -5944
-9594 -6887
4138 -2876
-9962 8706
-7849 5466
-8787 -5208
8748 -2994
-9260 -5219
4209 3404
-5257 8480
-1535 155
1443 786
9977 2714
-5094 -7522
-7812 -9635
-8760 3662
8432 5708
-2868 8360
-8867 9560
665 -2947
-9851 -3922
-7165 7865
-7074 -4264
9825 1159
-1547 1719
-6688 9892
-6851 -8460
3376 -7226
-6027 5406
-8964 -977
7879 -8712
9602 -3567
-2535 -3821
9416 -5104
4875 -2726
8807 -4076
8439 -9998
-5288 4793
-758 1083
7396 2069
-4255 430
9975 4910
6587 -1819
2920 -8454
-5714 5682
-9687 -6210
-2700 -429
9148 2366
-2998 8369
-2705 -1681
1201 -8787
9302 -4610
4172 7016
5991 -1506
-5036 5781
-2817 7879
-9866 3513
9271 7753
3899 -2738
162 -5459
-1641 -2301
-8711 -5238
9699 -4529
5829 -9183
-5770 -4150
2340 -1061
4224 -4875
4415 6156
-1738 -9857
-6415 7479
-3457 -9705
1081 -9436
7914 -2644
7826 -3475
2388 6584
-530 7082
3734 -692
-5252 -8768
-5076 47
4578 -5974
-7300 -3639
-11 8138
8142 79
5835 3269
-8821 4568
-8417 -8284
303 3015
-9075 -3371
-6164 3503
-7581 -4116
9197 -5201
-5761 5455
9040 -5727
1989 1898
-378 -2424
6255 -7078
6519 -2594
9473 7613
-4205 8123
6712 -1281
-8573 -518
-1923 -6024
7142 5193
-6789 8500
-7924 291
-2552 5358
582 9523
8435 -9240
803 -6795
8452 -5921
8411 1664
2340 8072
-6295 1308
947 6104
8812 -6438
-4628 -5530
-1006 2323
-9898 5143
-8512 -4483
-6022 2154
592 -3270
-5931 -6592
81 398
1221 -1525
-8767 -1325
5904 9344
3127 8437
6477 6387
3500 6464
6706 2118
6245 -5958
2538 9781
7153 6353
3966 799
7837 -6261
-1739 8614
-5120 -7334
-3677 -650
5647 3222
9656 3571
-5826 6765
344 -7256
-1207 5756
-7349 -32
3381 -7382
-8143 -9773
-7969 4248
-1477 9986
4012 3803
6658 -7802
2114 3248
4875 151
3138 6263
-3529 -3460
-3641 -2474
4167 -5107
9037 -9427
-9696 2498
6929 -6425
4442 -8730
-3466 -9424
-2834 -6207
766 -9336
-5259 6391
-1931 -7797
22 3295
-4460 -6930
2447 -1167
3532 -9159
1185 -3343
-240 -2873
-6348 -3939
-3265 -6499
-715 5101
1858 8378
-2240 -9176
6249 6851
-623 -1674
7286 4891
-2376 1864
-3882 -2831
-3172 -2064
-1646 -7368
-2281 -8180
-4865 -3455
-8572 7628
-3011 -6921
-2026 -7012
-7078 5464
10 3031
990 -9885
-332 -6336
-5144 6544
7924 -2529
3811 -4855
-9695 351
2472 2023
-207 -6622
7894 -8255
2991 6098
-9887 -4565
-6431 251
-5360 -2133
6363 8675
5638 6726
-5688 -8243
2965 -1899
-7311 3022
1544 920
1419 5556
5471 5325
-2235 -2748
2129 -7642
8231 5130
4605 8455
-9350 -7805
9822 3318
6402 -8820
-348 -1746
-4450 8777
8383 4723
-9701 1053
2670 -6297
-6317 1679
4539 9146
-7332 -3996
6318 -1173
6102 2213
-5852 8619
3373 5555
-9820 -4781
-2678 5447
-8945 -2186
-2738 9126
-2348 3118
9507 -7216
7910 -8592
-3748 1613
5228 9456
-4176 2182
-1589 -2640
691 -1607
-40 2193
983 -4038
8975 714
-9413 5324
-5410 1323
5186 -6065
9972 3494
-4289 -9732
-1537 -7925
2736 8058
-7772 5201
1186 2843
1639 -4849
5441 -4613
-7974 4671
7130 3701
1412 -8906
7433 8162
671 -8000
-2916 4902
-8555 -9530
9748 -5948
-3714 8857
-3172 -1942
